"<HEADER software/>"
EwEVersion,"6.7.0.18858 (compiled 5/2/2024)"
Date,"10/21/2024 5:10:42 PM"
"<HEADER ecopath/>"
ModelName,1
ModelSource,"C:\Users\Matt Woodstock\Documents\USGWEM Ecospace\USGWEM_v2.02.eweaccdb.mdb"
"<HEADER ecosim/>"
EcosimScenario,sim-spa_02
TimeSeries,-
StartYear,1980
"<HEADER ecospace/>"
EcospaceScenario,exp2_04_MOM6-phyc-vint
MapRows,53
MapCols,131
MapCellLength,14.84601
MapCellSize,0.1335878
MapLatitude,31.00668
MapLongitude,-98
NoActiveCells,5258
EcoSpaceTimeStepLength,0.0833333333333333
CoordinateSystemWKT,"GEOGCS['WGS 84', DATUM['WGS_1984', SPHEROID['WGS 84',6378137,298.257223563, AUTHORITY['EPSG','7030']], AUTHORITY['EPSG','6326']], PRIMEM['Greenwich',0, AUTHORITY['EPSG','8901']], UNIT['degree',0.01745329251994328, AUTHORITY['EPSG','9122']], AUTHORITY['EPSG','4326']]"
ExternalDataConfigFile,"C:\Users\Matt Woodstock\AppData\Roaming\Ecopath with Ecosim\ewe_datasets.xml"
"<HEADER end/>"
Variable,EcospaceMapBiomass
Contaminant Concentrations,Phytoplankton

Step,1
Year,0.08333334
-9999,-9999,-9999,-9999,-9999,-9999,-9999,-9999,-9999,-9999,-9999,-9999,-9999,-9999,-9999,-9999,-9999,-9999,-9999,-9999,-9999,-9999,-9999,-9999,-9999,-9999,-9999,-9999,-9999,-9999,-9999,-9999,-9999,-9999,-9999,-9999,-9999,-9999,-9999,-9999,-9999,-9999,-9999,-9999,-9999,-9999,-9999,-9999,-9999,-9999,-9999,-9999,-9999,-9999,-9999,-9999,-9999,-9999,-9999,-9999,-9999,-9999,-9999,-9999,-9999,-9999,-9999,-9999,-9999,-9999,-9999,-9999,-9999,-9999,-9999,-9999,-9999,-9999,-9999,-9999,-9999,-9999,-9999,-9999,-9999,-9999,-9999,-9999,-9999,-9999,-9999,-9999,-9999,-9999,-9999,-9999,-9999,-9999,-9999,-9999,-9999,-9999,-9999,-9999,-9999,-9999,-9999,-9999,-9999,-9999,-9999,-9999,-9999,-9999,-9999,-9999,-9999,-9999,-9999,-9999,-9999,-9999,-9999,-9999,-9999,-9999,-9999,-9999,-9999,-9999,-9999
-9999,-9999,-9999,-9999,-9999,-9999,-9999,-9999,-9999,-9999,-9999,-9999,-9999,-9999,-9999,-9999,-9999,-9999,-9999,-9999,-9999,-9999,-9999,-9999,-9999,-9999,-9999,-9999,-9999,-9999,-9999,-9999,-9999,-9999,-9999,-9999,-9999,-9999,-9999,-9999,-9999,-9999,-9999,-9999,-9999,-9999,-9999,-9999,-9999,-9999,-9999,-9999,-9999,-9999,-9999,-9999,-9999,-9999,-9999,-9999,-9999,-9999,-9999,-9999,-9999,-9999,-9999,-9999,-9999,-9999,-9999,-9999,-9999,-9999,-9999,-9999,-9999,-9999,-9999,-9999,-9999,-9999,-9999,-9999,-9999,-9999,-9999,-9999,-9999,-9999,-9999,-9999,-9999,-9999,-9999,-9999,-9999,-9999,-9999,-9999,-9999,-9999,-9999,-9999,-9999,-9999,-9999,-9999,-9999,-9999,-9999,-9999,-9999,-9999,-9999,-9999,-9999,-9999,-9999,-9999,-9999,-9999,-9999,-9999,-9999,-9999,-9999,-9999,-9999,-9999,-9999
-9999,-9999,-9999,-9999,-9999,-9999,-9999,-9999,-9999,-9999,-9999,-9999,-9999,-9999,-9999,-9999,-9999,-9999,-9999,-9999,-9999,-9999,-9999,-9999,-9999,-9999,-9999,-9999,-9999,-9999,-9999,-9999,-9999,-9999,-9999,-9999,-9999,-9999,-9999,-9999,-9999,-9999,-9999,-9999,-9999,-9999,-9999,-9999,-9999,-9999,-9999,-9999,-9999,-9999,-9999,-9999,-9999,-9999,-9999,-9999,-9999,-9999,-9999,-9999,-9999,-9999,-9999,-9999,-9999,-9999,-9999,-9999,-9999,-9999,37.2195739746094,37.6557579040527,-9999,-9999,-9999,-9999,-9999,-9999,-9999,-9999,-9999,-9999,-9999,-9999,-9999,-9999,-9999,-9999,-9999,-9999,-9999,-9999,-9999,-9999,-9999,-9999,-9999,-9999,-9999,-9999,-9999,-9999,-9999,-9999,-9999,-9999,-9999,-9999,-9999,-9999,-9999,-9999,-9999,-9999,-9999,-9999,-9999,-9999,-9999,-9999,-9999,-9999,-9999,-9999,-9999,-9999,-9999
-9999,-9999,-9999,-9999,-9999,-9999,-9999,-9999,-9999,-9999,-9999,-9999,-9999,-9999,-9999,-9999,-9999,-9999,-9999,-9999,-9999,-9999,-9999,-9999,-9999,-9999,-9999,-9999,-9999,-9999,-9999,-9999,-9999,-9999,-9999,-9999,-9999,-9999,-9999,-9999,-9999,-9999,-9999,-9999,-9999,-9999,-9999,-9999,-9999,-9999,-9999,-9999,-9999,-9999,-9999,-9999,-9999,-9999,-9999,-9999,-9999,-9999,-9999,-9999,-9999,-9999,-9999,-9999,-9999,-9999,-9999,-9999,-9999,-9999,38.2297630310059,37.7484169006348,-9999,-9999,-9999,-9999,-9999,-9999,-9999,-9999,-9999,-9999,-9999,-9999,-9999,-9999,-9999,-9999,-9999,-9999,-9999,-9999,-9999,-9999,-9999,-9999,-9999,-9999,-9999,-9999,-9999,-9999,-9999,-9999,-9999,-9999,-9999,-9999,-9999,-9999,-9999,-9999,-9999,-9999,-9999,-9999,-9999,-9999,-9999,-9999,-9999,-9999,-9999,-9999,-9999,-9999,-9999
-9999,-9999,-9999,-9999,-9999,-9999,-9999,-9999,-9999,-9999,-9999,-9999,-9999,-9999,-9999,-9999,-9999,-9999,-9999,-9999,-9999,-9999,-9999,-9999,-9999,-9999,-9999,-9999,-9999,-9999,-9999,-9999,-9999,-9999,-9999,-9999,-9999,-9999,-9999,-9999,-9999,-9999,-9999,-9999,-9999,-9999,-9999,-9999,-9999,-9999,-9999,-9999,-9999,-9999,-9999,-9999,6.17513527291502E-13,1.09007727289168E-08,1.08163646928006E-08,1.07996056541992E-08,-9999,-9999,-9999,-9999,-9999,38.6721611022949,38.561637878418,39.664134979248,40.2785110473633,37.3318672180176,35.7798233032227,32.8494644165039,32.5094223022461,31.8597679138184,35.5863914489746,34.4772491455078,33.0395698547363,-9999,-9999,25.2360439300537,23.8649234771729,23.0205688476563,23.6649341583252,30.3715972900391,33.5188522338867,35.5207862854004,35.4439010620117,33.1527633666992,24.9940738677979,-9999,-9999,-9999,-9999,-9999,-9999,-9999,-9999,-9999,-9999,-9999,-9999,-9999,-9999,-9999,-9999,-9999,-9999,-9999,-9999,-9999,-9999,-9999,-9999,-9999,-9999,-9999,-9999,-9999,-9999,-9999,-9999,-9999,-9999,-9999,-9999,-9999,-9999,-9999,-9999,-9999,-9999
-9999,-9999,-9999,-9999,-9999,-9999,-9999,-9999,-9999,-9999,-9999,-9999,-9999,-9999,-9999,-9999,-9999,-9999,-9999,-9999,-9999,-9999,-9999,-9999,-9999,-9999,-9999,-9999,-9999,-9999,-9999,-9999,-9999,-9999,-9999,-9999,-9999,-9999,-9999,-9999,-9999,-9999,-9999,-9999,-9999,-9999,-9999,-9999,-9999,-9999,-9999,-9999,-9999,-9999,-9999,7.13204452093552E-13,2.48478322362189E-08,0.000671706802677363,0.000667936983518302,0.00066716899164021,0.00136887235566974,44.7450561523438,-9999,44.0618629455566,42.2374267578125,42.0644493103027,40.9391899108887,40.4862937927246,39.9253616333008,39.4372100830078,36.224739074707,35.2669067382813,35.975944519043,34.9799118041992,34.6278495788574,35.037914276123,33.8082733154297,33.3637428283691,32.1998405456543,29.6815719604492,26.4215984344482,23.6710796356201,26.7362213134766,29.8168640136719,34.1229705810547,36.5199356079102,36.3576126098633,34.1431503295898,28.6352233886719,22.4916515350342,15.9339437484741,-9999,-9999,-9999,-9999,-9999,-9999,-9999,-9999,-9999,-9999,-9999,-9999,-9999,-9999,-9999,-9999,-9999,-9999,-9999,-9999,-9999,-9999,-9999,-9999,-9999,-9999,-9999,-9999,-9999,-9999,-9999,-9999,-9999,-9999,-9999,-9999,-9999,-9999,-9999,-9999
-9999,-9999,-9999,-9999,-9999,-9999,-9999,-9999,-9999,-9999,-9999,-9999,-9999,-9999,-9999,-9999,-9999,-9999,-9999,-9999,-9999,-9999,-9999,-9999,-9999,-9999,-9999,-9999,-9999,-9999,-9999,-9999,-9999,-9999,-9999,-9999,-9999,-9999,-9999,-9999,-9999,-9999,-9999,-9999,-9999,-9999,-9999,-9999,-9999,-9999,-9999,-9999,-9999,-9999,-9999,1.44834153559259E-08,0.000772470026277006,45.8941535949707,45.8367462158203,45.8860473632813,46.0416564941406,45.4047622680664,44.6358604431152,44.6006393432617,42.7257995605469,42.2209777832031,40.7068710327148,40.3218727111816,39.9894256591797,38.5854873657227,37.4743232727051,37.164623260498,36.8264961242676,36.5806617736816,36.1109504699707,35.7827949523926,34.8260612487793,33.7395858764648,31.8600635528564,29.7008781433105,26.7418632507324,24.0262355804443,27.3524131774902,31.9473857879639,35.8291282653809,37.6908111572266,37.3317108154297,35.0594329833984,29.1445960998535,22.848991394043,15.9999046325684,13.9186687469482,18.1131267547607,-9999,-9999,-9999,-9999,-9999,-9999,-9999,-9999,-9999,29.7464962005615,30.6873741149902,32.4451942443848,-9999,-9999,-9999,-9999,-9999,-9999,-9999,-9999,-9999,-9999,-9999,-9999,-9999,-9999,-9999,-9999,-9999,-9999,-9999,-9999,-9999,-9999,-9999,-9999,-9999,-9999
-9999,-9999,-9999,-9999,-9999,-9999,-9999,-9999,-9999,-9999,-9999,-9999,-9999,-9999,-9999,-9999,-9999,-9999,-9999,-9999,-9999,-9999,-9999,-9999,-9999,-9999,-9999,-9999,-9999,-9999,-9999,39.1673583984375,-9999,-9999,-9999,40.1581420898438,-9999,-9999,-9999,-9999,-9999,-9999,-9999,-9999,-9999,-9999,-9999,-9999,-9999,-9999,-9999,-9999,-9999,-9999,-9999,-9999,-9999,45.4632720947266,45.6881103515625,45.7854118347168,-9999,46.179615020752,45.5965576171875,44.67333984375,43.2834434509277,42.1581153869629,41.6392555236816,40.8330039978027,40.1149826049805,37.5827980041504,36.7734451293945,37.8640174865723,38.1723480224609,37.6756248474121,37.0893707275391,36.6635284423828,35.8274612426758,34.9915313720703,34.6814956665039,34.5700645446777,32.6815643310547,31.4664306640625,34.7508888244629,36.8024711608887,39.5632019042969,40.7976951599121,39.7977561950684,37.4928131103516,32.7640800476074,29.6024780273438,27.066535949707,22.539608001709,16.7763023376465,20.0865020751953,-9999,-9999,-9999,-9999,-9999,-9999,-9999,-9999,34.2170066833496,36.5232849121094,36.0351600646973,34.3794250488281,33.5353775024414,-9999,-9999,-9999,-9999,-9999,-9999,-9999,-9999,-9999,-9999,-9999,-9999,-9999,-9999,-9999,-9999,-9999,-9999,-9999,-9999,-9999,-9999,-9999,-9999
-9999,-9999,-9999,-9999,-9999,-9999,-9999,-9999,-9999,-9999,-9999,-9999,-9999,-9999,-9999,-9999,-9999,-9999,-9999,-9999,-9999,-9999,-9999,-9999,-9999,-9999,-9999,-9999,-9999,-9999,38.896183013916,38.3971672058105,-9999,-9999,40.1106300354004,39.9838180541992,-9999,-9999,35.9838256835938,37.700553894043,-9999,-9999,-9999,-9999,-9999,41.4018783569336,-9999,-9999,-9999,-9999,-9999,-9999,-9999,-9999,-9999,-9999,-9999,-9999,-9999,-9999,-9999,46.0435256958008,46.6117210388184,44.764518737793,43.0256652832031,41.864185333252,40.4814834594727,39.9505004882813,38.7151107788086,36.6135215759277,35.4559135437012,38.4377708435059,40.1165084838867,39.375560760498,38.5872001647949,38.0900993347168,37.0843696594238,36.0907859802246,37.9585914611816,39.2337341308594,39.7392768859863,38.8382873535156,39.7680244445801,40.7401733398438,41.8765487670898,42.3204345703125,41.4502563476563,39.7140350341797,36.468376159668,35.3347549438477,36.6263847351074,30.1292018890381,17.9601001739502,20.0400333404541,24.3147296905518,-9999,-9999,-9999,-9999,-9999,34.6560821533203,35.1236801147461,35.6898193359375,35.6260643005371,36.7099227905273,37.8030776977539,34.993034362793,32.7731056213379,-9999,-9999,-9999,-9999,-9999,-9999,-9999,-9999,-9999,-9999,-9999,-9999,-9999,-9999,-9999,-9999,-9999,-9999,-9999,-9999,-9999,-9999,-9999
-9999,-9999,-9999,-9999,-9999,-9999,-9999,-9999,-9999,-9999,-9999,-9999,-9999,-9999,-9999,-9999,-9999,-9999,-9999,-9999,-9999,-9999,-9999,38.5294380187988,38.7086791992188,-9999,-9999,-9999,-9999,38.217399597168,38.206844329834,38.8812713623047,38.504451751709,39.260124206543,39.248348236084,40.1329727172852,37.1583290100098,35.5393524169922,35.8530235290527,-9999,38.4539833068848,40.5628280639648,-9999,-9999,41.0090179443359,41.029598236084,41.9501724243164,42.9102478027344,-9999,-9999,-9999,-9999,-9999,-9999,-9999,-9999,-9999,41.7249374389648,43.8739395141602,-9999,-9999,-9999,44.650806427002,44.3774681091309,43.6753883361816,42.5912475585938,41.9928588867188,40.7985763549805,39.4662895202637,35.8282928466797,34.4952659606934,37.8377227783203,39.5555267333984,40.3010025024414,40.2870826721191,39.4582977294922,38.7619667053223,37.8779144287109,38.0715255737305,39.4778900146484,39.9178657531738,39.9514389038086,40.9764785766602,41.8380126953125,42.2522811889648,42.3980026245117,42.038875579834,40.943302154541,38.3629875183105,36.5434074401855,35.8107223510742,31.1072425842285,24.0370750427246,23.4411811828613,24.2208404541016,21.2887420654297,20.8465557098389,22.3119773864746,22.8128089904785,24.8659515380859,29.6385688781738,34.9452209472656,35.0570869445801,35.1402206420898,36.371524810791,37.9269065856934,37.9070510864258,35.7761917114258,32.9145812988281,34.193733215332,-9999,-9999,-9999,-9999,-9999,-9999,-9999,-9999,-9999,-9999,-9999,-9999,-9999,-9999,-9999,-9999,-9999,-9999,-9999,-9999,-9999
-9999,-9999,-9999,-9999,-9999,-9999,-9999,-9999,-9999,-9999,-9999,-9999,-9999,-9999,-9999,-9999,-9999,-9999,-9999,-9999,-9999,-9999,38.8840675354004,38.3493385314941,38.5615234375,39.9955825805664,40.6739883422852,37.6985282897949,38.1883125305176,37.3271331787109,38.2044792175293,37.5160369873047,37.1908912658691,37.5708389282227,39.0926284790039,37.371467590332,35.4074821472168,35.494213104248,35.4421501159668,35.9914283752441,37.7669677734375,39.9036636352539,40.6837539672852,40.7732009887695,41.400333404541,41.5475807189941,42.3716239929199,43.2029418945313,43.2723655700684,-9999,-9999,-9999,-9999,-9999,-9999,-9999,-9999,39.3536796569824,40.1072196960449,42.9233627319336,-9999,-9999,44.0935821533203,44.5677642822266,45.3180351257324,43.7263221740723,42.3451461791992,40.5073852539063,38.163158416748,34.908447265625,33.6497917175293,37.4453506469727,39.3047828674316,40.7797508239746,41.1855316162109,40.4704208374023,39.8585395812988,39.3318023681641,39.3233451843262,38.6779136657715,39.890438079834,41.0375175476074,42.0152053833008,42.7109413146973,42.5690307617188,42.4773178100586,42.4690551757813,41.8451881408691,40.368480682373,37.966625213623,34.7353668212891,31.9685173034668,28.4879684448242,25.8530235290527,23.5003147125244,22.2156238555908,21.9098129272461,24.0102424621582,24.2619438171387,23.6667995452881,26.0088558197021,32.4470405578613,35.3560943603516,35.8513526916504,36.4048080444336,36.8452339172363,37.7593040466309,38.9088325500488,36.8461532592773,35.2077140808105,-9999,-9999,-9999,-9999,-9999,-9999,-9999,-9999,-9999,-9999,-9999,-9999,-9999,-9999,-9999,-9999,-9999,-9999,-9999,-9999,-9999
-9999,-9999,-9999,-9999,-9999,-9999,-9999,-9999,-9999,-9999,-9999,-9999,-9999,-9999,-9999,-9999,-9999,-9999,-9999,-9999,-9999,-9999,38.8368721008301,38.0511016845703,37.7901039123535,38.9645385742188,41.4952735900879,41.9186210632324,36.6203117370605,37.6486587524414,37.4687843322754,37.8653450012207,37.4311904907227,37.0230407714844,37.4372329711914,36.5627021789551,35.1601409912109,35.1045379638672,34.908088684082,35.5372924804688,36.6106224060059,38.8790664672852,40.3267784118652,40.5474624633789,40.7885360717773,41.6051406860352,41.449333190918,42.7439079284668,43.0822372436523,43.1447067260742,43.0286674499512,-9999,-9999,-9999,-9999,-9999,-9999,-9999,39.3351135253906,40.7206954956055,42.2959442138672,42.8795166015625,43.5698623657227,44.1204071044922,45.0512580871582,44.0617179870605,42.1035995483398,38.4306678771973,35.2023162841797,33.2514839172363,34.5851707458496,38.5782470703125,40.7500610351563,41.7744026184082,42.1515769958496,42.1867904663086,41.8813552856445,41.4603424072266,40.9076728820801,40.0812492370605,41.0903091430664,42.0501670837402,42.3754806518555,42.6209487915039,42.5927352905273,42.5785140991211,42.5852508544922,42.02685546875,40.8042678833008,38.1422653198242,33.5821990966797,31.7584915161133,30.7784881591797,25.7332744598389,19.3779335021973,20.4465293884277,21.3170356750488,23.0243816375732,24.314733505249,23.7851085662842,26.3283233642578,33.1039581298828,36.7166061401367,38.5323638916016,38.0206413269043,35.9411697387695,36.5833015441895,38.3654022216797,38.4002799987793,35.9650382995605,38.7697410583496,-9999,-9999,-9999,-9999,-9999,-9999,-9999,-9999,-9999,-9999,-9999,-9999,-9999,-9999,-9999,-9999,-9999,-9999,-9999,-9999
-9999,-9999,-9999,-9999,-9999,-9999,-9999,-9999,-9999,-9999,-9999,-9999,-9999,-9999,-9999,-9999,-9999,-9999,-9999,-9999,-9999,-9999,38.7328491210938,38.9630546569824,36.6833038330078,36.002815246582,42.1781387329102,44.1680221557617,40.5354919433594,38.5230979919434,38.6945037841797,38.4327964782715,38.2760848999023,37.7572479248047,37.2781715393066,36.6590995788574,36.236701965332,35.8636703491211,35.7928085327148,36.3442306518555,37.0858345031738,38.3105545043945,39.2583961486816,39.7881965637207,40.061206817627,40.1543502807617,40.4185829162598,40.1758079528809,41.7754859924316,42.9259452819824,42.7321624755859,-9999,-9999,-9999,-9999,39.9975814819336,39.6017646789551,39.0434913635254,39.1425666809082,39.8889312744141,40.9402122497559,42.0546760559082,43.0029640197754,44.1115074157715,44.3064422607422,42.7060432434082,40.9544525146484,36.709156036377,33.6828536987305,35.3784141540527,36.6629409790039,40.1062965393066,42.1669044494629,43.1491050720215,43.5415191650391,43.3415336608887,42.9285697937012,42.4131889343262,41.8376731872559,41.2461547851563,41.9838790893555,42.6607131958008,42.578010559082,42.5232582092285,42.5750961303711,42.6040649414063,42.5941162109375,42.1521644592285,41.211986541748,38.7132949829102,34.6757774353027,34.195987701416,35.3505210876465,29.2484931945801,20.9614715576172,21.954683303833,23.2165203094482,24.7520885467529,25.9329032897949,25.6745529174805,28.0821056365967,34.0455169677734,37.8978729248047,40.5118255615234,39.4972152709961,36.1545944213867,37.2026901245117,39.3793411254883,40.279842376709,39.5927963256836,38.7888488769531,40.5887680053711,-9999,-9999,-9999,-9999,-9999,-9999,-9999,-9999,-9999,-9999,-9999,-9999,-9999,-9999,-9999,-9999,-9999,-9999,-9999
-9999,-9999,-9999,-9999,-9999,-9999,-9999,-9999,-9999,-9999,-9999,-9999,-9999,-9999,-9999,-9999,-9999,-9999,-9999,-9999,-9999,37.596565246582,39.0736045837402,38.3895797729492,35.6946754455566,35.7215423583984,41.9470977783203,44.4583511352539,43.2064628601074,42.2907981872559,41.8859901428223,41.5142021179199,41.3667755126953,40.9529495239258,40.7339401245117,40.2377243041992,39.7636489868164,39.5174446105957,39.3351097106934,39.5296173095703,39.2540702819824,37.3364219665527,36.9107475280762,38.2935333251953,38.8524208068848,39.203010559082,39.3263931274414,39.5313720703125,39.7388725280762,39.7596664428711,40.1252899169922,40.3565444946289,40.0973281860352,39.9236106872559,40.0781211853027,39.7897644042969,39.401237487793,39.0468788146973,39.0751152038574,38.9674034118652,38.2354888916016,38.4494590759277,40.0561218261719,42.5234794616699,44.1604690551758,42.7605285644531,39.9091033935547,35.7159423828125,35.5838050842285,39.579906463623,42.2569046020508,43.2111701965332,43.6996383666992,43.7146835327148,43.5767021179199,43.3313179016113,43.0398864746094,42.7177810668945,42.419605255127,42.127067565918,42.246337890625,42.3674125671387,42.3931770324707,42.4207954406738,42.4551391601563,42.4389495849609,42.3273849487305,42.1051254272461,41.7596321105957,40.9317626953125,39.7462615966797,39.7537689208984,40.1313743591309,37.7351570129395,34.0363082885742,31.2925682067871,28.7182502746582,30.2216300964355,30.9195404052734,31.0732040405273,32.4273872375488,35.2744789123535,38.4800720214844,41.301383972168,41.1670951843262,39.0293312072754,41.0543212890625,43.6977996826172,42.1937789916992,40.4858207702637,40.3181495666504,39.9990081787109,38.6435775756836,37.753849029541,-9999,-9999,-9999,-9999,-9999,-9999,-9999,-9999,-9999,-9999,-9999,-9999,-9999,-9999,-9999,-9999,-9999
-9999,-9999,-9999,-9999,-9999,-9999,-9999,-9999,-9999,-9999,-9999,-9999,-9999,-9999,-9999,-9999,-9999,-9999,-9999,-9999,-9999,35.8854179382324,35.4688682556152,36.7222023010254,36.1259384155273,36.920711517334,41.4850425720215,43.8108177185059,43.5778121948242,43.1928520202637,42.5773315429688,42.347038269043,42.2107467651367,41.9772834777832,41.5850296020508,41.2838020324707,40.8404541015625,40.5350685119629,40.3013725280762,40.3457946777344,39.8448219299316,38.0633125305176,37.1201553344727,37.6897964477539,38.1796340942383,38.7096786499023,39.2798690795898,39.7748565673828,39.4844589233398,39.1848335266113,39.3933143615723,39.2064361572266,39.4837074279785,39.6220016479492,39.4704551696777,39.0035667419434,38.4493179321289,38.063606262207,37.7013816833496,36.762279510498,36.5645637512207,37.9210357666016,38.7392845153809,39.3302345275879,42.6974678039551,41.9879722595215,41.0792083740234,36.0789604187012,38.0121574401855,42.2016639709473,44.5876388549805,44.390796661377,44.1166038513184,43.7491569519043,-9999,-9999,-9999,-9999,-9999,-9999,-9999,42.0818748474121,42.1402816772461,42.1967277526855,42.2454948425293,42.2197303771973,42.0537719726563,41.9345397949219,41.8671722412109,41.8398628234863,41.8358383178711,41.7997627258301,41.7709884643555,41.2080535888672,39.7480049133301,35.6078109741211,32.270320892334,33.2315788269043,33.6271896362305,32.4208946228027,32.2441329956055,33.9094886779785,36.6728668212891,40.0089797973633,40.8082084655762,40.5146408081055,42.4991149902344,44.7913360595703,42.3409385681152,39.1922035217285,39.8229217529297,39.6180381774902,38.620777130127,36.7471389770508,37.0665283203125,-9999,-9999,-9999,-9999,-9999,-9999,-9999,-9999,-9999,-9999,-9999,-9999,-9999,-9999,-9999,-9999
-9999,-9999,-9999,-9999,-9999,-9999,-9999,-9999,-9999,-9999,-9999,-9999,-9999,-9999,-9999,-9999,-9999,-9999,-9999,33.8464508056641,34.6061019897461,34.0124130249023,33.5095252990723,33.283519744873,37.1237640380859,39.8897132873535,40.7179412841797,41.150333404541,40.732536315918,40.3527908325195,40.0349044799805,39.9146690368652,39.8856544494629,39.5893745422363,39.2810478210449,38.9760246276855,38.5549392700195,38.3464851379395,38.1770477294922,38.2190475463867,38.8586044311523,40.9745025634766,41.5375862121582,39.3181610107422,38.5350189208984,39.2086181640625,40.0696601867676,41.029899597168,39.7392272949219,37.8815231323242,38.1561393737793,38.4339370727539,38.2310028076172,38.0251808166504,37.8736953735352,37.2102165222168,35.9235725402832,34.8605422973633,34.4218139648438,35.3334884643555,37.588207244873,40.1356773376465,42.0681304931641,41.8687057495117,41.2326469421387,39.6137733459473,40.8327102661133,42.0478477478027,42.1870193481445,43.3522033691406,44.0351715087891,-9999,-9999,-9999,-9999,-9999,-9999,-9999,-9999,-9999,-9999,-9999,-9999,41.7977333068848,41.9051055908203,41.9228210449219,41.7715263366699,41.5853309631348,41.3604698181152,41.0981140136719,40.8091239929199,40.7203903198242,40.7025833129883,40.7768592834473,40.848030090332,37.355899810791,33.8890533447266,34.4271850585938,33.9897766113281,29.015682220459,26.3024387359619,27.8178291320801,30.5176944732666,33.823902130127,37.3127403259277,40.2820434570313,41.5031471252441,42.3516998291016,39.8413009643555,36.5123176574707,38.6963768005371,40.4497184753418,40.4723167419434,35.3036842346191,36.513916015625,-9999,-9999,-9999,-9999,-9999,-9999,-9999,-9999,-9999,-9999,-9999,-9999,-9999,-9999,-9999,-9999
-9999,-9999,-9999,-9999,-9999,-9999,-9999,-9999,-9999,-9999,-9999,-9999,-9999,-9999,-9999,-9999,-9999,-9999,31.7667083740234,32.9792785644531,33.0815811157227,35.0690498352051,33.5426826477051,32.7499809265137,36.8557586669922,39.5661773681641,40.3800659179688,40.8008575439453,40.2575759887695,39.9284172058105,39.6951179504395,39.6395835876465,39.571605682373,39.3832817077637,39.0200347900391,38.8692932128906,38.6820106506348,38.4967498779297,38.2883110046387,38.2315864562988,39.0691719055176,42.2920989990234,42.7151069641113,40.3705062866211,39.4796600341797,39.8201637268066,40.5702743530273,41.5083084106445,39.847957611084,37.1971282958984,36.4377937316895,36.073600769043,35.8186569213867,35.7231140136719,36.7594680786133,37.043643951416,35.6245803833008,34.5011978149414,34.162467956543,36.2079315185547,39.2716865539551,41.5394554138184,42.9938507080078,43.238655090332,43.1228523254395,42.8908653259277,42.5061569213867,43.1391220092773,-9999,-9999,-9999,-9999,-9999,-9999,-9999,-9999,-9999,-9999,-9999,-9999,-9999,-9999,-9999,-9999,-9999,41.5980110168457,41.4789886474609,41.2831649780273,41.0019226074219,40.6330642700195,40.200267791748,40.0421981811523,39.9819412231445,40.2810554504395,40.6478729248047,38.2759094238281,35.877742767334,35.0522079467773,33.4624671936035,28.6213359832764,24.8767929077148,23.6708984375,24.9042568206787,27.5756053924561,32.7038421630859,37.6596527099609,38.677677154541,38.9555625915527,38.4044151306152,37.6233367919922,38.5198554992676,39.3425559997559,39.2750091552734,35.9947166442871,34.8657073974609,-9999,-9999,-9999,-9999,-9999,-9999,-9999,-9999,-9999,-9999,-9999,-9999,-9999,-9999,-9999,-9999
-9999,-9999,-9999,-9999,-9999,-9999,-9999,-9999,-9999,-9999,-9999,-9999,33.2909812927246,31.9380950927734,-9999,31.578067779541,33.0516548156738,34.586296081543,33.9645729064941,31.4107971191406,34.1423454284668,36.9468727111816,36.120246887207,35.196907043457,35.642333984375,37.3320465087891,40.8223838806152,43.0571365356445,42.092041015625,41.9232521057129,41.7827758789063,41.6329345703125,41.7766723632813,41.6000938415527,41.170467376709,41.3302726745605,40.8019714355469,41.4291915893555,40.6082916259766,40.7067909240723,40.3328704833984,41.027889251709,41.4668731689453,40.815601348877,40.6990203857422,41.0223007202148,41.2222709655762,41.5375785827637,39.8017997741699,37.1663970947266,34.7406997680664,32.2956123352051,32.1392517089844,32.5227737426758,35.8063049316406,37.5268096923828,36.3931579589844,35.8165435791016,36.3290710449219,38.7312889099121,41.4249420166016,42.6495132446289,43.2740745544434,43.3744010925293,43.3679275512695,43.1860961914063,43.019458770752,-9999,-9999,-9999,-9999,-9999,-9999,-9999,-9999,-9999,-9999,-9999,-9999,-9999,-9999,-9999,-9999,-9999,-9999,-9999,41.1761169433594,41.0208396911621,40.7729911804199,40.4130516052246,39.974365234375,39.7312202453613,39.5581817626953,39.7295875549316,39.9565124511719,39.0745620727539,37.9913597106934,35.3250160217285,32.4310111999512,30.8321857452393,27.9176845550537,22.7369556427002,20.930196762085,23.1892051696777,27.337646484375,32.2286605834961,33.6596984863281,34.5627861022949,38.1837844848633,41.2969589233398,39.5139007568359,38.2246513366699,39.1005210876465,36.5970230102539,34.6509017944336,-9999,-9999,-9999,-9999,-9999,-9999,-9999,-9999,-9999,-9999,-9999,-9999,-9999,-9999,-9999,-9999
-9999,-9999,-9999,-9999,-9999,-9999,-9999,-9999,-9999,-9999,31.0994758605957,32.9186210632324,34.3228607177734,31.9031620025635,31.6834583282471,29.596040725708,31.6689777374268,36.0428657531738,35.4383163452148,33.0137100219727,35.7655220031738,38.9285888671875,38.3539123535156,37.9567375183105,37.1651802062988,37.5146331787109,40.239616394043,41.9626922607422,41.6882438659668,41.838695526123,43.0526275634766,43.2138404846191,43.2691955566406,43.034912109375,42.8082160949707,42.5743751525879,42.6463661193848,42.4961013793945,42.42236328125,42.0750045776367,41.5686912536621,41.4482536315918,41.3958930969238,41.3931159973145,41.4561767578125,41.7461433410645,42.0772666931152,42.2131767272949,41.1974906921387,39.6411476135254,36.8274192810059,33.7916259765625,33.3576469421387,33.8200988769531,36.402587890625,37.9463806152344,37.8082542419434,38.0336647033691,38.229621887207,39.8649978637695,41.8291549682617,42.6012268066406,42.9179878234863,42.9617576599121,42.9419364929199,42.8536682128906,-9999,-9999,-9999,-9999,-9999,-9999,-9999,-9999,-9999,-9999,-9999,-9999,-9999,-9999,-9999,-9999,-9999,-9999,-9999,-9999,-9999,40.7163963317871,40.4665832519531,40.1277160644531,39.7268981933594,39.4805641174316,39.2897605895996,39.3560218811035,39.4630584716797,39.3179092407227,38.9048080444336,36.4186935424805,33.5886650085449,31.952465057373,29.3815097808838,24.9152011871338,22.0769500732422,20.7606620788574,23.0809631347656,27.1581478118896,30.4472045898438,33.2080993652344,36.9720230102539,40.2917900085449,38.1649322509766,36.4864654541016,38.0245246887207,35.3564987182617,33.7055282592773,-9999,-9999,-9999,-9999,-9999,-9999,-9999,-9999,-9999,-9999,-9999,-9999,-9999,-9999,-9999,-9999
-9999,-9999,-9999,-9999,-9999,-9999,-9999,-9999,27.7213935852051,28.6613712310791,29.0586242675781,28.913761138916,30.2163333892822,32.1666984558105,31.4104995727539,29.6438846588135,31.8499851226807,36.3034019470215,36.2290382385254,34.8377456665039,37.7678031921387,40.6686935424805,40.5075950622559,39.3707733154297,39.3351058959961,38.9759559631348,39.2821807861328,39.2051849365234,39.0110549926758,40.343677520752,43.2003059387207,44.2853927612305,44.2062606811523,44.1576766967773,44.1572875976563,43.9146156311035,43.6719741821289,43.4224128723145,43.2598571777344,43.0639457702637,42.8543395996094,42.622486114502,42.4982604980469,42.4743041992188,42.3881225585938,42.3894996643066,42.4039764404297,42.4642906188965,42.4894371032715,42.5559310913086,40.5052375793457,37.9324798583984,38.117359161377,38.0586471557617,38.3491363525391,38.700382232666,38.2561798095703,38.687686920166,40.2226486206055,41.3845100402832,41.9341239929199,42.1958923339844,-9999,-9999,-9999,-9999,-9999,-9999,-9999,-9999,-9999,-9999,-9999,-9999,-9999,-9999,-9999,-9999,-9999,-9999,-9999,-9999,-9999,-9999,-9999,-9999,-9999,-9999,40.1182250976563,39.8066291809082,39.4675483703613,39.2608108520508,39.1015739440918,39.0755195617676,39.0705108642578,39.2922554016113,39.3128547668457,37.8524208068848,35.838191986084,32.6157493591309,30.1379890441895,29.1076126098633,25.7703838348389,20.458065032959,19.8638877868652,22.5583763122559,28.6277103424072,33.7190742492676,35.2527351379395,36.6315536499023,35.172794342041,34.223445892334,36.5668029785156,34.5836372375488,33.2160682678223,-9999,-9999,-9999,-9999,-9999,-9999,-9999,-9999,-9999,-9999,-9999,-9999,-9999,-9999,-9999,-9999
-9999,-9999,-9999,-9999,-9999,-9999,-9999,-9999,26.3120307922363,27.7018260955811,28.7242259979248,28.3305282592773,28.4845867156982,29.0950698852539,29.6041145324707,30.4694175720215,33.4729652404785,37.4783630371094,38.0595474243164,37.0383911132813,37.7658309936523,39.3529014587402,40.3556976318359,40.9839248657227,40.8498611450195,40.5185317993164,40.2219123840332,39.8328437805176,39.4954261779785,40.3110427856445,42.1264457702637,42.6656951904297,42.5129890441895,42.3937683105469,42.2268371582031,42.0285224914551,41.9033508300781,41.7085800170898,41.5125389099121,41.2966384887695,41.2002716064453,41.0104064941406,41.2378616333008,41.9854965209961,42.2469444274902,42.2202835083008,42.1280937194824,41.9933013916016,42.1147804260254,42.2435913085938,41.1847305297852,40.0115203857422,40.2546043395996,40.3903465270996,40.2678184509277,40.0648803710938,39.771125793457,40.1109085083008,40.9874420166016,41.5398941040039,41.8452033996582,41.9655685424805,-9999,-9999,-9999,-9999,-9999,-9999,-9999,-9999,-9999,-9999,-9999,-9999,-9999,-9999,-9999,-9999,-9999,-9999,-9999,-9999,-9999,-9999,-9999,-9999,-9999,-9999,-9999,-9999,39.073974609375,38.9084625244141,38.7859878540039,38.7335319519043,38.6893196105957,38.9049530029297,38.9818725585938,38.0400619506836,36.8003082275391,34.4677581787109,32.3943481445313,30.4926490783691,27.7406177520752,23.6888561248779,21.4050331115723,20.1756134033203,24.9453735351563,30.0250129699707,31.2611694335938,32.2522583007813,31.5824031829834,31.5666332244873,34.4109420776367,31.319299697876,30.4490299224854,-9999,-9999,-9999,-9999,-9999,-9999,-9999,-9999,-9999,-9999,-9999,-9999,-9999,-9999,-9999,-9999
-9999,-9999,-9999,-9999,-9999,-9999,20.5450382232666,26.2703895568848,26.218391418457,26.18994140625,27.6037712097168,28.4782180786133,27.9814872741699,26.1806240081787,27.8023414611816,32.0368957519531,36.1341247558594,39.3786964416504,39.3285102844238,38.3647537231445,37.8772468566895,37.2585830688477,39.931755065918,42.056037902832,42.0584335327148,41.9789199829102,41.6123695373535,41.2639541625977,40.8935394287109,40.6662368774414,40.3778343200684,40.0880584716797,39.7706832885742,39.5082206726074,39.323429107666,39.1455192565918,38.9557266235352,38.9019012451172,38.8549346923828,38.74560546875,38.6496925354004,38.5183067321777,39.2425537109375,41.1564483642578,41.9608268737793,41.8639068603516,41.6012115478516,41.2502937316895,41.0278244018555,40.8192253112793,40.9318580627441,41.0665168762207,41.2771377563477,41.4786033630371,41.473705291748,41.4017333984375,41.1346435546875,40.9796829223633,41.0004043579102,41.2592391967773,41.7077941894531,-9999,-9999,-9999,-9999,-9999,-9999,-9999,-9999,-9999,-9999,-9999,-9999,-9999,-9999,-9999,-9999,-9999,-9999,-9999,-9999,-9999,-9999,-9999,-9999,-9999,-9999,-9999,-9999,-9999,-9999,-9999,-9999,38.370361328125,38.309741973877,38.4192886352539,38.453369140625,37.9409713745117,37.3830146789551,36.572925567627,34.8236122131348,31.27956199646,28.9837684631348,28.1861877441406,24.6707096099854,18.6451988220215,20.4746379852295,24.3972091674805,25.7031059265137,26.9495716094971,27.350736618042,28.2460403442383,32.2763366699219,29.9899311065674,-9999,-9999,-9999,-9999,-9999,-9999,-9999,-9999,-9999,-9999,-9999,-9999,-9999,-9999,-9999,-9999,-9999
-9999,-9999,-9999,-9999,-9999,-9999,26.1589775085449,26.1292781829834,25.8952884674072,25.913875579834,26.1378345489502,29.2178916931152,31.1225395202637,31.777515411377,33.3269157409668,34.7804870605469,37.2834091186523,40.0841178894043,40.1456413269043,39.3521614074707,38.8704109191895,38.3240699768066,40.4151992797852,42.1044883728027,42.0818405151367,41.9306526184082,41.7150573730469,41.535530090332,41.1827354431152,40.8059310913086,40.3751029968262,40.1113166809082,39.8509063720703,39.5562973022461,39.2786140441895,39.4655799865723,39.708438873291,39.6637115478516,39.5949401855469,39.4310646057129,39.2990875244141,39.2256355285645,39.6111373901367,40.6741714477539,41.1328239440918,41.0732460021973,40.8621406555176,40.5540733337402,40.4360656738281,40.3817901611328,40.5045204162598,40.6475257873535,40.7396278381348,40.8316802978516,40.8791198730469,40.8624877929688,40.6803855895996,40.5583877563477,40.518310546875,-9999,-9999,-9999,-9999,-9999,-9999,-9999,-9999,-9999,-9999,-9999,-9999,-9999,-9999,-9999,-9999,-9999,-9999,-9999,-9999,-9999,-9999,-9999,-9999,-9999,-9999,-9999,-9999,-9999,-9999,-9999,-9999,-9999,-9999,-9999,37.9048538208008,37.9652290344238,37.9950256347656,37.8173179626465,37.5429420471191,36.986930847168,35.9507827758789,34.1126594543457,31.8310794830322,29.1897373199463,26.2800922393799,22.9265270233154,21.7797813415527,20.9453277587891,24.313684463501,27.4575901031494,28.6654453277588,29.8285369873047,31.6611557006836,29.2050876617432,30.0348529815674,28.0367202758789,-9999,-9999,-9999,-9999,-9999,-9999,-9999,-9999,-9999,-9999,-9999,-9999,-9999,-9999,-9999
-9999,-9999,-9999,-9999,25.0671539306641,26.7261276245117,26.1684074401855,25.9679412841797,25.8996238708496,25.8364238739014,26.8655624389648,31.0237884521484,34.7727394104004,37.4575347900391,38.3500556945801,37.3445663452148,38.3261032104492,40.510669708252,40.7151679992676,40.1902694702148,39.723201751709,39.2321586608887,40.3522300720215,41.3405380249023,41.4377899169922,41.483283996582,41.3685684204102,41.2165794372559,41.0359115600586,40.7884254455566,40.508186340332,40.2167739868164,39.9322471618652,39.6173210144043,39.3160552978516,39.9024353027344,40.5881118774414,40.4999084472656,40.4010734558105,40.1939849853516,40.0305252075195,40.000862121582,40.0130844116211,40.0989303588867,40.138801574707,40.1399879455566,40.0131607055664,39.8109741210938,39.8750915527344,40.009593963623,40.0535011291504,40.0835418701172,40.0651817321777,40.0627059936523,-9999,-9999,-9999,-9999,-9999,-9999,-9999,-9999,-9999,-9999,-9999,-9999,-9999,-9999,-9999,-9999,-9999,-9999,-9999,-9999,-9999,-9999,-9999,-9999,-9999,-9999,-9999,-9999,-9999,-9999,-9999,-9999,-9999,-9999,-9999,-9999,-9999,-9999,-9999,-9999,-9999,37.5060653686523,37.5371208190918,37.6764831542969,37.6592750549316,37.1720733642578,36.8274536132813,36.6219253540039,34.3933525085449,30.0476608276367,27.8395500183105,26.7824592590332,22.8690814971924,17.9911918640137,23.0885353088379,28.2844944000244,29.9652252197266,31.241886138916,30.9548664093018,22.3149967193604,22.7283973693848,28.2855033874512,28.8847312927246,-9999,-9999,-9999,-9999,-9999,-9999,-9999,-9999,-9999,-9999,-9999,-9999,-9999,-9999
-9999,-9999,-9999,-9999,30.6053218841553,28.2534961700439,27.4032382965088,25.8077945709229,26.2283039093018,28.3680038452148,30.4477863311768,33.5962677001953,36.1595687866211,38.1353607177734,39.1606750488281,39.2399253845215,39.6856346130371,40.3763961791992,40.2006301879883,39.7114334106445,39.9699249267578,40.3581695556641,40.7556114196777,41.1048812866211,41.1174736022949,41.1182708740234,41.0744552612305,40.9930992126465,40.8544044494629,40.6783561706543,40.4670257568359,40.2726440429688,40.093017578125,39.9372520446777,39.7853660583496,39.9888343811035,40.2392845153809,40.0375175476074,39.8254356384277,39.5383453369141,39.2929458618164,39.1817054748535,39.1165809631348,39.1233291625977,39.123176574707,39.1172409057617,39.0378341674805,-9999,-9999,-9999,-9999,-9999,-9999,-9999,-9999,-9999,-9999,-9999,-9999,-9999,-9999,-9999,-9999,-9999,-9999,-9999,-9999,-9999,-9999,-9999,-9999,-9999,-9999,-9999,-9999,-9999,-9999,-9999,-9999,-9999,-9999,-9999,-9999,-9999,-9999,-9999,-9999,-9999,-9999,-9999,-9999,-9999,-9999,-9999,-9999,-9999,37.1420631408691,37.2569808959961,37.2989730834961,37.1302719116211,36.6726188659668,35.6793556213379,33.4127883911133,29.8152084350586,27.8713073730469,26.6719207763672,22.2944297790527,16.125789642334,19.6249485015869,23.6201515197754,25.0768127441406,26.5323066711426,27.2843132019043,28.0953636169434,21.6863174438477,26.8434810638428,24.8409156799316,-9999,-9999,-9999,-9999,-9999,-9999,-9999,-9999,-9999,-9999,-9999,-9999,-9999,-9999
-9999,-9999,-9999,-9999,-9999,30.6864223480225,28.6464729309082,28.8496856689453,27.6492195129395,31.0721244812012,34.1178703308105,35.9685897827148,37.5421295166016,38.7688827514648,39.702564239502,40.404224395752,40.379035949707,39.8465843200684,39.517650604248,39.262020111084,-9999,-9999,-9999,-9999,-9999,-9999,-9999,-9999,-9999,-9999,-9999,-9999,-9999,40.0161628723145,39.9712066650391,39.8596076965332,39.7401847839355,39.4456253051758,-9999,-9999,-9999,-9999,-9999,-9999,-9999,-9999,-9999,-9999,-9999,-9999,-9999,-9999,-9999,-9999,-9999,-9999,-9999,-9999,-9999,-9999,-9999,-9999,-9999,-9999,-9999,-9999,-9999,-9999,-9999,-9999,-9999,-9999,-9999,-9999,-9999,-9999,-9999,-9999,-9999,-9999,-9999,-9999,-9999,-9999,-9999,-9999,-9999,-9999,-9999,-9999,-9999,-9999,-9999,-9999,-9999,-9999,36.7540893554688,36.8655319213867,36.9701194763184,37.0676727294922,36.5902366638184,35.1024284362793,33.0455322265625,30.3245372772217,28.3992729187012,26.8734188079834,22.1920566558838,15.7630662918091,16.9038963317871,18.7536296844482,20.4804801940918,22.0241107940674,23.4446964263916,24.8165817260742,24.7909908294678,22.0856056213379,-9999,-9999,-9999,-9999,-9999,-9999,-9999,-9999,-9999,-9999,-9999,-9999,-9999,-9999,-9999
-9999,-9999,-9999,-9999,-9999,30.302906036377,30.3254318237305,31.0143623352051,32.3136329650879,36.2600517272949,39.0075759887695,39.4346351623535,39.8279647827148,40.4288673400879,40.6864356994629,40.5763969421387,40.194881439209,39.6175308227539,-9999,-9999,-9999,-9999,-9999,-9999,-9999,-9999,-9999,-9999,-9999,-9999,-9999,-9999,-9999,-9999,-9999,-9999,-9999,-9999,-9999,-9999,-9999,-9999,-9999,-9999,-9999,-9999,-9999,-9999,-9999,-9999,-9999,-9999,-9999,-9999,-9999,-9999,-9999,-9999,-9999,-9999,-9999,-9999,-9999,-9999,-9999,-9999,-9999,-9999,-9999,-9999,-9999,-9999,-9999,-9999,-9999,-9999,-9999,-9999,-9999,-9999,-9999,-9999,-9999,-9999,-9999,-9999,-9999,-9999,-9999,-9999,-9999,-9999,-9999,-9999,-9999,-9999,-9999,36.6249351501465,36.797607421875,36.902473449707,36.8078384399414,36.3743591308594,35.4476890563965,33.9552536010742,31.2592029571533,27.6566467285156,24.5335235595703,21.3188762664795,18.75803565979,16.1467990875244,19.5058746337891,22.0859069824219,20.5793762207031,20.3512306213379,21.5977554321289,18.8536281585693,-9999,-9999,-9999,-9999,-9999,-9999,-9999,-9999,-9999,-9999,-9999,-9999,-9999,-9999,-9999
-9999,-9999,30.6227321624756,30.5255546569824,30.6492080688477,30.1387195587158,30.7234878540039,33.371768951416,36.3835906982422,39.4742126464844,41.6357040405273,41.2856941223145,41.0659484863281,41.2973251342773,41.1092147827148,40.412296295166,39.7717018127441,-9999,-9999,-9999,-9999,-9999,-9999,-9999,-9999,-9999,-9999,-9999,-9999,-9999,-9999,-9999,-9999,-9999,-9999,-9999,-9999,-9999,-9999,-9999,-9999,-9999,-9999,-9999,-9999,-9999,-9999,-9999,-9999,-9999,-9999,-9999,-9999,-9999,-9999,-9999,-9999,-9999,-9999,-9999,-9999,-9999,-9999,-9999,-9999,-9999,-9999,-9999,-9999,-9999,-9999,-9999,-9999,-9999,-9999,-9999,-9999,-9999,-9999,-9999,-9999,-9999,-9999,-9999,-9999,-9999,-9999,-9999,-9999,-9999,-9999,-9999,-9999,-9999,-9999,-9999,-9999,36.3636474609375,36.583179473877,36.6844596862793,36.8480834960938,37.1072235107422,36.9812049865723,36.404109954834,33.8534278869629,29.7763900756836,27.1218719482422,24.9926719665527,20.6593780517578,15.6044435501099,19.2064228057861,21.0462341308594,17.9633140563965,17.0128402709961,21.1540546417236,17.6448917388916,-9999,-9999,-9999,-9999,-9999,-9999,-9999,-9999,-9999,-9999,-9999,-9999,-9999,-9999,-9999
-9999,-9999,-9999,-9999,30.6470985412598,30.2391471862793,30.7036666870117,35.2749481201172,39.0797386169434,40.165901184082,40.8104553222656,40.659854888916,40.5480651855469,40.6518440246582,40.3285446166992,39.4943733215332,-9999,-9999,-9999,-9999,-9999,-9999,-9999,-9999,-9999,-9999,-9999,-9999,-9999,-9999,-9999,-9999,-9999,-9999,-9999,-9999,-9999,-9999,-9999,-9999,-9999,-9999,-9999,-9999,-9999,-9999,-9999,-9999,-9999,-9999,-9999,-9999,-9999,-9999,-9999,-9999,-9999,-9999,-9999,-9999,-9999,-9999,-9999,-9999,-9999,-9999,-9999,-9999,-9999,-9999,-9999,-9999,-9999,-9999,-9999,-9999,-9999,-9999,-9999,-9999,-9999,-9999,-9999,-9999,-9999,-9999,-9999,-9999,-9999,-9999,-9999,-9999,-9999,-9999,-9999,-9999,-9999,36.0603294372559,36.2797813415527,36.3486251831055,36.5006713867188,36.7813682556152,36.9574279785156,36.9853897094727,36.0363082885742,34.3765640258789,30.4713973999023,25.571325302124,23.0104370117188,20.7268753051758,18.97873878479,17.3468761444092,16.0937347412109,15.9177837371826,17.51393699646,18.9255447387695,-9999,-9999,-9999,-9999,-9999,-9999,-9999,-9999,-9999,-9999,-9999,-9999,-9999,-9999,-9999
-9999,-9999,-9999,-9999,30.8269672393799,30.8164386749268,31.416971206665,36.4761276245117,40.4539756774902,40.4938583374023,40.2868728637695,40.3761444091797,40.3584136962891,40.158748626709,39.6230697631836,-9999,-9999,-9999,-9999,-9999,-9999,-9999,-9999,-9999,-9999,-9999,-9999,-9999,-9999,-9999,-9999,-9999,-9999,-9999,-9999,-9999,-9999,-9999,-9999,-9999,-9999,-9999,-9999,-9999,-9999,-9999,-9999,-9999,-9999,-9999,-9999,-9999,-9999,-9999,-9999,-9999,-9999,-9999,-9999,-9999,-9999,-9999,-9999,-9999,-9999,-9999,-9999,-9999,-9999,-9999,-9999,-9999,-9999,-9999,-9999,-9999,-9999,-9999,-9999,-9999,-9999,-9999,-9999,-9999,-9999,-9999,-9999,-9999,-9999,-9999,-9999,-9999,-9999,-9999,-9999,-9999,-9999,35.7154350280762,35.9434585571289,35.9862747192383,36.0974884033203,36.3094329833984,36.5641288757324,36.8518333435059,36.7639274597168,36.3866386413574,32.1292266845703,25.9752082824707,24.2344818115234,23.2200870513916,18.5221843719482,14.3129253387451,15.3555908203125,15.7891683578491,15.9420347213745,16.6769866943359,13.7316703796387,-9999,-9999,-9999,-9999,-9999,-9999,-9999,-9999,-9999,-9999,-9999,-9999,-9999,-9999
-9999,-9999,-9999,-9999,31.1386299133301,31.1324329376221,32.0189170837402,36.5744819641113,40.4158782958984,40.4293594360352,40.2441368103027,40.5734329223633,40.5766830444336,39.8761940002441,39.0300559997559,-9999,-9999,-9999,-9999,-9999,-9999,-9999,-9999,-9999,-9999,-9999,-9999,-9999,-9999,-9999,-9999,-9999,-9999,-9999,-9999,-9999,-9999,-9999,-9999,-9999,-9999,-9999,-9999,-9999,-9999,-9999,-9999,-9999,-9999,-9999,-9999,-9999,-9999,-9999,-9999,-9999,-9999,-9999,-9999,-9999,-9999,-9999,-9999,-9999,-9999,-9999,-9999,-9999,-9999,-9999,-9999,-9999,-9999,-9999,-9999,-9999,-9999,-9999,-9999,-9999,-9999,-9999,-9999,-9999,-9999,-9999,-9999,-9999,-9999,-9999,-9999,-9999,-9999,-9999,-9999,-9999,-9999,35.317455291748,35.5656776428223,35.591667175293,35.6192665100098,35.6389770507813,35.6833152770996,35.7498817443848,35.7158241271973,35.5893669128418,31.7362060546875,26.1752166748047,24.3542976379395,22.8608951568604,17.4687938690186,12.7079801559448,15.2685976028442,16.8520927429199,17.2152233123779,17.8432350158691,18.6880645751953,14.1104803085327,-9999,-9999,-9999,-9999,-9999,-9999,-9999,-9999,-9999,-9999,-9999,-9999,-9999
-9999,-9999,-9999,-9999,26.6710834503174,31.1930713653564,32.3367156982422,36.0092506408691,38.9195861816406,39.144401550293,39.2074279785156,40.0861282348633,40.3856353759766,39.5507545471191,-9999,-9999,-9999,-9999,-9999,-9999,-9999,-9999,-9999,-9999,-9999,-9999,-9999,-9999,-9999,-9999,-9999,-9999,-9999,-9999,-9999,-9999,-9999,-9999,-9999,-9999,-9999,-9999,-9999,-9999,-9999,-9999,-9999,-9999,-9999,-9999,-9999,-9999,-9999,-9999,-9999,-9999,-9999,-9999,-9999,-9999,-9999,-9999,-9999,-9999,-9999,-9999,-9999,-9999,-9999,-9999,-9999,-9999,-9999,-9999,-9999,-9999,-9999,-9999,-9999,-9999,-9999,-9999,-9999,-9999,-9999,-9999,-9999,-9999,-9999,-9999,-9999,-9999,-9999,-9999,-9999,-9999,-9999,34.8829650878906,35.1493682861328,35.1900901794434,35.1874046325684,35.1031188964844,35.0997467041016,35.1748428344727,35.0039978027344,34.6788940429688,32.4782676696777,29.5218677520752,26.3792190551758,22.9568824768066,18.5319595336914,14.5395479202271,15.1388740539551,15.8777160644531,16.588415145874,17.3499011993408,18.332935333252,18.8672714233398,16.9673004150391,16.6078453063965,-9999,-9999,-9999,-9999,-9999,-9999,-9999,-9999,-9999,-9999,-9999
-9999,-9999,-9999,-9999,29.2354717254639,31.3887710571289,32.6531715393066,34.3935623168945,36.0184593200684,36.6611824035645,37.3293228149414,39.0448188781738,39.8759536743164,39.1940841674805,-9999,-9999,-9999,-9999,-9999,-9999,-9999,-9999,-9999,-9999,-9999,-9999,-9999,-9999,-9999,-9999,-9999,-9999,-9999,-9999,-9999,-9999,-9999,-9999,-9999,-9999,-9999,-9999,-9999,-9999,-9999,-9999,-9999,-9999,-9999,-9999,-9999,-9999,-9999,-9999,-9999,-9999,-9999,-9999,-9999,-9999,-9999,-9999,-9999,-9999,-9999,-9999,-9999,-9999,-9999,-9999,-9999,-9999,-9999,-9999,-9999,-9999,-9999,-9999,-9999,-9999,-9999,-9999,-9999,-9999,-9999,-9999,-9999,-9999,-9999,-9999,-9999,-9999,-9999,-9999,-9999,-9999,-9999,-9999,34.7012901306152,34.781551361084,34.7900085449219,34.6737098693848,34.751708984375,35.0194129943848,34.5668601989746,33.6486434936523,33.9562110900879,34.540699005127,29.6221790313721,23.1100902557373,21.225435256958,19.0440502166748,15.5931768417358,13.7356338500977,14.1316823959351,15.5447196960449,17.6716041564941,18.7459602355957,18.5845718383789,-9999,-9999,-9999,-9999,-9999,-9999,-9999,-9999,-9999,-9999,-9999,-9999
-9999,-9999,-9999,-9999,28.679220199585,30.6503067016602,30.5670032501221,31.2408103942871,32.4664115905762,34.7218475341797,36.9067420959473,38.2834930419922,38.9700469970703,38.7452201843262,-9999,-9999,-9999,-9999,-9999,-9999,-9999,-9999,-9999,-9999,-9999,-9999,-9999,-9999,-9999,-9999,-9999,-9999,-9999,-9999,-9999,-9999,-9999,-9999,-9999,-9999,-9999,-9999,-9999,-9999,-9999,-9999,-9999,-9999,-9999,-9999,-9999,-9999,-9999,-9999,-9999,-9999,-9999,-9999,-9999,-9999,-9999,-9999,-9999,-9999,-9999,-9999,-9999,-9999,-9999,-9999,-9999,-9999,-9999,-9999,-9999,-9999,-9999,-9999,-9999,-9999,-9999,-9999,-9999,-9999,-9999,-9999,-9999,-9999,-9999,-9999,-9999,-9999,-9999,-9999,-9999,-9999,-9999,-9999,34.2930374145508,34.3889007568359,34.4105339050293,34.3046875,34.4326820373535,34.7822113037109,34.5424118041992,33.9332160949707,34.7972526550293,35.9774208068848,30.6412925720215,23.4046363830566,22.0371360778809,20.0447196960449,15.5421352386475,12.3382568359375,12.4258193969727,13.9774312973022,16.7779216766357,23.5879993438721,32.0043487548828,29.7418193817139,33.9807777404785,-9999,-9999,-9999,-9999,-9999,-9999,-9999,-9999,-9999,-9999
-9999,-9999,-9999,-9999,-9999,22.0744819641113,28.1079635620117,29.1229839324951,28.705171585083,33.4109497070313,36.8354682922363,37.4993667602539,37.8627395629883,38.2481002807617,-9999,-9999,-9999,-9999,-9999,-9999,-9999,-9999,-9999,-9999,-9999,-9999,-9999,-9999,-9999,-9999,-9999,-9999,-9999,-9999,-9999,-9999,-9999,-9999,-9999,-9999,-9999,-9999,-9999,-9999,-9999,-9999,-9999,-9999,-9999,-9999,-9999,-9999,-9999,-9999,-9999,-9999,-9999,-9999,-9999,-9999,-9999,-9999,-9999,-9999,-9999,-9999,-9999,-9999,-9999,-9999,-9999,-9999,-9999,-9999,-9999,-9999,-9999,-9999,-9999,-9999,-9999,-9999,-9999,-9999,-9999,-9999,-9999,-9999,-9999,-9999,-9999,-9999,-9999,-9999,-9999,-9999,-9999,-9999,33.8987655639648,33.9998931884766,34.0361137390137,33.9637985229492,34.1261367797852,34.507007598877,34.7014083862305,34.7738914489746,35.439567565918,36.1248588562012,30.80006980896,23.7376518249512,22.1065921783447,19.8407688140869,14.8285217285156,11.0711545944214,10.812385559082,12.19651222229,16.1765365600586,23.0188140869141,31.782413482666,33.9238052368164,35.5357322692871,32.304874420166,-9999,-9999,-9999,-9999,-9999,-9999,-9999,-9999,-9999
-9999,-9999,-9999,-9999,-9999,25.1512622833252,26.4285469055176,26.225305557251,27.8189868927002,33.0314254760742,36.8189964294434,37.1823768615723,37.561939239502,38.0503349304199,-9999,-9999,-9999,-9999,-9999,-9999,-9999,-9999,-9999,-9999,-9999,-9999,-9999,-9999,-9999,-9999,-9999,-9999,-9999,-9999,-9999,-9999,-9999,-9999,-9999,-9999,-9999,-9999,-9999,-9999,-9999,-9999,-9999,-9999,-9999,-9999,-9999,-9999,-9999,-9999,-9999,-9999,-9999,-9999,-9999,-9999,-9999,-9999,-9999,-9999,-9999,-9999,-9999,-9999,-9999,-9999,-9999,-9999,-9999,-9999,-9999,-9999,-9999,-9999,-9999,-9999,-9999,-9999,-9999,-9999,-9999,-9999,-9999,-9999,-9999,-9999,-9999,-9999,-9999,-9999,-9999,-9999,-9999,-9999,33.5113182067871,33.6201934814453,33.6750869750977,33.6468391418457,33.7895851135254,34.0860366821289,34.2913970947266,34.4251098632813,35.1298980712891,35.8498458862305,30.7989597320557,24.0559349060059,22.3607006072998,20.0444564819336,14.7986392974854,10.8779458999634,11.8243427276611,13.5250339508057,17.0190696716309,22.6352462768555,28.9971084594727,33.3087043762207,37.2570495605469,37.7834281921387,-9999,-9999,-9999,-9999,-9999,-9999,-9999,-9999,-9999
-9999,-9999,-9999,-9999,-9999,25.1221504211426,25.1705379486084,25.9801139831543,27.3879909515381,32.9923439025879,36.8358764648438,37.1296501159668,37.4317741394043,37.9161376953125,-9999,-9999,-9999,-9999,-9999,-9999,-9999,-9999,-9999,-9999,-9999,-9999,-9999,-9999,-9999,-9999,-9999,-9999,-9999,-9999,-9999,-9999,-9999,-9999,-9999,-9999,-9999,-9999,-9999,-9999,-9999,-9999,-9999,-9999,-9999,-9999,-9999,-9999,-9999,-9999,-9999,-9999,-9999,-9999,-9999,-9999,-9999,-9999,-9999,-9999,-9999,-9999,-9999,-9999,-9999,-9999,-9999,-9999,-9999,-9999,-9999,-9999,-9999,-9999,-9999,-9999,-9999,-9999,-9999,-9999,-9999,-9999,-9999,-9999,-9999,-9999,-9999,-9999,-9999,-9999,-9999,-9999,-9999,-9999,-9999,33.2383918762207,33.3132476806641,33.3333892822266,33.4446868896484,33.6333160400391,33.7562675476074,33.816162109375,34.6526527404785,35.532413482666,30.7343940734863,24.317756652832,22.6569156646729,20.3959121704102,14.7136268615723,11.018027305603,12.987832069397,15.3531866073608,18.4804344177246,22.0673503875732,25.8379955291748,31.3828086853027,36.6757736206055,38.1932029724121,-9999,-9999,-9999,-9999,-9999,-9999,-9999,-9999,-9999
-9999,-9999,-9999,-9999,-9999,-9999,24.2684116363525,24.9514465332031,25.9242649078369,32.1161270141602,36.4062957763672,36.8516426086426,37.1817932128906,-9999,-9999,-9999,-9999,-9999,-9999,-9999,-9999,-9999,-9999,-9999,-9999,-9999,-9999,-9999,-9999,-9999,-9999,-9999,-9999,-9999,-9999,-9999,-9999,-9999,-9999,-9999,-9999,-9999,-9999,-9999,-9999,-9999,-9999,-9999,-9999,-9999,-9999,-9999,-9999,-9999,-9999,-9999,-9999,-9999,-9999,-9999,-9999,-9999,-9999,-9999,-9999,-9999,-9999,-9999,-9999,-9999,-9999,-9999,-9999,-9999,-9999,-9999,-9999,-9999,-9999,-9999,-9999,-9999,-9999,-9999,-9999,-9999,-9999,-9999,-9999,-9999,-9999,-9999,-9999,-9999,-9999,-9999,-9999,-9999,-9999,32.968620300293,33.0687370300293,33.1293907165527,33.2288513183594,33.3566703796387,33.6788101196289,34.0933837890625,34.6151084899902,35.0159034729004,30.4848003387451,24.5982933044434,22.9981307983398,21.063138961792,17.7932167053223,15.1141290664673,13.6477756500244,13.5204477310181,14.8573350906372,19.3520584106445,25.5181179046631,29.7182006835938,32.9440803527832,34.161003112793,-9999,-9999,-9999,-9999,-9999,-9999,-9999,-9999,-9999
-9999,-9999,-9999,-9999,-9999,-9999,22.8127346038818,22.5446949005127,24.4183483123779,31.2949733734131,36.0564994812012,36.5666809082031,36.9188346862793,-9999,-9999,-9999,-9999,-9999,-9999,-9999,-9999,-9999,-9999,-9999,-9999,-9999,-9999,-9999,-9999,-9999,-9999,-9999,-9999,-9999,-9999,-9999,-9999,-9999,-9999,-9999,-9999,-9999,-9999,-9999,-9999,-9999,-9999,-9999,-9999,-9999,-9999,-9999,-9999,-9999,-9999,-9999,-9999,-9999,-9999,-9999,-9999,-9999,-9999,-9999,-9999,-9999,-9999,-9999,-9999,-9999,-9999,-9999,-9999,-9999,-9999,-9999,-9999,-9999,-9999,-9999,-9999,-9999,-9999,-9999,-9999,-9999,-9999,-9999,-9999,-9999,-9999,-9999,-9999,-9999,-9999,-9999,-9999,-9999,-9999,32.7124786376953,32.8350296020508,32.9266357421875,33.0143852233887,33.0918502807617,33.601016998291,34.3436126708984,34.5639533996582,34.5195121765137,30.2645053863525,24.8534374237061,23.382698059082,21.8704719543457,20.7136573791504,18.5852069854736,14.0966682434082,11.4351997375488,11.3287935256958,16.4922065734863,25.1121501922607,27.6075458526611,28.0622959136963,23.8723011016846,17.4526596069336,15.8340702056885,-9999,-9999,-9999,-9999,-9999,-9999,-9999
-9999,-9999,-9999,-9999,-9999,-9999,21.5771522521973,21.8924732208252,23.0673217773438,30.2613716125488,35.2998313903809,36.0254898071289,36.6385803222656,-9999,-9999,-9999,-9999,-9999,-9999,-9999,-9999,-9999,-9999,-9999,-9999,-9999,-9999,-9999,-9999,-9999,-9999,-9999,-9999,-9999,-9999,-9999,-9999,-9999,-9999,-9999,-9999,-9999,-9999,-9999,-9999,-9999,-9999,-9999,-9999,-9999,-9999,-9999,-9999,-9999,-9999,-9999,-9999,-9999,-9999,-9999,-9999,-9999,-9999,-9999,-9999,-9999,-9999,-9999,-9999,-9999,-9999,-9999,-9999,-9999,-9999,-9999,-9999,-9999,-9999,-9999,-9999,-9999,-9999,-9999,-9999,-9999,-9999,-9999,-9999,-9999,-9999,-9999,-9999,-9999,-9999,-9999,-9999,-9999,-9999,32.5786933898926,32.6721496582031,32.6969146728516,32.7575035095215,32.8414649963379,33.3312072753906,34.0422134399414,34.2707481384277,34.2807655334473,30.1763515472412,24.988639831543,23.633918762207,22.2447090148926,21.0467948913574,18.7493438720703,13.9745845794678,11.6051578521729,12.7137937545776,16.0354595184326,20.7947158813477,21.8141975402832,21.384859085083,19.8184604644775,16.9864368438721,13.431303024292,8.09214401245117,-9999,-9999,-9999,-9999,-9999,-9999
-9999,-9999,-9999,-9999,-9999,-9999,-9999,-9999,-9999,-9999,-9999,-9999,-9999,-9999,-9999,-9999,-9999,-9999,-9999,-9999,-9999,-9999,-9999,-9999,-9999,-9999,-9999,-9999,-9999,-9999,-9999,-9999,-9999,-9999,-9999,-9999,-9999,-9999,-9999,-9999,-9999,-9999,-9999,-9999,-9999,-9999,-9999,-9999,-9999,-9999,-9999,-9999,-9999,-9999,-9999,-9999,-9999,-9999,-9999,-9999,-9999,-9999,-9999,-9999,-9999,-9999,-9999,-9999,-9999,-9999,-9999,-9999,-9999,-9999,-9999,-9999,-9999,-9999,-9999,-9999,-9999,-9999,-9999,-9999,-9999,-9999,-9999,-9999,-9999,-9999,-9999,-9999,-9999,-9999,-9999,-9999,-9999,-9999,-9999,-9999,32.4974975585938,32.4675979614258,32.5108680725098,32.6136131286621,33.0970497131348,33.7887268066406,34.0049018859863,33.9948883056641,30.607442855835,26.4126567840576,24.4986667633057,22.5868282318115,21.2854633331299,18.8990383148193,13.7607269287109,11.5333871841431,13.7016191482544,15.2602663040161,16.4766979217529,15.8603887557983,14.7351016998291,15.1972665786743,15.9152431488037,9.79358196258545,7.61244535446167,3.20739841461182,-9999,-9999,-9999,-9999,-9999
-9999,-9999,-9999,-9999,-9999,-9999,-9999,-9999,-9999,-9999,-9999,-9999,-9999,-9999,-9999,-9999,-9999,-9999,-9999,-9999,-9999,-9999,-9999,-9999,-9999,-9999,-9999,-9999,-9999,-9999,-9999,-9999,-9999,-9999,-9999,-9999,-9999,-9999,-9999,-9999,-9999,-9999,-9999,-9999,-9999,-9999,-9999,-9999,-9999,-9999,-9999,-9999,-9999,-9999,-9999,-9999,-9999,-9999,-9999,-9999,-9999,-9999,-9999,-9999,-9999,-9999,-9999,-9999,-9999,-9999,-9999,-9999,-9999,-9999,-9999,-9999,-9999,-9999,-9999,-9999,-9999,-9999,-9999,-9999,-9999,-9999,-9999,-9999,-9999,-9999,-9999,-9999,-9999,-9999,-9999,-9999,-9999,-9999,-9999,-9999,32.2863960266113,32.2447967529297,32.313404083252,32.4795951843262,33.0029296875,33.7182731628418,33.889404296875,33.8243103027344,33.0441207885742,32.0541725158691,27.4483337402344,22.8465194702148,21.5583076477051,19.2257919311523,13.9582376480103,11.3698101043701,13.1524772644043,13.6099739074707,13.3794422149658,12.0593147277832,10.2256345748901,9.87700176239014,9.74422836303711,6.87952089309692,3.445955991745,3.26590895652771,2.7660059928894,-9999,-9999,-9999,-9999
-9999,-9999,-9999,-9999,-9999,-9999,-9999,-9999,-9999,-9999,-9999,-9999,-9999,-9999,-9999,-9999,-9999,-9999,-9999,-9999,-9999,-9999,-9999,-9999,-9999,-9999,-9999,-9999,-9999,-9999,-9999,-9999,-9999,-9999,-9999,-9999,-9999,-9999,-9999,-9999,-9999,-9999,-9999,-9999,-9999,-9999,-9999,-9999,-9999,-9999,-9999,-9999,-9999,-9999,-9999,-9999,-9999,-9999,-9999,-9999,-9999,-9999,-9999,-9999,-9999,-9999,-9999,-9999,-9999,-9999,-9999,-9999,-9999,-9999,-9999,-9999,-9999,-9999,-9999,-9999,-9999,-9999,-9999,-9999,-9999,-9999,-9999,-9999,-9999,-9999,-9999,-9999,-9999,-9999,-9999,-9999,-9999,-9999,-9999,-9999,32.0934867858887,32.0648612976074,32.1551055908203,32.3681335449219,32.8091850280762,33.372142791748,33.6268501281738,33.7137298583984,34.5472373962402,35.2631530761719,29.2958068847656,23.0814075469971,21.870325088501,19.52294921875,14.2270202636719,11.4853572845459,12.5903425216675,12.3310127258301,10.9285612106323,9.23466110229492,7.29912614822388,6.10539674758911,5.24622821807861,4.396803855896,3.48891925811768,2.7612566947937,2.52755308151245,-9999,-9999,-9999,-9999
-9999,-9999,-9999,-9999,-9999,-9999,-9999,-9999,-9999,-9999,-9999,-9999,-9999,-9999,-9999,-9999,-9999,-9999,-9999,-9999,-9999,-9999,-9999,-9999,-9999,-9999,-9999,-9999,-9999,-9999,-9999,-9999,-9999,-9999,-9999,-9999,-9999,-9999,-9999,-9999,-9999,-9999,-9999,-9999,-9999,-9999,-9999,-9999,-9999,-9999,-9999,-9999,-9999,-9999,-9999,-9999,-9999,-9999,-9999,-9999,-9999,-9999,-9999,-9999,-9999,-9999,-9999,-9999,-9999,-9999,-9999,-9999,-9999,-9999,-9999,-9999,-9999,-9999,-9999,-9999,-9999,-9999,-9999,-9999,-9999,-9999,-9999,-9999,-9999,-9999,-9999,-9999,-9999,-9999,-9999,-9999,-9999,-9999,-9999,-9999,-9999,31.9621505737305,32.081356048584,32.3039741516113,32.4254341125488,32.4841461181641,33.0670700073242,33.7072715759277,34.6102104187012,35.3241386413574,29.4237766265869,23.3013572692871,22.214864730835,19.8476905822754,14.5609588623047,11.5866918563843,12.3723878860474,11.6196346282959,9.51730823516846,8.46428394317627,7.86399936676025,6.23923301696777,3.84095692634583,3.24317860603333,2.85428333282471,2.53456950187683,2.32471990585327,-9999,-9999,3.19030904769897,3.35132741928101
-9999,-9999,-9999,-9999,-9999,-9999,-9999,-9999,-9999,-9999,-9999,-9999,-9999,-9999,-9999,-9999,-9999,-9999,-9999,-9999,-9999,-9999,-9999,-9999,-9999,-9999,-9999,-9999,-9999,-9999,-9999,-9999,-9999,-9999,-9999,-9999,-9999,-9999,-9999,-9999,-9999,-9999,-9999,-9999,-9999,-9999,-9999,-9999,-9999,-9999,-9999,-9999,-9999,-9999,-9999,-9999,-9999,-9999,-9999,-9999,-9999,-9999,-9999,-9999,-9999,-9999,-9999,-9999,-9999,-9999,-9999,-9999,-9999,-9999,-9999,-9999,-9999,-9999,-9999,-9999,-9999,-9999,-9999,-9999,-9999,-9999,-9999,-9999,-9999,-9999,-9999,-9999,-9999,-9999,-9999,-9999,-9999,-9999,-9999,-9999,-9999,-9999,32.0256729125977,32.2015037536621,32.1577186584473,31.971851348877,32.6921005249023,33.5758590698242,34.5732231140137,35.3744621276855,29.6014518737793,23.3463439941406,20.2311668395996,16.7652187347412,12.7091722488403,10.2828416824341,10.8404369354248,9.83320045471191,7.57300901412964,6.93763780593872,7.06860303878784,5.66083717346191,3.1037323474884,2.90637516975403,2.77925395965576,2.61272358894348,2.58427047729492,2.90253257751465,3.24663519859314,3.4010443687439,3.42255020141602
-9999,-9999,-9999,-9999,-9999,-9999,-9999,-9999,-9999,-9999,-9999,-9999,-9999,-9999,-9999,-9999,-9999,-9999,-9999,-9999,-9999,-9999,-9999,-9999,-9999,-9999,-9999,-9999,-9999,-9999,-9999,-9999,-9999,-9999,-9999,-9999,-9999,-9999,-9999,-9999,-9999,-9999,-9999,-9999,-9999,-9999,-9999,-9999,-9999,-9999,-9999,-9999,-9999,-9999,-9999,-9999,-9999,-9999,-9999,-9999,-9999,-9999,-9999,-9999,-9999,-9999,-9999,-9999,-9999,-9999,-9999,-9999,-9999,-9999,-9999,-9999,-9999,-9999,-9999,-9999,-9999,-9999,-9999,-9999,-9999,-9999,-9999,-9999,-9999,-9999,-9999,-9999,-9999,-9999,-9999,-9999,-9999,-9999,-9999,-9999,-9999,-9999,-9999,32.0589485168457,32.020637512207,31.9031295776367,32.5138549804688,33.2239227294922,34.4403305053711,35.4495811462402,29.8878898620605,23.2433300018311,15.4229640960693,8.91224002838135,7.98974752426147,7.30921268463135,7.53836488723755,6.92359209060669,4.72124481201172,4.05301094055176,4.25363731384277,4.02239894866943,3.42684507369995,3.43139481544495,3.3762640953064,3.19974493980408,3.18815946578979,3.25430989265442,3.24533939361572,3.00007677078247,2.84186267852783
-9999,-9999,-9999,-9999,-9999,-9999,-9999,-9999,-9999,-9999,-9999,-9999,-9999,-9999,-9999,-9999,-9999,-9999,-9999,-9999,-9999,-9999,-9999,-9999,-9999,-9999,-9999,-9999,-9999,-9999,-9999,-9999,-9999,-9999,-9999,-9999,-9999,-9999,-9999,-9999,-9999,-9999,-9999,-9999,-9999,-9999,-9999,-9999,-9999,-9999,-9999,-9999,-9999,-9999,-9999,-9999,-9999,-9999,-9999,-9999,-9999,-9999,-9999,-9999,-9999,-9999,-9999,-9999,-9999,-9999,-9999,-9999,-9999,-9999,-9999,-9999,-9999,-9999,-9999,-9999,-9999,-9999,-9999,-9999,-9999,-9999,-9999,-9999,-9999,-9999,-9999,-9999,-9999,-9999,-9999,-9999,-9999,-9999,-9999,-9999,-9999,-9999,-9999,31.9239273071289,31.9712677001953,32.045295715332,32.4014701843262,32.7580909729004,33.8911666870117,34.9098625183105,29.7680511474609,23.3390312194824,13.7420654296875,6.17343473434448,6.72747230529785,6.78761625289917,6.91319561004639,6.07110691070557,3.55521249771118,2.68841242790222,2.94405078887939,3.2141284942627,3.45495796203613,3.46263885498047,3.28312397003174,3.27193140983582,3.35922479629517,3.00362825393677,4.5014386177063,9.49896335601807,15.0205354690552
-9999,-9999,-9999,-9999,-9999,-9999,-9999,-9999,-9999,-9999,-9999,-9999,-9999,-9999,-9999,-9999,-9999,-9999,-9999,-9999,-9999,-9999,-9999,-9999,-9999,-9999,-9999,-9999,-9999,-9999,-9999,-9999,-9999,-9999,-9999,-9999,-9999,-9999,-9999,-9999,-9999,-9999,-9999,-9999,-9999,-9999,-9999,-9999,-9999,-9999,-9999,-9999,-9999,-9999,-9999,-9999,-9999,-9999,-9999,-9999,-9999,-9999,-9999,-9999,-9999,-9999,-9999,-9999,-9999,-9999,-9999,-9999,-9999,-9999,-9999,-9999,-9999,-9999,-9999,-9999,-9999,-9999,-9999,-9999,-9999,-9999,-9999,-9999,-9999,-9999,-9999,-9999,-9999,-9999,-9999,-9999,-9999,-9999,-9999,-9999,-9999,-9999,-9999,-9999,31.9938507080078,32.3245124816895,32.4737854003906,32.5120315551758,33.0674781799316,33.9479713439941,29.3715858459473,22.9643287658691,13.2725477218628,6.55288696289063,7.32356977462769,7.65271806716919,7.67803812026978,6.61452579498291,3.72216629981995,2.55603003501892,2.56341981887817,2.57977962493896,2.57100772857666,2.56566452980042,2.51271438598633,2.40378475189209,2.37710857391357,2.12686705589294,6.65478801727295,20.1881542205811,30.8366165161133
-9999,-9999,-9999,-9999,-9999,-9999,-9999,-9999,-9999,-9999,-9999,-9999,-9999,-9999,-9999,-9999,-9999,-9999,-9999,-9999,-9999,-9999,-9999,-9999,-9999,-9999,-9999,-9999,-9999,-9999,-9999,-9999,-9999,-9999,-9999,-9999,-9999,-9999,-9999,-9999,-9999,-9999,-9999,-9999,-9999,-9999,-9999,-9999,-9999,-9999,-9999,-9999,-9999,-9999,-9999,-9999,-9999,-9999,-9999,-9999,-9999,-9999,-9999,-9999,-9999,-9999,-9999,-9999,-9999,-9999,-9999,-9999,-9999,-9999,-9999,-9999,-9999,-9999,-9999,-9999,-9999,-9999,-9999,-9999,-9999,-9999,-9999,-9999,-9999,-9999,-9999,-9999,-9999,-9999,-9999,-9999,-9999,-9999,-9999,-9999,-9999,-9999,-9999,-9999,-9999,-9999,32.2324638366699,32.1380348205566,32.6930732727051,33.2472877502441,30.3554821014404,26.0280799865723,18.7803325653076,13.2834520339966,11.507833480835,10.4490098953247,10.7056331634521,9.88700580596924,8.11397361755371,8.7218599319458,11.0187549591064,11.1367282867432,10.452880859375,12.0998449325562,14.2251300811768,15.6638641357422,16.6220169067383,16.087718963623,18.3911933898926,26.2097606658936,32.6808052062988
-9999,-9999,-9999,-9999,-9999,-9999,-9999,-9999,-9999,-9999,-9999,-9999,-9999,-9999,-9999,-9999,-9999,-9999,-9999,-9999,-9999,-9999,-9999,-9999,-9999,-9999,-9999,-9999,-9999,-9999,-9999,-9999,-9999,-9999,-9999,-9999,-9999,-9999,-9999,-9999,-9999,-9999,-9999,-9999,-9999,-9999,-9999,-9999,-9999,-9999,-9999,-9999,-9999,-9999,-9999,-9999,-9999,-9999,-9999,-9999,-9999,-9999,-9999,-9999,-9999,-9999,-9999,-9999,-9999,-9999,-9999,-9999,-9999,-9999,-9999,-9999,-9999,-9999,-9999,-9999,-9999,-9999,-9999,-9999,-9999,-9999,-9999,-9999,-9999,-9999,-9999,-9999,-9999,-9999,-9999,-9999,-9999,-9999,-9999,-9999,-9999,-9999,-9999,-9999,-9999,-9999,-9999,-9999,31.9339160919189,32.1896705627441,31.9027423858643,31.1972599029541,27.6215476989746,23.1956520080566,17.7875747680664,14.6553230285645,15.4361391067505,15.5040416717529,14.4866924285889,17.6739521026611,22.5943546295166,22.8816776275635,22.0351581573486,24.8187599182129,27.6660804748535,29.9359073638916,31.5969543457031,31.0228729248047,30.6161499023438,30.5897102355957,-9999
-9999,-9999,-9999,-9999,-9999,-9999,-9999,-9999,-9999,-9999,-9999,-9999,-9999,-9999,-9999,-9999,-9999,-9999,-9999,-9999,-9999,-9999,-9999,-9999,-9999,-9999,-9999,-9999,-9999,-9999,-9999,-9999,-9999,-9999,-9999,-9999,-9999,-9999,-9999,-9999,-9999,-9999,-9999,-9999,-9999,-9999,-9999,-9999,-9999,-9999,-9999,-9999,-9999,-9999,-9999,-9999,-9999,-9999,-9999,-9999,-9999,-9999,-9999,-9999,-9999,-9999,-9999,-9999,-9999,-9999,-9999,-9999,-9999,-9999,-9999,-9999,-9999,-9999,-9999,-9999,-9999,-9999,-9999,-9999,-9999,-9999,-9999,-9999,-9999,-9999,-9999,-9999,-9999,-9999,-9999,-9999,-9999,-9999,-9999,-9999,-9999,-9999,-9999,-9999,-9999,-9999,-9999,-9999,-9999,-9999,31.6703910827637,31.4674530029297,29.6487598419189,27.508129119873,24.6164474487305,22.8504848480225,22.9791965484619,22.801513671875,22.3533954620361,24.0141372680664,26.5997886657715,26.7982654571533,26.3976898193359,27.8711547851563,29.419225692749,30.7023277282715,31.6517543792725,31.2642841339111,-9999,-9999,-9999
-9999,-9999,-9999,-9999,-9999,-9999,-9999,-9999,-9999,-9999,-9999,-9999,-9999,-9999,-9999,-9999,-9999,-9999,-9999,-9999,-9999,-9999,-9999,-9999,-9999,-9999,-9999,-9999,-9999,-9999,-9999,-9999,-9999,-9999,-9999,-9999,-9999,-9999,-9999,-9999,-9999,-9999,-9999,-9999,-9999,-9999,-9999,-9999,-9999,-9999,-9999,-9999,-9999,-9999,-9999,-9999,-9999,-9999,-9999,-9999,-9999,-9999,-9999,-9999,-9999,-9999,-9999,-9999,-9999,-9999,-9999,-9999,-9999,-9999,-9999,-9999,-9999,-9999,-9999,-9999,-9999,-9999,-9999,-9999,-9999,-9999,-9999,-9999,-9999,-9999,-9999,-9999,-9999,-9999,-9999,-9999,-9999,-9999,-9999,-9999,-9999,-9999,-9999,-9999,-9999,-9999,-9999,-9999,-9999,-9999,-9999,-9999,-9999,-9999,-9999,-9999,-9999,-9999,-9999,-9999,-9999,-9999,-9999,-9999,-9999,-9999,-9999,-9999,-9999,-9999,-9999
-9999,-9999,-9999,-9999,-9999,-9999,-9999,-9999,-9999,-9999,-9999,-9999,-9999,-9999,-9999,-9999,-9999,-9999,-9999,-9999,-9999,-9999,-9999,-9999,-9999,-9999,-9999,-9999,-9999,-9999,-9999,-9999,-9999,-9999,-9999,-9999,-9999,-9999,-9999,-9999,-9999,-9999,-9999,-9999,-9999,-9999,-9999,-9999,-9999,-9999,-9999,-9999,-9999,-9999,-9999,-9999,-9999,-9999,-9999,-9999,-9999,-9999,-9999,-9999,-9999,-9999,-9999,-9999,-9999,-9999,-9999,-9999,-9999,-9999,-9999,-9999,-9999,-9999,-9999,-9999,-9999,-9999,-9999,-9999,-9999,-9999,-9999,-9999,-9999,-9999,-9999,-9999,-9999,-9999,-9999,-9999,-9999,-9999,-9999,-9999,-9999,-9999,-9999,-9999,-9999,-9999,-9999,-9999,-9999,-9999,-9999,-9999,-9999,-9999,-9999,-9999,-9999,-9999,-9999,-9999,-9999,-9999,-9999,-9999,-9999,-9999,-9999,-9999,-9999,-9999,-9999

Step,13
Year,1.083333
-9999,-9999,-9999,-9999,-9999,-9999,-9999,-9999,-9999,-9999,-9999,-9999,-9999,-9999,-9999,-9999,-9999,-9999,-9999,-9999,-9999,-9999,-9999,-9999,-9999,-9999,-9999,-9999,-9999,-9999,-9999,-9999,-9999,-9999,-9999,-9999,-9999,-9999,-9999,-9999,-9999,-9999,-9999,-9999,-9999,-9999,-9999,-9999,-9999,-9999,-9999,-9999,-9999,-9999,-9999,-9999,-9999,-9999,-9999,-9999,-9999,-9999,-9999,-9999,-9999,-9999,-9999,-9999,-9999,-9999,-9999,-9999,-9999,-9999,-9999,-9999,-9999,-9999,-9999,-9999,-9999,-9999,-9999,-9999,-9999,-9999,-9999,-9999,-9999,-9999,-9999,-9999,-9999,-9999,-9999,-9999,-9999,-9999,-9999,-9999,-9999,-9999,-9999,-9999,-9999,-9999,-9999,-9999,-9999,-9999,-9999,-9999,-9999,-9999,-9999,-9999,-9999,-9999,-9999,-9999,-9999,-9999,-9999,-9999,-9999,-9999,-9999,-9999,-9999,-9999,-9999
-9999,-9999,-9999,-9999,-9999,-9999,-9999,-9999,-9999,-9999,-9999,-9999,-9999,-9999,-9999,-9999,-9999,-9999,-9999,-9999,-9999,-9999,-9999,-9999,-9999,-9999,-9999,-9999,-9999,-9999,-9999,-9999,-9999,-9999,-9999,-9999,-9999,-9999,-9999,-9999,-9999,-9999,-9999,-9999,-9999,-9999,-9999,-9999,-9999,-9999,-9999,-9999,-9999,-9999,-9999,-9999,-9999,-9999,-9999,-9999,-9999,-9999,-9999,-9999,-9999,-9999,-9999,-9999,-9999,-9999,-9999,-9999,-9999,-9999,-9999,-9999,-9999,-9999,-9999,-9999,-9999,-9999,-9999,-9999,-9999,-9999,-9999,-9999,-9999,-9999,-9999,-9999,-9999,-9999,-9999,-9999,-9999,-9999,-9999,-9999,-9999,-9999,-9999,-9999,-9999,-9999,-9999,-9999,-9999,-9999,-9999,-9999,-9999,-9999,-9999,-9999,-9999,-9999,-9999,-9999,-9999,-9999,-9999,-9999,-9999,-9999,-9999,-9999,-9999,-9999,-9999
-9999,-9999,-9999,-9999,-9999,-9999,-9999,-9999,-9999,-9999,-9999,-9999,-9999,-9999,-9999,-9999,-9999,-9999,-9999,-9999,-9999,-9999,-9999,-9999,-9999,-9999,-9999,-9999,-9999,-9999,-9999,-9999,-9999,-9999,-9999,-9999,-9999,-9999,-9999,-9999,-9999,-9999,-9999,-9999,-9999,-9999,-9999,-9999,-9999,-9999,-9999,-9999,-9999,-9999,-9999,-9999,-9999,-9999,-9999,-9999,-9999,-9999,-9999,-9999,-9999,-9999,-9999,-9999,-9999,-9999,-9999,-9999,-9999,-9999,37.1266899108887,38.0825843811035,-9999,-9999,-9999,-9999,-9999,-9999,-9999,-9999,-9999,-9999,-9999,-9999,-9999,-9999,-9999,-9999,-9999,-9999,-9999,-9999,-9999,-9999,-9999,-9999,-9999,-9999,-9999,-9999,-9999,-9999,-9999,-9999,-9999,-9999,-9999,-9999,-9999,-9999,-9999,-9999,-9999,-9999,-9999,-9999,-9999,-9999,-9999,-9999,-9999,-9999,-9999,-9999,-9999,-9999,-9999
-9999,-9999,-9999,-9999,-9999,-9999,-9999,-9999,-9999,-9999,-9999,-9999,-9999,-9999,-9999,-9999,-9999,-9999,-9999,-9999,-9999,-9999,-9999,-9999,-9999,-9999,-9999,-9999,-9999,-9999,-9999,-9999,-9999,-9999,-9999,-9999,-9999,-9999,-9999,-9999,-9999,-9999,-9999,-9999,-9999,-9999,-9999,-9999,-9999,-9999,-9999,-9999,-9999,-9999,-9999,-9999,-9999,-9999,-9999,-9999,-9999,-9999,-9999,-9999,-9999,-9999,-9999,-9999,-9999,-9999,-9999,-9999,-9999,-9999,38.0021018981934,37.803352355957,-9999,-9999,-9999,-9999,-9999,-9999,-9999,-9999,-9999,-9999,-9999,-9999,-9999,-9999,-9999,-9999,-9999,-9999,-9999,-9999,-9999,-9999,-9999,-9999,-9999,-9999,-9999,-9999,-9999,-9999,-9999,-9999,-9999,-9999,-9999,-9999,-9999,-9999,-9999,-9999,-9999,-9999,-9999,-9999,-9999,-9999,-9999,-9999,-9999,-9999,-9999,-9999,-9999,-9999,-9999
-9999,-9999,-9999,-9999,-9999,-9999,-9999,-9999,-9999,-9999,-9999,-9999,-9999,-9999,-9999,-9999,-9999,-9999,-9999,-9999,-9999,-9999,-9999,-9999,-9999,-9999,-9999,-9999,-9999,-9999,-9999,-9999,-9999,-9999,-9999,-9999,-9999,-9999,-9999,-9999,-9999,-9999,-9999,-9999,-9999,-9999,-9999,-9999,-9999,-9999,-9999,-9999,-9999,-9999,-9999,-9999,6.17518080940627E-13,1.09008455595472E-08,1.08163806800121E-08,1.07995452580667E-08,-9999,-9999,-9999,-9999,-9999,38.6177406311035,38.1295890808105,39.426570892334,40.4321174621582,37.3225555419922,35.8009910583496,32.6710777282715,32.4268913269043,31.9517917633057,35.5774307250977,34.2990570068359,33.0204582214355,-9999,-9999,25.2332725524902,23.870002746582,22.9928226470947,23.6265563964844,30.4067401885986,33.5636444091797,35.4924926757813,35.4355430603027,33.1567802429199,25.0342426300049,-9999,-9999,-9999,-9999,-9999,-9999,-9999,-9999,-9999,-9999,-9999,-9999,-9999,-9999,-9999,-9999,-9999,-9999,-9999,-9999,-9999,-9999,-9999,-9999,-9999,-9999,-9999,-9999,-9999,-9999,-9999,-9999,-9999,-9999,-9999,-9999,-9999,-9999,-9999,-9999,-9999,-9999
-9999,-9999,-9999,-9999,-9999,-9999,-9999,-9999,-9999,-9999,-9999,-9999,-9999,-9999,-9999,-9999,-9999,-9999,-9999,-9999,-9999,-9999,-9999,-9999,-9999,-9999,-9999,-9999,-9999,-9999,-9999,-9999,-9999,-9999,-9999,-9999,-9999,-9999,-9999,-9999,-9999,-9999,-9999,-9999,-9999,-9999,-9999,-9999,-9999,-9999,-9999,-9999,-9999,-9999,-9999,7.13210198365066E-13,2.48480169773302E-08,0.000671710819005966,0.000667938264086843,0.000667165848426521,0.00136887701228261,44.7450294494629,-9999,44.0601348876953,42.1800537109375,41.6954574584961,41.3708953857422,40.3301467895508,40.1705703735352,39.3949775695801,36.239086151123,35.2670593261719,36.024829864502,35.0408935546875,34.6094818115234,35.0557060241699,33.8165740966797,33.3938026428223,32.1538963317871,29.7185306549072,26.4165306091309,23.7297687530518,26.721118927002,29.841775894165,34.0828704833984,36.4966049194336,36.3779602050781,34.1070556640625,28.5784301757813,22.5593223571777,15.9570999145508,-9999,-9999,-9999,-9999,-9999,-9999,-9999,-9999,-9999,-9999,-9999,-9999,-9999,-9999,-9999,-9999,-9999,-9999,-9999,-9999,-9999,-9999,-9999,-9999,-9999,-9999,-9999,-9999,-9999,-9999,-9999,-9999,-9999,-9999,-9999,-9999,-9999,-9999,-9999,-9999
-9999,-9999,-9999,-9999,-9999,-9999,-9999,-9999,-9999,-9999,-9999,-9999,-9999,-9999,-9999,-9999,-9999,-9999,-9999,-9999,-9999,-9999,-9999,-9999,-9999,-9999,-9999,-9999,-9999,-9999,-9999,-9999,-9999,-9999,-9999,-9999,-9999,-9999,-9999,-9999,-9999,-9999,-9999,-9999,-9999,-9999,-9999,-9999,-9999,-9999,-9999,-9999,-9999,-9999,-9999,1.4483536148191E-08,0.000772475148551166,45.8942222595215,45.8369560241699,45.8859252929688,46.0422058105469,45.4072647094727,44.6429138183594,44.6719360351563,42.7549667358398,41.5868301391602,40.7897262573242,40.3816757202148,39.8254661560059,38.5944786071777,37.5890045166016,37.1482467651367,36.7779769897461,36.5405769348145,36.1559104919434,35.7204742431641,34.8755378723145,33.66650390625,31.9418716430664,29.719898223877,26.6028881072998,24.0502586364746,27.2672901153564,31.950288772583,35.8269882202148,37.6521072387695,37.5368766784668,34.7865753173828,29.162971496582,22.8730888366699,15.9918088912964,13.8441286087036,18.0895175933838,-9999,-9999,-9999,-9999,-9999,-9999,-9999,-9999,-9999,29.8262481689453,30.6227912902832,32.9386901855469,-9999,-9999,-9999,-9999,-9999,-9999,-9999,-9999,-9999,-9999,-9999,-9999,-9999,-9999,-9999,-9999,-9999,-9999,-9999,-9999,-9999,-9999,-9999,-9999,-9999,-9999
-9999,-9999,-9999,-9999,-9999,-9999,-9999,-9999,-9999,-9999,-9999,-9999,-9999,-9999,-9999,-9999,-9999,-9999,-9999,-9999,-9999,-9999,-9999,-9999,-9999,-9999,-9999,-9999,-9999,-9999,-9999,39.3950729370117,-9999,-9999,-9999,40.3648490905762,-9999,-9999,-9999,-9999,-9999,-9999,-9999,-9999,-9999,-9999,-9999,-9999,-9999,-9999,-9999,-9999,-9999,-9999,-9999,-9999,-9999,45.4632453918457,45.6881065368652,45.7856597900391,-9999,45.6273765563965,44.8604736328125,44.7377510070801,43.00439453125,41.739013671875,41.0475959777832,40.7556114196777,39.9994087219238,37.6446342468262,36.7680435180664,37.8482475280762,38.1175079345703,37.6897048950195,37.0608520507813,36.5734939575195,35.8348579406738,34.913158416748,34.6121788024902,34.580192565918,32.9195518493652,31.4285907745361,34.7532501220703,36.8056182861328,39.5660438537598,40.8022766113281,39.7981376647949,37.4876899719238,32.8580551147461,29.5310592651367,27.1816444396973,22.5426845550537,16.816951751709,20.1050033569336,-9999,-9999,-9999,-9999,-9999,-9999,-9999,-9999,34.1531715393066,36.0989379882813,35.9944877624512,34.5585746765137,33.4698333740234,-9999,-9999,-9999,-9999,-9999,-9999,-9999,-9999,-9999,-9999,-9999,-9999,-9999,-9999,-9999,-9999,-9999,-9999,-9999,-9999,-9999,-9999,-9999,-9999
-9999,-9999,-9999,-9999,-9999,-9999,-9999,-9999,-9999,-9999,-9999,-9999,-9999,-9999,-9999,-9999,-9999,-9999,-9999,-9999,-9999,-9999,-9999,-9999,-9999,-9999,-9999,-9999,-9999,-9999,38.7957000732422,38.5467224121094,-9999,-9999,40.2563171386719,40.3563423156738,-9999,-9999,36.1178970336914,38.31640625,-9999,-9999,-9999,-9999,-9999,41.4026222229004,-9999,-9999,-9999,-9999,-9999,-9999,-9999,-9999,-9999,-9999,-9999,-9999,-9999,-9999,-9999,45.938907623291,46.736930847168,44.7714500427246,42.9117126464844,42.05078125,40.5785751342773,39.9446182250977,38.6644973754883,36.6487121582031,35.520133972168,38.5921745300293,39.9222564697266,39.5993270874023,38.6917877197266,38.1532592773438,37.3015022277832,36.2817802429199,37.5664138793945,39.3434104919434,39.7501220703125,38.846794128418,39.7671508789063,40.7412414550781,41.8783531188965,42.3268775939941,41.4466743469238,39.7152214050293,36.4784622192383,35.2475662231445,36.7864761352539,29.9795112609863,18.1328411102295,20.0551776885986,24.3318538665771,-9999,-9999,-9999,-9999,-9999,34.9412269592285,35.1073341369629,35.8026313781738,35.9524726867676,36.9344215393066,37.2961654663086,35.2561187744141,32.7763366699219,-9999,-9999,-9999,-9999,-9999,-9999,-9999,-9999,-9999,-9999,-9999,-9999,-9999,-9999,-9999,-9999,-9999,-9999,-9999,-9999,-9999,-9999,-9999
-9999,-9999,-9999,-9999,-9999,-9999,-9999,-9999,-9999,-9999,-9999,-9999,-9999,-9999,-9999,-9999,-9999,-9999,-9999,-9999,-9999,-9999,-9999,38.1508483886719,39.2328605651855,-9999,-9999,-9999,-9999,38.7616500854492,38.0387840270996,38.842414855957,38.5000534057617,39.8034286499023,40.3149681091309,40.4418830871582,37.4415473937988,36.3652763366699,36.2070350646973,-9999,38.9147300720215,40.6612586975098,-9999,-9999,41.0106658935547,41.3982696533203,41.9434432983398,42.8920555114746,-9999,-9999,-9999,-9999,-9999,-9999,-9999,-9999,-9999,41.5678024291992,43.8758392333984,-9999,-9999,-9999,44.296501159668,44.4007606506348,43.7406883239746,41.8823280334473,41.8118438720703,40.8859405517578,39.5033340454102,35.8684120178223,34.502269744873,37.6565284729004,39.992317199707,40.3927307128906,40.0459098815918,39.5249366760254,38.844669342041,37.7467803955078,37.8165321350098,39.4847831726074,39.9285202026367,39.9513893127441,40.9740257263184,41.8388557434082,42.2508392333984,42.3941307067871,42.0364189147949,40.9421234130859,38.3422203063965,36.6744766235352,35.6969108581543,31.2979717254639,23.8879680633545,23.3319492340088,24.2202739715576,21.3142433166504,20.8309860229492,22.3083229064941,22.8069953918457,24.8333358764648,29.6734428405762,34.9968719482422,35.0563316345215,35.5950317382813,36.2274475097656,37.523551940918,38.3192863464355,34.8659324645996,33.3316802978516,34.4163093566895,-9999,-9999,-9999,-9999,-9999,-9999,-9999,-9999,-9999,-9999,-9999,-9999,-9999,-9999,-9999,-9999,-9999,-9999,-9999,-9999,-9999
-9999,-9999,-9999,-9999,-9999,-9999,-9999,-9999,-9999,-9999,-9999,-9999,-9999,-9999,-9999,-9999,-9999,-9999,-9999,-9999,-9999,-9999,38.2990493774414,38.2263069152832,38.5976715087891,39.5871162414551,40.737003326416,38.2287292480469,37.8121604919434,38.1182479858398,38.6162033081055,38.1126480102539,37.9108924865723,38.1133079528809,38.9199409484863,37.2499122619629,35.7424507141113,35.4065170288086,35.6150894165039,36.2590141296387,37.4664916992188,39.656982421875,40.9294509887695,40.9116172790527,41.1284446716309,41.404712677002,42.6461410522461,43.2272682189941,43.2661094665527,-9999,-9999,-9999,-9999,-9999,-9999,-9999,-9999,39.3274803161621,40.6096611022949,42.4070205688477,-9999,-9999,43.5009956359863,44.3422088623047,45.0885810852051,43.8469772338867,42.4773941040039,40.6023406982422,38.1858100891113,34.8084716796875,33.6663436889648,37.4626617431641,39.128719329834,40.7897834777832,41.2146759033203,40.4412612915039,39.8424339294434,39.2858123779297,39.314380645752,38.6775779724121,39.8918762207031,41.0373611450195,42.0157318115234,42.7127876281738,42.5689468383789,42.4775886535645,42.4727363586426,41.8420524597168,40.3689041137695,37.9663124084473,34.477424621582,31.6483974456787,28.5781631469727,25.9153480529785,23.514741897583,22.2481994628906,21.921947479248,24.018913269043,24.1866226196289,23.6799049377441,26.0985012054443,32.3864822387695,35.2897109985352,35.8680763244629,36.4049682617188,37.0226135253906,37.7780799865723,38.7008514404297,36.960865020752,34.2508354187012,-9999,-9999,-9999,-9999,-9999,-9999,-9999,-9999,-9999,-9999,-9999,-9999,-9999,-9999,-9999,-9999,-9999,-9999,-9999,-9999,-9999
-9999,-9999,-9999,-9999,-9999,-9999,-9999,-9999,-9999,-9999,-9999,-9999,-9999,-9999,-9999,-9999,-9999,-9999,-9999,-9999,-9999,-9999,38.9216156005859,38.1257019042969,38.061595916748,38.9226608276367,41.3773193359375,41.8881149291992,37.3373069763184,37.2144432067871,38.0009613037109,38.1968879699707,37.4296989440918,37.4292526245117,37.7922172546387,36.489070892334,35.2111473083496,34.9554023742676,34.9766235351563,35.652229309082,36.7318344116211,38.8795394897461,40.3270072937012,40.5673294067383,40.6802635192871,41.3431091308594,41.8015975952148,42.5397148132324,43.2267723083496,42.934440612793,43.068187713623,-9999,-9999,-9999,-9999,-9999,-9999,-9999,39.7163162231445,40.6772041320801,42.5436782836914,42.7873229980469,43.3760604858398,44.3740730285645,45.0412254333496,43.5974578857422,42.1007995605469,38.4580955505371,35.1688117980957,33.31640625,34.6340751647949,38.5623474121094,40.6838722229004,41.8664779663086,42.1557388305664,42.2240524291992,41.8843154907227,41.4665679931641,40.9087371826172,40.083812713623,41.0922203063965,42.0460472106934,42.3760681152344,42.6206893920898,42.5913047790527,42.5769691467285,42.5861129760742,42.0259552001953,40.8094444274902,38.1328010559082,33.5779228210449,31.9590854644775,30.9245662689209,25.5817451477051,19.4297065734863,20.4222602844238,21.2747097015381,23.0480995178223,24.2948913574219,23.8840789794922,26.2523498535156,33.1347274780273,36.7377548217773,38.5361862182617,38.0583877563477,35.8940200805664,36.6901359558105,38.3852119445801,38.1247787475586,36.1701850891113,38.55615234375,-9999,-9999,-9999,-9999,-9999,-9999,-9999,-9999,-9999,-9999,-9999,-9999,-9999,-9999,-9999,-9999,-9999,-9999,-9999,-9999
-9999,-9999,-9999,-9999,-9999,-9999,-9999,-9999,-9999,-9999,-9999,-9999,-9999,-9999,-9999,-9999,-9999,-9999,-9999,-9999,-9999,-9999,39.2687721252441,39.0139770507813,36.418888092041,35.9259223937988,42.2938232421875,44.0068130493164,40.5279312133789,38.5454559326172,38.6706695556641,38.3162994384766,38.1989402770996,38.0872268676758,37.2440757751465,36.7942008972168,36.2231674194336,35.9567947387695,35.7058639526367,36.3586235046387,37.1301116943359,38.2751159667969,39.2614707946777,39.6882247924805,39.9527053833008,40.2838897705078,40.2607040405273,40.4103889465332,41.2990112304688,43.2055168151855,42.6161231994629,-9999,-9999,-9999,-9999,39.892707824707,39.4194831848145,38.8984413146973,39.1266975402832,39.8409538269043,41.0860824584961,42.138370513916,43.1545028686523,44.1113739013672,44.7839202880859,42.5024147033691,40.9116516113281,36.5972137451172,33.6153945922852,35.3719711303711,36.6639404296875,40.0950317382813,42.1526947021484,43.1608543395996,43.5261421203613,43.3436012268066,42.936637878418,42.4135665893555,41.8438262939453,41.2437057495117,41.9833374023438,42.6585006713867,42.5775909423828,42.5244598388672,42.5743064880371,42.6029205322266,42.5937271118164,42.1506729125977,41.2111549377441,38.7104606628418,34.6738433837891,34.1985893249512,35.3682556152344,29.3689441680908,20.8761444091797,22.1087646484375,23.220287322998,24.7748603820801,26.0759506225586,25.5983924865723,28.2653274536133,34.0312995910645,37.9054336547852,40.5050201416016,39.453441619873,36.1350326538086,37.1739807128906,39.4931755065918,40.1663932800293,39.7141380310059,39.2594871520996,40.5638542175293,-9999,-9999,-9999,-9999,-9999,-9999,-9999,-9999,-9999,-9999,-9999,-9999,-9999,-9999,-9999,-9999,-9999,-9999,-9999
-9999,-9999,-9999,-9999,-9999,-9999,-9999,-9999,-9999,-9999,-9999,-9999,-9999,-9999,-9999,-9999,-9999,-9999,-9999,-9999,-9999,37.5878257751465,38.8378601074219,38.3900337219238,35.7187042236328,35.6297721862793,41.8737449645996,44.5172157287598,43.1899375915527,42.2327461242676,41.829891204834,41.5560722351074,41.2559585571289,41.0514526367188,40.6686134338379,40.1869316101074,39.763744354248,39.525203704834,39.3058395385742,39.4912796020508,39.2217407226563,37.3478088378906,36.9369812011719,38.3363151550293,38.8747482299805,39.2212142944336,39.3946800231934,39.463623046875,39.4989585876465,39.8374137878418,39.8654861450195,40.0809059143066,40.4216041564941,40.1479644775391,39.9191932678223,39.6611518859863,39.3700218200684,39.1167259216309,39.0804405212402,39.0278282165527,38.1754684448242,38.6621437072754,40.0592575073242,42.6996726989746,44.754997253418,42.913444519043,40.0534820556641,35.1200714111328,35.5904273986816,39.5756645202637,42.2534942626953,43.2088661193848,43.7075004577637,43.7092094421387,43.5794563293457,43.3341293334961,43.0405883789063,42.7177391052246,42.421329498291,42.1283760070801,42.2445983886719,42.3676490783691,42.3931579589844,42.4195404052734,42.4545631408691,42.4385299682617,42.3269958496094,42.1049880981445,41.7591247558594,40.9313430786133,39.7451858520508,39.743480682373,40.138053894043,37.7311553955078,33.8082809448242,31.3617782592773,29.1733875274658,29.7830963134766,30.9840698242188,31.1349582672119,32.1255722045898,35.2395362854004,38.4385032653809,41.3607215881348,41.082447052002,39.0377578735352,41.0186195373535,43.6928253173828,42.2571067810059,40.0427665710449,40.5607490539551,39.7793121337891,38.1235389709473,37.888614654541,-9999,-9999,-9999,-9999,-9999,-9999,-9999,-9999,-9999,-9999,-9999,-9999,-9999,-9999,-9999,-9999,-9999
-9999,-9999,-9999,-9999,-9999,-9999,-9999,-9999,-9999,-9999,-9999,-9999,-9999,-9999,-9999,-9999,-9999,-9999,-9999,-9999,-9999,35.9042358398438,35.4559516906738,36.6655769348145,36.1509628295898,36.9755516052246,41.5355491638184,43.8241996765137,43.5381660461426,43.1494674682617,42.6055145263672,42.2801704406738,42.1553192138672,41.9627151489258,41.636360168457,41.2515106201172,40.8368530273438,40.5126113891602,40.3629951477051,40.345386505127,39.8580360412598,38.0831985473633,37.1813468933105,37.7166442871094,38.1439361572266,38.7268524169922,39.253059387207,39.7927742004395,39.4319648742676,39.1994132995605,39.5162315368652,39.5524024963379,39.5324592590332,39.6496047973633,39.447826385498,39.14208984375,38.4391098022461,37.9909973144531,37.6982574462891,36.7366561889648,36.6430969238281,37.5211639404297,38.7190475463867,39.4553718566895,42.7020454406738,42.0470581054688,41.2042541503906,36.1542358398438,38.0138206481934,42.2023391723633,44.5893249511719,44.389705657959,44.1178550720215,43.7494468688965,-9999,-9999,-9999,-9999,-9999,-9999,-9999,42.0815010070801,42.1399078369141,42.1964530944824,42.2451362609863,42.219352722168,42.0532760620117,41.9342308044434,41.8668441772461,41.8393859863281,41.8387451171875,41.8057708740234,41.7697486877441,41.2106018066406,39.7420234680176,35.6590576171875,32.3747215270996,33.2448196411133,33.6002998352051,32.259708404541,32.5748596191406,33.8776359558105,36.5088386535645,40.0314483642578,40.9163017272949,40.5070991516113,42.5029907226563,44.7600212097168,42.3658447265625,39.0673217773438,40.0466346740723,39.4473304748535,38.8277893066406,36.960205078125,36.9407997131348,-9999,-9999,-9999,-9999,-9999,-9999,-9999,-9999,-9999,-9999,-9999,-9999,-9999,-9999,-9999,-9999
-9999,-9999,-9999,-9999,-9999,-9999,-9999,-9999,-9999,-9999,-9999,-9999,-9999,-9999,-9999,-9999,-9999,-9999,-9999,33.8216781616211,34.6000480651855,34.0071067810059,33.5052108764648,33.2787094116211,37.1324501037598,39.8704986572266,40.7137413024902,41.1323547363281,40.7364082336426,40.3847618103027,40.0542831420898,39.9436225891113,39.9153671264648,39.5603218078613,39.3011817932129,38.9819412231445,38.5737724304199,38.324291229248,38.1097793579102,38.1417694091797,39.0714645385742,41.0915756225586,41.4506530761719,39.2956123352051,38.5363731384277,39.255199432373,40.0812339782715,40.9741859436035,39.7779159545898,37.8428382873535,38.1967926025391,38.3253326416016,38.243953704834,38.0776100158691,37.8119850158691,37.3309783935547,35.8889274597168,34.8775482177734,34.4663238525391,35.4114265441895,37.3727531433105,40.1441383361816,42.0727386474609,41.7511940002441,41.1651763916016,39.4330825805664,40.8477973937988,42.0484657287598,42.1869888305664,43.3519058227539,44.0348587036133,-9999,-9999,-9999,-9999,-9999,-9999,-9999,-9999,-9999,-9999,-9999,-9999,41.79736328125,41.9047317504883,41.9224624633789,41.7711639404297,41.5850448608398,41.3600883483887,41.0978355407715,40.8085708618164,40.7190704345703,40.7078857421875,40.7781639099121,40.8481941223145,37.3537101745605,33.8558387756348,34.3947067260742,34.122802734375,29.0232849121094,26.1566028594971,27.7075080871582,30.8306846618652,33.9171104431152,37.2187042236328,40.340461730957,41.5237159729004,42.3344688415527,39.7829856872559,36.6055641174316,38.6673889160156,40.351245880127,40.5071296691895,34.7956466674805,35.7129287719727,-9999,-9999,-9999,-9999,-9999,-9999,-9999,-9999,-9999,-9999,-9999,-9999,-9999,-9999,-9999,-9999
-9999,-9999,-9999,-9999,-9999,-9999,-9999,-9999,-9999,-9999,-9999,-9999,-9999,-9999,-9999,-9999,-9999,-9999,31.7780952453613,32.977725982666,33.0981483459473,35.0443077087402,33.6211433410645,32.7537651062012,36.8616943359375,39.6315116882324,40.460391998291,40.8013229370117,40.2984275817871,39.8748245239258,39.7379875183105,39.6181182861328,39.5990524291992,39.4173545837402,38.9552192687988,38.915828704834,38.5887985229492,38.5420379638672,38.3039817810059,38.5671920776367,38.9931526184082,42.0702857971191,42.8480491638184,40.4994125366211,39.4958648681641,39.8485374450684,40.5870780944824,41.5166625976563,39.8659629821777,37.1314239501953,36.4399108886719,36.1012420654297,35.8188247680664,35.7533798217773,36.7091522216797,37.0138969421387,35.6324462890625,34.3878555297852,34.0091934204102,35.964298248291,39.2549057006836,41.5381393432617,43.0052947998047,43.2432136535645,43.1277847290039,42.8888664245605,42.5040969848633,43.1391754150391,-9999,-9999,-9999,-9999,-9999,-9999,-9999,-9999,-9999,-9999,-9999,-9999,-9999,-9999,-9999,-9999,-9999,41.59765625,41.4786376953125,41.2826461791992,41.0015678405762,40.6327133178711,40.201358795166,40.0414619445801,39.9815559387207,40.2756271362305,40.639217376709,38.2763290405273,35.8756408691406,35.0985145568848,33.4342422485352,28.5071411132813,24.9830856323242,24.0830974578857,25.1394844055176,27.7887172698975,33.0085067749023,37.8656005859375,38.6864395141602,38.9233474731445,38.4221725463867,37.6543769836426,38.5310211181641,39.4596862792969,39.488697052002,35.9565086364746,34.5896873474121,-9999,-9999,-9999,-9999,-9999,-9999,-9999,-9999,-9999,-9999,-9999,-9999,-9999,-9999,-9999,-9999
-9999,-9999,-9999,-9999,-9999,-9999,-9999,-9999,-9999,-9999,-9999,-9999,33.3677444458008,31.7613220214844,-9999,31.6151142120361,33.0633735656738,34.5492401123047,33.9311103820801,31.3577041625977,34.1830825805664,36.938175201416,36.0853576660156,35.2214736938477,35.784107208252,37.2220687866211,40.7349395751953,42.3291511535645,42.1671752929688,41.859920501709,41.7121963500977,41.6869087219238,41.7887840270996,41.5350303649902,41.398193359375,41.2212982177734,41.1770858764648,41.0845794677734,40.5917091369629,40.7806167602539,40.59228515625,40.9106330871582,41.1107559204102,40.6343193054199,40.6982421875,41.1647300720215,41.0887794494629,41.8760604858398,39.8743057250977,37.2073745727539,34.7658004760742,32.3396759033203,32.1491928100586,32.4559555053711,35.7362861633301,37.5666122436523,36.4792213439941,35.9563751220703,36.2974433898926,38.735767364502,41.4248924255371,42.6473579406738,43.2711334228516,43.382511138916,43.3685760498047,43.1858749389648,43.0192642211914,-9999,-9999,-9999,-9999,-9999,-9999,-9999,-9999,-9999,-9999,-9999,-9999,-9999,-9999,-9999,-9999,-9999,-9999,-9999,41.1757621765137,41.0204696655273,40.7726249694824,40.4127388000488,39.9746437072754,39.7303924560547,39.5548477172852,39.7286758422852,39.9544982910156,39.0788345336914,37.992790222168,35.33251953125,32.4344062805176,30.8154697418213,27.8995494842529,22.5577011108398,20.9380416870117,23.0010662078857,27.1872138977051,31.9224071502686,33.7454605102539,34.5364990234375,38.1514015197754,41.3071441650391,39.4898872375488,38.3891677856445,39.2538833618164,36.2641448974609,34.961799621582,-9999,-9999,-9999,-9999,-9999,-9999,-9999,-9999,-9999,-9999,-9999,-9999,-9999,-9999,-9999,-9999
-9999,-9999,-9999,-9999,-9999,-9999,-9999,-9999,-9999,-9999,30.9921722412109,32.6156120300293,34.3787689208984,32.022102355957,31.6266498565674,29.5461540222168,31.7245693206787,36.0606346130371,35.5677146911621,33.2131996154785,35.7583541870117,38.9166297912598,38.3901748657227,37.5761184692383,37.2714080810547,37.5722312927246,40.2759094238281,41.9402770996094,41.6277313232422,41.9668960571289,43.0150833129883,43.5580177307129,43.4709205627441,43.057731628418,42.8265113830566,42.554874420166,42.5930595397949,42.4375038146973,42.2135543823242,41.8721504211426,41.8175430297852,41.4302940368652,41.3869590759277,41.4106750488281,41.4213333129883,41.6791648864746,42.1424713134766,42.3274383544922,41.3496894836426,39.5303382873535,36.7575950622559,33.6148567199707,33.4577445983887,33.9411888122559,36.4735641479492,37.8685493469238,37.6700706481934,37.7651023864746,38.2327499389648,39.8634834289551,41.829345703125,42.6003150939941,42.9171905517578,42.9611396789551,42.9415092468262,42.8528022766113,-9999,-9999,-9999,-9999,-9999,-9999,-9999,-9999,-9999,-9999,-9999,-9999,-9999,-9999,-9999,-9999,-9999,-9999,-9999,-9999,-9999,40.7160263061523,40.4662208557129,40.1273307800293,39.7265472412109,39.4800720214844,39.2894287109375,39.3573875427246,39.4657402038574,39.3171653747559,38.9010810852051,36.4134712219238,33.5748825073242,31.9581985473633,29.4216365814209,25.1229648590088,21.9270877838135,20.7374267578125,23.3004016876221,27.0887718200684,30.31174659729,33.2886428833008,36.9519157409668,40.2539329528809,38.1264419555664,36.4955024719238,37.8149032592773,35.7172393798828,33.418571472168,-9999,-9999,-9999,-9999,-9999,-9999,-9999,-9999,-9999,-9999,-9999,-9999,-9999,-9999,-9999,-9999
-9999,-9999,-9999,-9999,-9999,-9999,-9999,-9999,27.8115139007568,28.8833541870117,29.1226043701172,29.0250759124756,30.1837501525879,32.181095123291,31.462516784668,29.6501941680908,31.8821315765381,36.1203498840332,36.3554229736328,34.7645034790039,37.7713279724121,40.4398918151855,40.2457962036133,39.4889869689941,39.2445831298828,39.3251953125,39.4309234619141,39.2218933105469,39.0549392700195,40.3386039733887,43.188777923584,44.2284393310547,44.2009162902832,44.1469535827637,44.0896682739258,43.9289894104004,43.6990127563477,43.4134368896484,43.3637008666992,43.0507431030273,42.8390960693359,42.6577415466309,42.5223159790039,42.4455718994141,42.3436012268066,42.383617401123,42.3996543884277,42.4648818969727,42.5010833740234,42.4960327148438,40.5006103515625,38.0504264831543,38.1640625,38.292106628418,38.4106636047363,38.6832466125488,38.1390609741211,38.7035636901855,40.2216415405273,41.3828430175781,41.9337692260742,42.1949081420898,-9999,-9999,-9999,-9999,-9999,-9999,-9999,-9999,-9999,-9999,-9999,-9999,-9999,-9999,-9999,-9999,-9999,-9999,-9999,-9999,-9999,-9999,-9999,-9999,-9999,-9999,40.1178436279297,39.8062438964844,39.4671745300293,39.2603874206543,39.1016464233398,39.075138092041,39.0700454711914,39.2924194335938,39.3158683776855,37.8511390686035,35.8351402282715,32.6063537597656,30.1310195922852,29.0915145874023,25.9072437286377,20.2968292236328,19.7534580230713,22.7076511383057,28.2837257385254,33.6195297241211,35.3828125,36.6023101806641,35.1296653747559,34.2334213256836,36.7087249755859,34.2695770263672,32.7563362121582,-9999,-9999,-9999,-9999,-9999,-9999,-9999,-9999,-9999,-9999,-9999,-9999,-9999,-9999,-9999,-9999
-9999,-9999,-9999,-9999,-9999,-9999,-9999,-9999,26.3397369384766,27.6697616577148,28.7463645935059,28.3541088104248,28.475154876709,29.0084457397461,29.6232147216797,30.3969612121582,33.774787902832,37.813045501709,37.8297729492188,36.532787322998,37.7186241149902,39.3521575927734,40.4248695373535,41.0693855285645,40.8748245239258,40.507396697998,40.2257766723633,39.8386421203613,39.5627479553223,40.2867736816406,42.1318244934082,42.6622886657715,42.5125961303711,42.4004211425781,42.2037353515625,42.0274658203125,41.9309844970703,41.6987838745117,41.5326766967773,41.3009757995605,41.1992149353027,41.006290435791,41.2406692504883,41.9916381835938,42.2691116333008,42.2197723388672,42.1173324584961,41.9930191040039,42.1143798828125,42.2419013977051,41.1959419250488,40.0093040466309,40.2540512084961,40.3863525390625,40.273811340332,40.0655364990234,39.7728805541992,40.1092758178711,40.986442565918,41.5395927429199,41.8449478149414,41.9651336669922,-9999,-9999,-9999,-9999,-9999,-9999,-9999,-9999,-9999,-9999,-9999,-9999,-9999,-9999,-9999,-9999,-9999,-9999,-9999,-9999,-9999,-9999,-9999,-9999,-9999,-9999,-9999,-9999,39.0735740661621,38.9080390930176,38.7855110168457,38.733226776123,38.6893692016602,38.9033279418945,38.981071472168,38.0370445251465,36.7977409362793,34.4650688171387,32.3950386047363,30.5145301818848,27.7886600494385,23.6839618682861,21.427906036377,20.1727867126465,24.8257179260254,29.9926795959473,31.3212337493896,32.2004470825195,31.6685810089111,31.5215339660645,34.531852722168,31.2172145843506,30.3691272735596,-9999,-9999,-9999,-9999,-9999,-9999,-9999,-9999,-9999,-9999,-9999,-9999,-9999,-9999,-9999,-9999
-9999,-9999,-9999,-9999,-9999,-9999,20.8264598846436,26.1596717834473,26.2009391784668,26.1322612762451,27.6002521514893,28.4423599243164,27.8130779266357,26.3440113067627,27.5231323242188,32.0490188598633,35.8331756591797,39.4240264892578,39.6165428161621,38.4328727722168,37.8829307556152,37.2593269348145,39.9153709411621,42.051586151123,42.0155982971191,41.9864730834961,41.6161804199219,41.2831230163574,40.8984222412109,40.662410736084,40.385498046875,40.0928573608398,39.764705657959,39.5069465637207,39.3213005065918,39.1459426879883,38.9483451843262,38.9062881469727,38.861400604248,38.7547988891602,38.6426048278809,38.5160484313965,39.2375831604004,41.1620864868164,41.9611587524414,41.8651466369629,41.6021118164063,41.2455635070801,41.0273971557617,40.816951751709,40.9267578125,41.0763854980469,41.2740783691406,41.4782600402832,41.4790802001953,41.3994598388672,41.1317977905273,40.9805335998535,41.0001983642578,41.2597351074219,41.7073593139648,-9999,-9999,-9999,-9999,-9999,-9999,-9999,-9999,-9999,-9999,-9999,-9999,-9999,-9999,-9999,-9999,-9999,-9999,-9999,-9999,-9999,-9999,-9999,-9999,-9999,-9999,-9999,-9999,-9999,-9999,-9999,-9999,38.3700218200684,38.3085250854492,38.4190368652344,38.4516143798828,37.9401206970215,37.3825569152832,36.5725059509277,34.8264770507813,31.2780990600586,28.9794921875,28.2106456756592,24.6908283233643,18.7066993713379,20.5569000244141,24.4109954833984,25.7801532745361,26.9345302581787,27.389274597168,28.2326908111572,32.2399711608887,29.8700771331787,-9999,-9999,-9999,-9999,-9999,-9999,-9999,-9999,-9999,-9999,-9999,-9999,-9999,-9999,-9999,-9999,-9999
-9999,-9999,-9999,-9999,-9999,-9999,26.0348796844482,26.135009765625,25.8539943695068,26.0426712036133,26.0658378601074,28.9338340759277,31.1207160949707,32.0926742553711,33.3399772644043,34.8019676208496,37.2827033996582,40.0814590454102,40.1390991210938,39.3496780395508,38.8652648925781,38.3317680358887,40.4172668457031,42.0986633300781,42.0724639892578,41.9242935180664,41.725528717041,41.5291137695313,41.182430267334,40.8010940551758,40.3676872253418,40.1072769165039,39.8487510681152,39.5608177185059,39.2723579406738,39.4605140686035,39.711971282959,39.6531600952148,39.5934181213379,39.4310569763184,39.2926483154297,39.2266311645508,39.6061248779297,40.6717567443848,41.1303100585938,41.0729141235352,40.8652534484863,40.5539741516113,40.4384994506836,40.3818206787109,40.5051956176758,40.64892578125,40.7422332763672,40.8323593139648,40.8764152526855,40.8623275756836,40.6799201965332,40.5578994750977,40.5178680419922,-9999,-9999,-9999,-9999,-9999,-9999,-9999,-9999,-9999,-9999,-9999,-9999,-9999,-9999,-9999,-9999,-9999,-9999,-9999,-9999,-9999,-9999,-9999,-9999,-9999,-9999,-9999,-9999,-9999,-9999,-9999,-9999,-9999,-9999,-9999,37.9044151306152,37.9647369384766,37.9946327209473,37.8168411254883,37.5424156188965,36.9865875244141,35.9524993896484,34.1110954284668,31.82861328125,29.201057434082,26.2680053710938,22.9468517303467,21.3034610748291,21.2544574737549,24.1598834991455,27.482084274292,28.6096992492676,29.8665657043457,31.6197414398193,29.2834415435791,30.2253189086914,28.1505279541016,-9999,-9999,-9999,-9999,-9999,-9999,-9999,-9999,-9999,-9999,-9999,-9999,-9999,-9999,-9999
-9999,-9999,-9999,-9999,25.0225658416748,26.7311496734619,26.1287364959717,26.0520572662354,25.9809055328369,25.8542442321777,26.6247119903564,31.0867500305176,34.7754135131836,37.4551391601563,38.342643737793,37.3443756103516,38.3170166015625,40.5026893615723,40.7228355407715,40.197135925293,39.7216835021973,39.2331123352051,40.3458862304688,41.3386344909668,41.4352340698242,41.4815101623535,41.3618850708008,41.2236404418945,41.0369720458984,40.7865715026855,40.5009269714355,40.2191925048828,39.9304389953613,39.6192512512207,39.314323425293,39.9000091552734,40.5878715515137,40.5038719177246,40.4039649963379,40.195987701416,40.0301475524902,39.9996185302734,40.0126190185547,40.098445892334,40.138671875,40.1406173706055,40.0098533630371,39.8101348876953,39.8746910095215,40.0095138549805,40.0531616210938,40.0829277038574,40.064640045166,40.0623245239258,-9999,-9999,-9999,-9999,-9999,-9999,-9999,-9999,-9999,-9999,-9999,-9999,-9999,-9999,-9999,-9999,-9999,-9999,-9999,-9999,-9999,-9999,-9999,-9999,-9999,-9999,-9999,-9999,-9999,-9999,-9999,-9999,-9999,-9999,-9999,-9999,-9999,-9999,-9999,-9999,-9999,37.5055961608887,37.5366401672363,37.6760139465332,37.6587715148926,37.1715202331543,36.8271484375,36.6210517883301,34.4015960693359,30.0549659729004,27.8433685302734,26.8384742736816,23.0409832000732,17.8148746490479,22.9384212493896,28.2322235107422,29.9431896209717,31.296459197998,31.0027256011963,22.246732711792,22.769416809082,28.3405456542969,28.8797416687012,-9999,-9999,-9999,-9999,-9999,-9999,-9999,-9999,-9999,-9999,-9999,-9999,-9999,-9999
-9999,-9999,-9999,-9999,30.6401557922363,28.3043327331543,27.3881988525391,25.7465801239014,26.3010234832764,27.8160152435303,30.5334014892578,33.5775489807129,36.155517578125,38.1359519958496,39.1593399047852,39.2388458251953,39.6767311096191,40.3757820129395,40.1997451782227,39.7091522216797,39.9685173034668,40.3572998046875,40.7547912597656,41.1042060852051,41.1185455322266,41.1176605224609,41.0738258361816,40.995059967041,40.8535232543945,40.6783752441406,40.4663772583008,40.2721099853516,40.0914916992188,39.9376983642578,39.7856063842773,39.9907875061035,40.2379379272461,40.0369873046875,39.8254432678223,39.5376968383789,39.2923622131348,39.1811981201172,39.1160507202148,39.1228294372559,39.1225433349609,39.1168022155762,39.0373458862305,-9999,-9999,-9999,-9999,-9999,-9999,-9999,-9999,-9999,-9999,-9999,-9999,-9999,-9999,-9999,-9999,-9999,-9999,-9999,-9999,-9999,-9999,-9999,-9999,-9999,-9999,-9999,-9999,-9999,-9999,-9999,-9999,-9999,-9999,-9999,-9999,-9999,-9999,-9999,-9999,-9999,-9999,-9999,-9999,-9999,-9999,-9999,-9999,-9999,37.1415748596191,37.256519317627,37.2983436584473,37.1297187805176,36.6719741821289,35.678165435791,33.4179534912109,29.8141078948975,27.8702926635742,26.7545509338379,22.2194499969482,16.0900173187256,19.7464809417725,23.6750583648682,25.1213874816895,26.4992160797119,27.194730758667,28.1448230743408,21.6660022735596,26.7867889404297,24.2308120727539,-9999,-9999,-9999,-9999,-9999,-9999,-9999,-9999,-9999,-9999,-9999,-9999,-9999,-9999
-9999,-9999,-9999,-9999,-9999,30.6708889007568,28.6463737487793,28.7129402160645,27.6765766143799,31.1725826263428,34.1127967834473,35.9689521789551,37.5425987243652,38.7647285461426,39.6937294006348,40.4011497497559,40.3790473937988,39.8458023071289,39.5166854858398,39.2612457275391,-9999,-9999,-9999,-9999,-9999,-9999,-9999,-9999,-9999,-9999,-9999,-9999,-9999,40.0156860351563,39.9707107543945,39.859790802002,39.739673614502,39.445068359375,-9999,-9999,-9999,-9999,-9999,-9999,-9999,-9999,-9999,-9999,-9999,-9999,-9999,-9999,-9999,-9999,-9999,-9999,-9999,-9999,-9999,-9999,-9999,-9999,-9999,-9999,-9999,-9999,-9999,-9999,-9999,-9999,-9999,-9999,-9999,-9999,-9999,-9999,-9999,-9999,-9999,-9999,-9999,-9999,-9999,-9999,-9999,-9999,-9999,-9999,-9999,-9999,-9999,-9999,-9999,-9999,-9999,-9999,36.7535972595215,36.8650131225586,36.9696502685547,37.067195892334,36.5897064208984,35.1023025512695,33.0393180847168,30.3234901428223,28.3976345062256,26.8775844573975,22.2085247039795,15.8325958251953,17.0750427246094,18.8134460449219,20.5591201782227,22.0739517211914,23.4103679656982,24.796142578125,24.8874073028564,22.4441204071045,-9999,-9999,-9999,-9999,-9999,-9999,-9999,-9999,-9999,-9999,-9999,-9999,-9999,-9999,-9999
-9999,-9999,-9999,-9999,-9999,30.3319664001465,30.3227920532227,31.265323638916,32.5497589111328,36.2553749084473,38.9936790466309,39.4344253540039,39.8267364501953,40.4277954101563,40.6810264587402,40.5758666992188,40.1950912475586,39.6169319152832,-9999,-9999,-9999,-9999,-9999,-9999,-9999,-9999,-9999,-9999,-9999,-9999,-9999,-9999,-9999,-9999,-9999,-9999,-9999,-9999,-9999,-9999,-9999,-9999,-9999,-9999,-9999,-9999,-9999,-9999,-9999,-9999,-9999,-9999,-9999,-9999,-9999,-9999,-9999,-9999,-9999,-9999,-9999,-9999,-9999,-9999,-9999,-9999,-9999,-9999,-9999,-9999,-9999,-9999,-9999,-9999,-9999,-9999,-9999,-9999,-9999,-9999,-9999,-9999,-9999,-9999,-9999,-9999,-9999,-9999,-9999,-9999,-9999,-9999,-9999,-9999,-9999,-9999,-9999,36.6244430541992,36.7970809936523,36.9019393920898,36.8073501586914,36.3737945556641,35.4472465515137,33.9566955566406,31.2510852813721,27.6559944152832,24.5042686462402,21.3583946228027,18.6968002319336,15.9573421478271,19.4903144836426,22.0930709838867,20.5909156799316,20.3771095275879,21.5304489135742,19.0479393005371,-9999,-9999,-9999,-9999,-9999,-9999,-9999,-9999,-9999,-9999,-9999,-9999,-9999,-9999,-9999
-9999,-9999,30.6215019226074,30.5533313751221,30.6241455078125,30.0240859985352,30.5766773223877,33.2023048400879,36.3558311462402,39.4737205505371,41.6333122253418,41.2850379943848,41.0653457641602,41.297233581543,41.1104888916016,40.4125518798828,39.7711067199707,-9999,-9999,-9999,-9999,-9999,-9999,-9999,-9999,-9999,-9999,-9999,-9999,-9999,-9999,-9999,-9999,-9999,-9999,-9999,-9999,-9999,-9999,-9999,-9999,-9999,-9999,-9999,-9999,-9999,-9999,-9999,-9999,-9999,-9999,-9999,-9999,-9999,-9999,-9999,-9999,-9999,-9999,-9999,-9999,-9999,-9999,-9999,-9999,-9999,-9999,-9999,-9999,-9999,-9999,-9999,-9999,-9999,-9999,-9999,-9999,-9999,-9999,-9999,-9999,-9999,-9999,-9999,-9999,-9999,-9999,-9999,-9999,-9999,-9999,-9999,-9999,-9999,-9999,-9999,-9999,36.363151550293,36.5827255249023,36.6839828491211,36.8475799560547,37.1066856384277,36.9804458618164,36.403148651123,33.8534889221191,29.7780475616455,27.136100769043,24.9877128601074,20.6281185150146,15.5637578964233,19.1060409545898,21.273250579834,17.9287643432617,16.9570426940918,21.1254482269287,17.6272296905518,-9999,-9999,-9999,-9999,-9999,-9999,-9999,-9999,-9999,-9999,-9999,-9999,-9999,-9999,-9999
-9999,-9999,-9999,-9999,30.6893730163574,30.1844940185547,30.8015193939209,35.3634414672852,39.0865936279297,40.1611671447754,40.807746887207,40.6595687866211,40.547435760498,40.6511306762695,40.3285675048828,39.4937629699707,-9999,-9999,-9999,-9999,-9999,-9999,-9999,-9999,-9999,-9999,-9999,-9999,-9999,-9999,-9999,-9999,-9999,-9999,-9999,-9999,-9999,-9999,-9999,-9999,-9999,-9999,-9999,-9999,-9999,-9999,-9999,-9999,-9999,-9999,-9999,-9999,-9999,-9999,-9999,-9999,-9999,-9999,-9999,-9999,-9999,-9999,-9999,-9999,-9999,-9999,-9999,-9999,-9999,-9999,-9999,-9999,-9999,-9999,-9999,-9999,-9999,-9999,-9999,-9999,-9999,-9999,-9999,-9999,-9999,-9999,-9999,-9999,-9999,-9999,-9999,-9999,-9999,-9999,-9999,-9999,-9999,36.0598449707031,36.2793006896973,36.3481292724609,36.5001831054688,36.7808990478516,36.9574279785156,36.9808616638184,36.0360565185547,34.3750038146973,30.4544334411621,25.5828762054443,22.9308128356934,20.5783557891846,18.9917182922363,17.2905654907227,16.1710891723633,15.9592514038086,17.4670829772949,18.9595489501953,-9999,-9999,-9999,-9999,-9999,-9999,-9999,-9999,-9999,-9999,-9999,-9999,-9999,-9999,-9999
-9999,-9999,-9999,-9999,30.8023529052734,30.822395324707,31.4127349853516,36.5155639648438,40.4502372741699,40.4894218444824,40.2840194702148,40.375659942627,40.3584289550781,40.1580047607422,39.6224365234375,-9999,-9999,-9999,-9999,-9999,-9999,-9999,-9999,-9999,-9999,-9999,-9999,-9999,-9999,-9999,-9999,-9999,-9999,-9999,-9999,-9999,-9999,-9999,-9999,-9999,-9999,-9999,-9999,-9999,-9999,-9999,-9999,-9999,-9999,-9999,-9999,-9999,-9999,-9999,-9999,-9999,-9999,-9999,-9999,-9999,-9999,-9999,-9999,-9999,-9999,-9999,-9999,-9999,-9999,-9999,-9999,-9999,-9999,-9999,-9999,-9999,-9999,-9999,-9999,-9999,-9999,-9999,-9999,-9999,-9999,-9999,-9999,-9999,-9999,-9999,-9999,-9999,-9999,-9999,-9999,-9999,-9999,35.714958190918,35.943000793457,35.9858474731445,36.0969848632813,36.3089027404785,36.5638618469238,36.8523063659668,36.7637710571289,36.3860397338867,32.1293983459473,25.975959777832,24.2416191101074,23.2512893676758,18.4515533447266,14.2342100143433,15.1792192459106,15.8630027770996,15.9888000488281,16.6675720214844,13.5947818756104,-9999,-9999,-9999,-9999,-9999,-9999,-9999,-9999,-9999,-9999,-9999,-9999,-9999,-9999
-9999,-9999,-9999,-9999,31.1615734100342,31.0656795501709,32.0793876647949,36.5805130004883,40.4231567382813,40.4323539733887,40.2444229125977,40.5784683227539,40.578971862793,39.8754539489746,39.0294647216797,-9999,-9999,-9999,-9999,-9999,-9999,-9999,-9999,-9999,-9999,-9999,-9999,-9999,-9999,-9999,-9999,-9999,-9999,-9999,-9999,-9999,-9999,-9999,-9999,-9999,-9999,-9999,-9999,-9999,-9999,-9999,-9999,-9999,-9999,-9999,-9999,-9999,-9999,-9999,-9999,-9999,-9999,-9999,-9999,-9999,-9999,-9999,-9999,-9999,-9999,-9999,-9999,-9999,-9999,-9999,-9999,-9999,-9999,-9999,-9999,-9999,-9999,-9999,-9999,-9999,-9999,-9999,-9999,-9999,-9999,-9999,-9999,-9999,-9999,-9999,-9999,-9999,-9999,-9999,-9999,-9999,-9999,35.3169593811035,35.5652008056641,35.5912094116211,35.6187324523926,35.6385383605957,35.6834373474121,35.7493286132813,35.7152633666992,35.5889129638672,31.735725402832,26.1738357543945,24.3057174682617,22.9412078857422,17.532543182373,12.9092721939087,15.1935739517212,16.7943687438965,17.2175159454346,17.8970756530762,18.6313419342041,13.9605712890625,-9999,-9999,-9999,-9999,-9999,-9999,-9999,-9999,-9999,-9999,-9999,-9999,-9999
-9999,-9999,-9999,-9999,26.6694316864014,31.2209129333496,32.288444519043,36.0397911071777,38.9248237609863,39.1442222595215,39.2070922851563,40.0857734680176,40.3848915100098,39.5501136779785,-9999,-9999,-9999,-9999,-9999,-9999,-9999,-9999,-9999,-9999,-9999,-9999,-9999,-9999,-9999,-9999,-9999,-9999,-9999,-9999,-9999,-9999,-9999,-9999,-9999,-9999,-9999,-9999,-9999,-9999,-9999,-9999,-9999,-9999,-9999,-9999,-9999,-9999,-9999,-9999,-9999,-9999,-9999,-9999,-9999,-9999,-9999,-9999,-9999,-9999,-9999,-9999,-9999,-9999,-9999,-9999,-9999,-9999,-9999,-9999,-9999,-9999,-9999,-9999,-9999,-9999,-9999,-9999,-9999,-9999,-9999,-9999,-9999,-9999,-9999,-9999,-9999,-9999,-9999,-9999,-9999,-9999,-9999,34.8824768066406,35.1488761901855,35.189640045166,35.186939239502,35.1026306152344,35.0991134643555,35.1743583679199,35.0033264160156,34.6781883239746,32.4775352478027,29.5214176177979,26.3921737670898,22.8989715576172,18.5490703582764,14.6381330490112,15.4886932373047,15.9420499801636,16.4607849121094,17.3160781860352,18.3655776977539,19.1216793060303,16.8616466522217,16.7171192169189,-9999,-9999,-9999,-9999,-9999,-9999,-9999,-9999,-9999,-9999,-9999
-9999,-9999,-9999,-9999,29.1992015838623,31.3836154937744,32.6893424987793,34.1848526000977,36.0059852600098,36.6657676696777,37.3298110961914,39.0423889160156,39.8740348815918,39.1933670043945,-9999,-9999,-9999,-9999,-9999,-9999,-9999,-9999,-9999,-9999,-9999,-9999,-9999,-9999,-9999,-9999,-9999,-9999,-9999,-9999,-9999,-9999,-9999,-9999,-9999,-9999,-9999,-9999,-9999,-9999,-9999,-9999,-9999,-9999,-9999,-9999,-9999,-9999,-9999,-9999,-9999,-9999,-9999,-9999,-9999,-9999,-9999,-9999,-9999,-9999,-9999,-9999,-9999,-9999,-9999,-9999,-9999,-9999,-9999,-9999,-9999,-9999,-9999,-9999,-9999,-9999,-9999,-9999,-9999,-9999,-9999,-9999,-9999,-9999,-9999,-9999,-9999,-9999,-9999,-9999,-9999,-9999,-9999,-9999,34.7007904052734,34.7810249328613,34.7895393371582,34.6731719970703,34.7512054443359,35.0188407897949,34.5661888122559,33.6452255249023,33.9553451538086,34.5489387512207,29.6378326416016,23.1175537109375,21.2745342254639,19.0402050018311,15.8740091323853,13.5586080551147,14.2631368637085,15.477952003479,17.6849670410156,18.7203807830811,18.9353122711182,-9999,-9999,-9999,-9999,-9999,-9999,-9999,-9999,-9999,-9999,-9999,-9999
-9999,-9999,-9999,-9999,28.6549224853516,30.7109260559082,30.5618076324463,31.3655300140381,32.5548629760742,34.7551002502441,36.9048271179199,38.2858123779297,38.9725799560547,38.7445068359375,-9999,-9999,-9999,-9999,-9999,-9999,-9999,-9999,-9999,-9999,-9999,-9999,-9999,-9999,-9999,-9999,-9999,-9999,-9999,-9999,-9999,-9999,-9999,-9999,-9999,-9999,-9999,-9999,-9999,-9999,-9999,-9999,-9999,-9999,-9999,-9999,-9999,-9999,-9999,-9999,-9999,-9999,-9999,-9999,-9999,-9999,-9999,-9999,-9999,-9999,-9999,-9999,-9999,-9999,-9999,-9999,-9999,-9999,-9999,-9999,-9999,-9999,-9999,-9999,-9999,-9999,-9999,-9999,-9999,-9999,-9999,-9999,-9999,-9999,-9999,-9999,-9999,-9999,-9999,-9999,-9999,-9999,-9999,-9999,34.2925300598145,34.3884162902832,34.4099922180176,34.3041496276855,34.4322242736816,34.7816848754883,34.5417976379395,33.9326171875,34.7964706420898,35.9771575927734,30.6437358856201,23.4277076721191,22.0206508636475,20.0967216491699,15.4964294433594,11.9786176681519,12.4050159454346,13.8934755325317,16.9595851898193,23.4432125091553,31.8874778747559,29.4837341308594,33.972785949707,-9999,-9999,-9999,-9999,-9999,-9999,-9999,-9999,-9999,-9999
-9999,-9999,-9999,-9999,-9999,22.0610542297363,28.0243606567383,29.0204238891602,28.7138595581055,33.1642684936523,36.8374519348145,37.5013236999512,37.8627624511719,38.2474899291992,-9999,-9999,-9999,-9999,-9999,-9999,-9999,-9999,-9999,-9999,-9999,-9999,-9999,-9999,-9999,-9999,-9999,-9999,-9999,-9999,-9999,-9999,-9999,-9999,-9999,-9999,-9999,-9999,-9999,-9999,-9999,-9999,-9999,-9999,-9999,-9999,-9999,-9999,-9999,-9999,-9999,-9999,-9999,-9999,-9999,-9999,-9999,-9999,-9999,-9999,-9999,-9999,-9999,-9999,-9999,-9999,-9999,-9999,-9999,-9999,-9999,-9999,-9999,-9999,-9999,-9999,-9999,-9999,-9999,-9999,-9999,-9999,-9999,-9999,-9999,-9999,-9999,-9999,-9999,-9999,-9999,-9999,-9999,-9999,33.8982543945313,33.9994430541992,34.0355987548828,33.9632682800293,34.1255798339844,34.5064849853516,34.7008247375488,34.7733955383301,35.4380645751953,36.1235046386719,30.7960548400879,23.7888031005859,22.1287269592285,19.788423538208,14.9370431900024,11.091814994812,10.8416290283203,12.1655826568604,16.1184730529785,23.0842781066895,31.3275051116943,34.2712173461914,34.9974975585938,32.1158218383789,-9999,-9999,-9999,-9999,-9999,-9999,-9999,-9999,-9999
-9999,-9999,-9999,-9999,-9999,25.1634521484375,26.4956283569336,26.2821846008301,27.7952442169189,32.9841918945313,36.7532691955566,37.1825370788574,37.5613632202148,38.0493698120117,-9999,-9999,-9999,-9999,-9999,-9999,-9999,-9999,-9999,-9999,-9999,-9999,-9999,-9999,-9999,-9999,-9999,-9999,-9999,-9999,-9999,-9999,-9999,-9999,-9999,-9999,-9999,-9999,-9999,-9999,-9999,-9999,-9999,-9999,-9999,-9999,-9999,-9999,-9999,-9999,-9999,-9999,-9999,-9999,-9999,-9999,-9999,-9999,-9999,-9999,-9999,-9999,-9999,-9999,-9999,-9999,-9999,-9999,-9999,-9999,-9999,-9999,-9999,-9999,-9999,-9999,-9999,-9999,-9999,-9999,-9999,-9999,-9999,-9999,-9999,-9999,-9999,-9999,-9999,-9999,-9999,-9999,-9999,-9999,33.510799407959,33.6197662353516,33.6745719909668,33.6463470458984,33.7890129089355,34.0854530334473,34.290771484375,34.424430847168,35.1292343139648,35.8489837646484,30.7979488372803,24.0545120239258,22.3594150543213,20.0082855224609,14.7149848937988,10.8971242904663,11.7257394790649,13.4621410369873,17.0381660461426,22.4956684112549,28.9007205963135,33.5480575561523,37.6560363769531,37.2641372680664,-9999,-9999,-9999,-9999,-9999,-9999,-9999,-9999,-9999
-9999,-9999,-9999,-9999,-9999,25.0938606262207,25.2591876983643,25.9908199310303,27.1163902282715,33.0579452514648,36.8690605163574,37.125560760498,37.432689666748,37.9154396057129,-9999,-9999,-9999,-9999,-9999,-9999,-9999,-9999,-9999,-9999,-9999,-9999,-9999,-9999,-9999,-9999,-9999,-9999,-9999,-9999,-9999,-9999,-9999,-9999,-9999,-9999,-9999,-9999,-9999,-9999,-9999,-9999,-9999,-9999,-9999,-9999,-9999,-9999,-9999,-9999,-9999,-9999,-9999,-9999,-9999,-9999,-9999,-9999,-9999,-9999,-9999,-9999,-9999,-9999,-9999,-9999,-9999,-9999,-9999,-9999,-9999,-9999,-9999,-9999,-9999,-9999,-9999,-9999,-9999,-9999,-9999,-9999,-9999,-9999,-9999,-9999,-9999,-9999,-9999,-9999,-9999,-9999,-9999,-9999,-9999,33.2378463745117,33.3127517700195,33.332935333252,33.4441337585449,33.6328430175781,33.7557601928711,33.8155517578125,34.6520195007324,35.531681060791,30.7338428497314,24.3164138793945,22.6424598693848,20.3546657562256,14.7829484939575,11.0556869506836,13.0478229522705,15.4486351013184,18.3791351318359,22.019775390625,25.8711090087891,30.9537925720215,36.3529930114746,38.1856079101563,-9999,-9999,-9999,-9999,-9999,-9999,-9999,-9999,-9999
-9999,-9999,-9999,-9999,-9999,-9999,24.2288665771484,24.7908229827881,25.9663543701172,32.2323150634766,36.4012718200684,36.8531227111816,37.181079864502,-9999,-9999,-9999,-9999,-9999,-9999,-9999,-9999,-9999,-9999,-9999,-9999,-9999,-9999,-9999,-9999,-9999,-9999,-9999,-9999,-9999,-9999,-9999,-9999,-9999,-9999,-9999,-9999,-9999,-9999,-9999,-9999,-9999,-9999,-9999,-9999,-9999,-9999,-9999,-9999,-9999,-9999,-9999,-9999,-9999,-9999,-9999,-9999,-9999,-9999,-9999,-9999,-9999,-9999,-9999,-9999,-9999,-9999,-9999,-9999,-9999,-9999,-9999,-9999,-9999,-9999,-9999,-9999,-9999,-9999,-9999,-9999,-9999,-9999,-9999,-9999,-9999,-9999,-9999,-9999,-9999,-9999,-9999,-9999,-9999,-9999,32.9680976867676,33.0682830810547,33.1288070678711,33.2283020019531,33.3562088012695,33.6782035827637,34.0927619934082,34.6144561767578,35.0151519775391,30.4834384918213,24.5976905822754,22.9842777252197,21.139835357666,17.6842231750488,14.9822816848755,13.7141342163086,13.4618129730225,14.8125438690186,19.2955589294434,25.6089248657227,29.3979835510254,32.9253463745117,34.2162094116211,-9999,-9999,-9999,-9999,-9999,-9999,-9999,-9999,-9999
-9999,-9999,-9999,-9999,-9999,-9999,22.8271827697754,22.4908142089844,24.4265022277832,31.3607654571533,36.0562438964844,36.5613479614258,36.9181671142578,-9999,-9999,-9999,-9999,-9999,-9999,-9999,-9999,-9999,-9999,-9999,-9999,-9999,-9999,-9999,-9999,-9999,-9999,-9999,-9999,-9999,-9999,-9999,-9999,-9999,-9999,-9999,-9999,-9999,-9999,-9999,-9999,-9999,-9999,-9999,-9999,-9999,-9999,-9999,-9999,-9999,-9999,-9999,-9999,-9999,-9999,-9999,-9999,-9999,-9999,-9999,-9999,-9999,-9999,-9999,-9999,-9999,-9999,-9999,-9999,-9999,-9999,-9999,-9999,-9999,-9999,-9999,-9999,-9999,-9999,-9999,-9999,-9999,-9999,-9999,-9999,-9999,-9999,-9999,-9999,-9999,-9999,-9999,-9999,-9999,-9999,32.7119445800781,32.8344993591309,32.9261741638184,33.0138359069824,33.0912628173828,33.6004371643066,34.3430290222168,34.5633697509766,34.5188789367676,30.26318359375,24.8517017364502,23.3739414215088,21.8138427734375,20.6991291046143,18.6393890380859,14.0660600662231,11.4274339675903,11.4190254211426,16.6422824859619,25.0950527191162,27.6545028686523,28.0128707885742,24.0181541442871,17.820972442627,15.8614702224731,-9999,-9999,-9999,-9999,-9999,-9999,-9999
-9999,-9999,-9999,-9999,-9999,-9999,21.4751930236816,21.9992237091064,22.959680557251,30.2627639770508,35.3005599975586,36.0256156921387,36.6370544433594,-9999,-9999,-9999,-9999,-9999,-9999,-9999,-9999,-9999,-9999,-9999,-9999,-9999,-9999,-9999,-9999,-9999,-9999,-9999,-9999,-9999,-9999,-9999,-9999,-9999,-9999,-9999,-9999,-9999,-9999,-9999,-9999,-9999,-9999,-9999,-9999,-9999,-9999,-9999,-9999,-9999,-9999,-9999,-9999,-9999,-9999,-9999,-9999,-9999,-9999,-9999,-9999,-9999,-9999,-9999,-9999,-9999,-9999,-9999,-9999,-9999,-9999,-9999,-9999,-9999,-9999,-9999,-9999,-9999,-9999,-9999,-9999,-9999,-9999,-9999,-9999,-9999,-9999,-9999,-9999,-9999,-9999,-9999,-9999,-9999,-9999,32.5781517028809,32.6716461181641,32.6963996887207,32.7569313049316,32.8408737182617,33.3306312561035,34.0415878295898,34.270076751709,34.2799835205078,30.1753749847412,24.9913082122803,23.6287326812744,22.2434711456299,20.9729804992676,18.7590961456299,13.9050378799438,11.5516023635864,12.8234968185425,16.1519641876221,20.6340560913086,21.801872253418,21.5912609100342,19.745059967041,17.1867370605469,13.4502611160278,8.07517528533936,-9999,-9999,-9999,-9999,-9999,-9999
-9999,-9999,-9999,-9999,-9999,-9999,-9999,-9999,-9999,-9999,-9999,-9999,-9999,-9999,-9999,-9999,-9999,-9999,-9999,-9999,-9999,-9999,-9999,-9999,-9999,-9999,-9999,-9999,-9999,-9999,-9999,-9999,-9999,-9999,-9999,-9999,-9999,-9999,-9999,-9999,-9999,-9999,-9999,-9999,-9999,-9999,-9999,-9999,-9999,-9999,-9999,-9999,-9999,-9999,-9999,-9999,-9999,-9999,-9999,-9999,-9999,-9999,-9999,-9999,-9999,-9999,-9999,-9999,-9999,-9999,-9999,-9999,-9999,-9999,-9999,-9999,-9999,-9999,-9999,-9999,-9999,-9999,-9999,-9999,-9999,-9999,-9999,-9999,-9999,-9999,-9999,-9999,-9999,-9999,-9999,-9999,-9999,-9999,-9999,-9999,32.4969253540039,32.4670829772949,32.510326385498,32.6130332946777,33.0965003967285,33.7881278991699,34.0039672851563,33.9940147399902,30.6068267822266,26.4118461608887,24.497350692749,22.5846920013428,21.2722072601318,18.9270114898682,13.8756561279297,11.6135387420654,13.6581144332886,15.1116437911987,16.2231349945068,15.7909679412842,14.7958097457886,15.1746311187744,16.0046615600586,10.0425662994385,7.64153003692627,3.1830620765686,-9999,-9999,-9999,-9999,-9999
-9999,-9999,-9999,-9999,-9999,-9999,-9999,-9999,-9999,-9999,-9999,-9999,-9999,-9999,-9999,-9999,-9999,-9999,-9999,-9999,-9999,-9999,-9999,-9999,-9999,-9999,-9999,-9999,-9999,-9999,-9999,-9999,-9999,-9999,-9999,-9999,-9999,-9999,-9999,-9999,-9999,-9999,-9999,-9999,-9999,-9999,-9999,-9999,-9999,-9999,-9999,-9999,-9999,-9999,-9999,-9999,-9999,-9999,-9999,-9999,-9999,-9999,-9999,-9999,-9999,-9999,-9999,-9999,-9999,-9999,-9999,-9999,-9999,-9999,-9999,-9999,-9999,-9999,-9999,-9999,-9999,-9999,-9999,-9999,-9999,-9999,-9999,-9999,-9999,-9999,-9999,-9999,-9999,-9999,-9999,-9999,-9999,-9999,-9999,-9999,32.285831451416,32.2442436218262,32.3128509521484,32.4790573120117,33.002326965332,33.7175712585449,33.8888244628906,33.8236961364746,33.0433921813965,32.0532379150391,27.4469985961914,22.8449897766113,21.5550651550293,19.2152690887451,13.9117469787598,11.5474481582642,13.0524492263794,13.7036247253418,13.4696969985962,12.0789747238159,10.2439489364624,9.74980735778809,9.64572238922119,6.87462615966797,3.39695715904236,3.26114678382874,2.77068972587585,-9999,-9999,-9999,-9999
-9999,-9999,-9999,-9999,-9999,-9999,-9999,-9999,-9999,-9999,-9999,-9999,-9999,-9999,-9999,-9999,-9999,-9999,-9999,-9999,-9999,-9999,-9999,-9999,-9999,-9999,-9999,-9999,-9999,-9999,-9999,-9999,-9999,-9999,-9999,-9999,-9999,-9999,-9999,-9999,-9999,-9999,-9999,-9999,-9999,-9999,-9999,-9999,-9999,-9999,-9999,-9999,-9999,-9999,-9999,-9999,-9999,-9999,-9999,-9999,-9999,-9999,-9999,-9999,-9999,-9999,-9999,-9999,-9999,-9999,-9999,-9999,-9999,-9999,-9999,-9999,-9999,-9999,-9999,-9999,-9999,-9999,-9999,-9999,-9999,-9999,-9999,-9999,-9999,-9999,-9999,-9999,-9999,-9999,-9999,-9999,-9999,-9999,-9999,-9999,32.0929183959961,32.0642318725586,32.1545944213867,32.3675117492676,32.8085708618164,33.3716316223145,33.6262245178223,33.7129745483398,34.5462951660156,35.262378692627,29.294942855835,23.0806732177734,21.8706684112549,19.4989204406738,14.1772079467773,11.322979927063,12.5568370819092,12.2452030181885,10.9743194580078,9.22247791290283,7.32297563552856,6.24186658859253,5.08340501785278,4.34136247634888,3.38282084465027,2.75171971321106,2.51823472976685,-9999,-9999,-9999,-9999
-9999,-9999,-9999,-9999,-9999,-9999,-9999,-9999,-9999,-9999,-9999,-9999,-9999,-9999,-9999,-9999,-9999,-9999,-9999,-9999,-9999,-9999,-9999,-9999,-9999,-9999,-9999,-9999,-9999,-9999,-9999,-9999,-9999,-9999,-9999,-9999,-9999,-9999,-9999,-9999,-9999,-9999,-9999,-9999,-9999,-9999,-9999,-9999,-9999,-9999,-9999,-9999,-9999,-9999,-9999,-9999,-9999,-9999,-9999,-9999,-9999,-9999,-9999,-9999,-9999,-9999,-9999,-9999,-9999,-9999,-9999,-9999,-9999,-9999,-9999,-9999,-9999,-9999,-9999,-9999,-9999,-9999,-9999,-9999,-9999,-9999,-9999,-9999,-9999,-9999,-9999,-9999,-9999,-9999,-9999,-9999,-9999,-9999,-9999,-9999,-9999,31.9615535736084,32.0807266235352,32.3034210205078,32.4247970581055,32.4833488464355,33.0663719177246,33.7066421508789,34.6100616455078,35.3308944702148,29.4201755523682,23.3006420135498,22.1961460113525,19.9975185394287,14.5549230575562,11.5051136016846,12.4872570037842,11.6218347549438,9.52579975128174,8.43528079986572,7.91677856445313,6.29046154022217,3.67569851875305,3.16749334335327,2.78253412246704,2.49716448783875,2.30470848083496,-9999,-9999,3.3811206817627,3.36610507965088
-9999,-9999,-9999,-9999,-9999,-9999,-9999,-9999,-9999,-9999,-9999,-9999,-9999,-9999,-9999,-9999,-9999,-9999,-9999,-9999,-9999,-9999,-9999,-9999,-9999,-9999,-9999,-9999,-9999,-9999,-9999,-9999,-9999,-9999,-9999,-9999,-9999,-9999,-9999,-9999,-9999,-9999,-9999,-9999,-9999,-9999,-9999,-9999,-9999,-9999,-9999,-9999,-9999,-9999,-9999,-9999,-9999,-9999,-9999,-9999,-9999,-9999,-9999,-9999,-9999,-9999,-9999,-9999,-9999,-9999,-9999,-9999,-9999,-9999,-9999,-9999,-9999,-9999,-9999,-9999,-9999,-9999,-9999,-9999,-9999,-9999,-9999,-9999,-9999,-9999,-9999,-9999,-9999,-9999,-9999,-9999,-9999,-9999,-9999,-9999,-9999,-9999,32.025074005127,32.2009239196777,32.157054901123,31.9712600708008,32.6914329528809,33.5751914978027,34.5727653503418,35.3744316101074,29.6018924713135,23.3463268280029,20.2424716949463,16.7211685180664,12.6304035186768,10.2533264160156,10.8384504318237,9.60092353820801,7.50744724273682,6.89113616943359,6.99475574493408,5.63920116424561,3.02103328704834,2.69259214401245,2.67324948310852,2.58177518844604,2.59846258163452,3.11036658287048,3.34071254730225,3.34444546699524,3.38491797447205
-9999,-9999,-9999,-9999,-9999,-9999,-9999,-9999,-9999,-9999,-9999,-9999,-9999,-9999,-9999,-9999,-9999,-9999,-9999,-9999,-9999,-9999,-9999,-9999,-9999,-9999,-9999,-9999,-9999,-9999,-9999,-9999,-9999,-9999,-9999,-9999,-9999,-9999,-9999,-9999,-9999,-9999,-9999,-9999,-9999,-9999,-9999,-9999,-9999,-9999,-9999,-9999,-9999,-9999,-9999,-9999,-9999,-9999,-9999,-9999,-9999,-9999,-9999,-9999,-9999,-9999,-9999,-9999,-9999,-9999,-9999,-9999,-9999,-9999,-9999,-9999,-9999,-9999,-9999,-9999,-9999,-9999,-9999,-9999,-9999,-9999,-9999,-9999,-9999,-9999,-9999,-9999,-9999,-9999,-9999,-9999,-9999,-9999,-9999,-9999,-9999,-9999,-9999,32.0583267211914,32.0199851989746,31.9024600982666,32.5131721496582,33.223461151123,34.4410667419434,35.4498672485352,29.8870372772217,23.2435340881348,15.4660663604736,8.91903305053711,7.8414306640625,7.28447914123535,7.59590148925781,6.72582626342773,4.78245401382446,4.03349685668945,4.22283697128296,3.76103353500366,3.30450224876404,3.11708045005798,3.16781520843506,3.15348649024963,3.16147017478943,3.33723258972168,3.21610307693481,2.984126329422,2.83740329742432
-9999,-9999,-9999,-9999,-9999,-9999,-9999,-9999,-9999,-9999,-9999,-9999,-9999,-9999,-9999,-9999,-9999,-9999,-9999,-9999,-9999,-9999,-9999,-9999,-9999,-9999,-9999,-9999,-9999,-9999,-9999,-9999,-9999,-9999,-9999,-9999,-9999,-9999,-9999,-9999,-9999,-9999,-9999,-9999,-9999,-9999,-9999,-9999,-9999,-9999,-9999,-9999,-9999,-9999,-9999,-9999,-9999,-9999,-9999,-9999,-9999,-9999,-9999,-9999,-9999,-9999,-9999,-9999,-9999,-9999,-9999,-9999,-9999,-9999,-9999,-9999,-9999,-9999,-9999,-9999,-9999,-9999,-9999,-9999,-9999,-9999,-9999,-9999,-9999,-9999,-9999,-9999,-9999,-9999,-9999,-9999,-9999,-9999,-9999,-9999,-9999,-9999,-9999,31.9232444763184,31.970609664917,32.0446548461914,32.4007759094238,32.757453918457,33.8898162841797,34.904426574707,29.7693061828613,23.3241119384766,13.6235666275024,6.18816804885864,6.5820426940918,6.76278400421143,6.9721827507019,5.99086332321167,3.53739523887634,2.71668767929077,2.94817185401917,3.22449803352356,2.99661421775818,3.19816493988037,3.25474524497986,3.30562686920166,3.27322793006897,3.07034707069397,4.48570108413696,9.49823188781738,15.0193920135498
-9999,-9999,-9999,-9999,-9999,-9999,-9999,-9999,-9999,-9999,-9999,-9999,-9999,-9999,-9999,-9999,-9999,-9999,-9999,-9999,-9999,-9999,-9999,-9999,-9999,-9999,-9999,-9999,-9999,-9999,-9999,-9999,-9999,-9999,-9999,-9999,-9999,-9999,-9999,-9999,-9999,-9999,-9999,-9999,-9999,-9999,-9999,-9999,-9999,-9999,-9999,-9999,-9999,-9999,-9999,-9999,-9999,-9999,-9999,-9999,-9999,-9999,-9999,-9999,-9999,-9999,-9999,-9999,-9999,-9999,-9999,-9999,-9999,-9999,-9999,-9999,-9999,-9999,-9999,-9999,-9999,-9999,-9999,-9999,-9999,-9999,-9999,-9999,-9999,-9999,-9999,-9999,-9999,-9999,-9999,-9999,-9999,-9999,-9999,-9999,-9999,-9999,-9999,-9999,31.9931526184082,32.3243141174316,32.4731330871582,32.5118408203125,33.0677223205566,33.9431228637695,29.3712215423584,23.218225479126,13.2405052185059,6.45386123657227,7.27388572692871,7.64691972732544,7.50458240509033,6.47239255905151,3.68687081336975,2.53350853919983,2.66491174697876,2.59176301956177,2.6160364151001,2.46533370018005,2.40889000892639,2.490562915802,2.28661561012268,2.12731313705444,6.65810441970825,20.1873626708984,30.8359375
-9999,-9999,-9999,-9999,-9999,-9999,-9999,-9999,-9999,-9999,-9999,-9999,-9999,-9999,-9999,-9999,-9999,-9999,-9999,-9999,-9999,-9999,-9999,-9999,-9999,-9999,-9999,-9999,-9999,-9999,-9999,-9999,-9999,-9999,-9999,-9999,-9999,-9999,-9999,-9999,-9999,-9999,-9999,-9999,-9999,-9999,-9999,-9999,-9999,-9999,-9999,-9999,-9999,-9999,-9999,-9999,-9999,-9999,-9999,-9999,-9999,-9999,-9999,-9999,-9999,-9999,-9999,-9999,-9999,-9999,-9999,-9999,-9999,-9999,-9999,-9999,-9999,-9999,-9999,-9999,-9999,-9999,-9999,-9999,-9999,-9999,-9999,-9999,-9999,-9999,-9999,-9999,-9999,-9999,-9999,-9999,-9999,-9999,-9999,-9999,-9999,-9999,-9999,-9999,-9999,-9999,32.2317314147949,32.137321472168,32.6928062438965,33.2528800964355,30.3562450408936,25.9169387817383,18.8421268463135,13.2557134628296,11.6072702407837,10.4984474182129,10.7209062576294,9.82621765136719,7.91279220581055,8.8081579208374,10.9225416183472,10.9603519439697,10.7756080627441,12.2085075378418,14.2223281860352,15.6582622528076,16.6210689544678,16.0868377685547,18.3905830383301,26.2090930938721,32.6802558898926
-9999,-9999,-9999,-9999,-9999,-9999,-9999,-9999,-9999,-9999,-9999,-9999,-9999,-9999,-9999,-9999,-9999,-9999,-9999,-9999,-9999,-9999,-9999,-9999,-9999,-9999,-9999,-9999,-9999,-9999,-9999,-9999,-9999,-9999,-9999,-9999,-9999,-9999,-9999,-9999,-9999,-9999,-9999,-9999,-9999,-9999,-9999,-9999,-9999,-9999,-9999,-9999,-9999,-9999,-9999,-9999,-9999,-9999,-9999,-9999,-9999,-9999,-9999,-9999,-9999,-9999,-9999,-9999,-9999,-9999,-9999,-9999,-9999,-9999,-9999,-9999,-9999,-9999,-9999,-9999,-9999,-9999,-9999,-9999,-9999,-9999,-9999,-9999,-9999,-9999,-9999,-9999,-9999,-9999,-9999,-9999,-9999,-9999,-9999,-9999,-9999,-9999,-9999,-9999,-9999,-9999,-9999,-9999,31.9331684112549,32.1871032714844,31.8995838165283,31.1952781677246,27.6184387207031,23.1973247528076,17.9126091003418,14.5424308776855,15.4838809967041,15.5006885528564,14.4791374206543,17.6709938049316,22.5869331359863,22.878173828125,22.0412921905518,24.8194351196289,27.6654434204102,29.9385452270508,31.5971927642822,31.0222473144531,30.6155624389648,30.5891666412354,-9999
-9999,-9999,-9999,-9999,-9999,-9999,-9999,-9999,-9999,-9999,-9999,-9999,-9999,-9999,-9999,-9999,-9999,-9999,-9999,-9999,-9999,-9999,-9999,-9999,-9999,-9999,-9999,-9999,-9999,-9999,-9999,-9999,-9999,-9999,-9999,-9999,-9999,-9999,-9999,-9999,-9999,-9999,-9999,-9999,-9999,-9999,-9999,-9999,-9999,-9999,-9999,-9999,-9999,-9999,-9999,-9999,-9999,-9999,-9999,-9999,-9999,-9999,-9999,-9999,-9999,-9999,-9999,-9999,-9999,-9999,-9999,-9999,-9999,-9999,-9999,-9999,-9999,-9999,-9999,-9999,-9999,-9999,-9999,-9999,-9999,-9999,-9999,-9999,-9999,-9999,-9999,-9999,-9999,-9999,-9999,-9999,-9999,-9999,-9999,-9999,-9999,-9999,-9999,-9999,-9999,-9999,-9999,-9999,-9999,-9999,31.6697788238525,31.4672813415527,29.6495819091797,27.5072765350342,24.6177005767822,22.8476524353027,22.9777431488037,22.800708770752,22.35205078125,24.0129013061523,26.5984191894531,26.7972850799561,26.3973369598389,27.8706150054932,29.4186401367188,30.7017250061035,31.651180267334,31.2637557983398,-9999,-9999,-9999
-9999,-9999,-9999,-9999,-9999,-9999,-9999,-9999,-9999,-9999,-9999,-9999,-9999,-9999,-9999,-9999,-9999,-9999,-9999,-9999,-9999,-9999,-9999,-9999,-9999,-9999,-9999,-9999,-9999,-9999,-9999,-9999,-9999,-9999,-9999,-9999,-9999,-9999,-9999,-9999,-9999,-9999,-9999,-9999,-9999,-9999,-9999,-9999,-9999,-9999,-9999,-9999,-9999,-9999,-9999,-9999,-9999,-9999,-9999,-9999,-9999,-9999,-9999,-9999,-9999,-9999,-9999,-9999,-9999,-9999,-9999,-9999,-9999,-9999,-9999,-9999,-9999,-9999,-9999,-9999,-9999,-9999,-9999,-9999,-9999,-9999,-9999,-9999,-9999,-9999,-9999,-9999,-9999,-9999,-9999,-9999,-9999,-9999,-9999,-9999,-9999,-9999,-9999,-9999,-9999,-9999,-9999,-9999,-9999,-9999,-9999,-9999,-9999,-9999,-9999,-9999,-9999,-9999,-9999,-9999,-9999,-9999,-9999,-9999,-9999,-9999,-9999,-9999,-9999,-9999,-9999
-9999,-9999,-9999,-9999,-9999,-9999,-9999,-9999,-9999,-9999,-9999,-9999,-9999,-9999,-9999,-9999,-9999,-9999,-9999,-9999,-9999,-9999,-9999,-9999,-9999,-9999,-9999,-9999,-9999,-9999,-9999,-9999,-9999,-9999,-9999,-9999,-9999,-9999,-9999,-9999,-9999,-9999,-9999,-9999,-9999,-9999,-9999,-9999,-9999,-9999,-9999,-9999,-9999,-9999,-9999,-9999,-9999,-9999,-9999,-9999,-9999,-9999,-9999,-9999,-9999,-9999,-9999,-9999,-9999,-9999,-9999,-9999,-9999,-9999,-9999,-9999,-9999,-9999,-9999,-9999,-9999,-9999,-9999,-9999,-9999,-9999,-9999,-9999,-9999,-9999,-9999,-9999,-9999,-9999,-9999,-9999,-9999,-9999,-9999,-9999,-9999,-9999,-9999,-9999,-9999,-9999,-9999,-9999,-9999,-9999,-9999,-9999,-9999,-9999,-9999,-9999,-9999,-9999,-9999,-9999,-9999,-9999,-9999,-9999,-9999,-9999,-9999,-9999,-9999,-9999,-9999

Step,25
Year,2.083333
-9999,-9999,-9999,-9999,-9999,-9999,-9999,-9999,-9999,-9999,-9999,-9999,-9999,-9999,-9999,-9999,-9999,-9999,-9999,-9999,-9999,-9999,-9999,-9999,-9999,-9999,-9999,-9999,-9999,-9999,-9999,-9999,-9999,-9999,-9999,-9999,-9999,-9999,-9999,-9999,-9999,-9999,-9999,-9999,-9999,-9999,-9999,-9999,-9999,-9999,-9999,-9999,-9999,-9999,-9999,-9999,-9999,-9999,-9999,-9999,-9999,-9999,-9999,-9999,-9999,-9999,-9999,-9999,-9999,-9999,-9999,-9999,-9999,-9999,-9999,-9999,-9999,-9999,-9999,-9999,-9999,-9999,-9999,-9999,-9999,-9999,-9999,-9999,-9999,-9999,-9999,-9999,-9999,-9999,-9999,-9999,-9999,-9999,-9999,-9999,-9999,-9999,-9999,-9999,-9999,-9999,-9999,-9999,-9999,-9999,-9999,-9999,-9999,-9999,-9999,-9999,-9999,-9999,-9999,-9999,-9999,-9999,-9999,-9999,-9999,-9999,-9999,-9999,-9999,-9999,-9999
-9999,-9999,-9999,-9999,-9999,-9999,-9999,-9999,-9999,-9999,-9999,-9999,-9999,-9999,-9999,-9999,-9999,-9999,-9999,-9999,-9999,-9999,-9999,-9999,-9999,-9999,-9999,-9999,-9999,-9999,-9999,-9999,-9999,-9999,-9999,-9999,-9999,-9999,-9999,-9999,-9999,-9999,-9999,-9999,-9999,-9999,-9999,-9999,-9999,-9999,-9999,-9999,-9999,-9999,-9999,-9999,-9999,-9999,-9999,-9999,-9999,-9999,-9999,-9999,-9999,-9999,-9999,-9999,-9999,-9999,-9999,-9999,-9999,-9999,-9999,-9999,-9999,-9999,-9999,-9999,-9999,-9999,-9999,-9999,-9999,-9999,-9999,-9999,-9999,-9999,-9999,-9999,-9999,-9999,-9999,-9999,-9999,-9999,-9999,-9999,-9999,-9999,-9999,-9999,-9999,-9999,-9999,-9999,-9999,-9999,-9999,-9999,-9999,-9999,-9999,-9999,-9999,-9999,-9999,-9999,-9999,-9999,-9999,-9999,-9999,-9999,-9999,-9999,-9999,-9999,-9999
-9999,-9999,-9999,-9999,-9999,-9999,-9999,-9999,-9999,-9999,-9999,-9999,-9999,-9999,-9999,-9999,-9999,-9999,-9999,-9999,-9999,-9999,-9999,-9999,-9999,-9999,-9999,-9999,-9999,-9999,-9999,-9999,-9999,-9999,-9999,-9999,-9999,-9999,-9999,-9999,-9999,-9999,-9999,-9999,-9999,-9999,-9999,-9999,-9999,-9999,-9999,-9999,-9999,-9999,-9999,-9999,-9999,-9999,-9999,-9999,-9999,-9999,-9999,-9999,-9999,-9999,-9999,-9999,-9999,-9999,-9999,-9999,-9999,-9999,37.3566436767578,37.840763092041,-9999,-9999,-9999,-9999,-9999,-9999,-9999,-9999,-9999,-9999,-9999,-9999,-9999,-9999,-9999,-9999,-9999,-9999,-9999,-9999,-9999,-9999,-9999,-9999,-9999,-9999,-9999,-9999,-9999,-9999,-9999,-9999,-9999,-9999,-9999,-9999,-9999,-9999,-9999,-9999,-9999,-9999,-9999,-9999,-9999,-9999,-9999,-9999,-9999,-9999,-9999,-9999,-9999,-9999,-9999
-9999,-9999,-9999,-9999,-9999,-9999,-9999,-9999,-9999,-9999,-9999,-9999,-9999,-9999,-9999,-9999,-9999,-9999,-9999,-9999,-9999,-9999,-9999,-9999,-9999,-9999,-9999,-9999,-9999,-9999,-9999,-9999,-9999,-9999,-9999,-9999,-9999,-9999,-9999,-9999,-9999,-9999,-9999,-9999,-9999,-9999,-9999,-9999,-9999,-9999,-9999,-9999,-9999,-9999,-9999,-9999,-9999,-9999,-9999,-9999,-9999,-9999,-9999,-9999,-9999,-9999,-9999,-9999,-9999,-9999,-9999,-9999,-9999,-9999,38.2357902526855,37.7372398376465,-9999,-9999,-9999,-9999,-9999,-9999,-9999,-9999,-9999,-9999,-9999,-9999,-9999,-9999,-9999,-9999,-9999,-9999,-9999,-9999,-9999,-9999,-9999,-9999,-9999,-9999,-9999,-9999,-9999,-9999,-9999,-9999,-9999,-9999,-9999,-9999,-9999,-9999,-9999,-9999,-9999,-9999,-9999,-9999,-9999,-9999,-9999,-9999,-9999,-9999,-9999,-9999,-9999,-9999,-9999
-9999,-9999,-9999,-9999,-9999,-9999,-9999,-9999,-9999,-9999,-9999,-9999,-9999,-9999,-9999,-9999,-9999,-9999,-9999,-9999,-9999,-9999,-9999,-9999,-9999,-9999,-9999,-9999,-9999,-9999,-9999,-9999,-9999,-9999,-9999,-9999,-9999,-9999,-9999,-9999,-9999,-9999,-9999,-9999,-9999,-9999,-9999,-9999,-9999,-9999,-9999,-9999,-9999,-9999,-9999,-9999,6.17529410853329E-13,1.09010196425174E-08,1.08165503220903E-08,1.07997628617795E-08,-9999,-9999,-9999,-9999,-9999,38.6979560852051,38.5731391906738,39.7396850585938,39.9913749694824,37.1577606201172,35.8740768432617,32.6621017456055,32.5042839050293,31.9526805877686,35.5869216918945,34.4309921264648,33.0224456787109,-9999,-9999,25.2333526611328,23.8662548065186,23.0505619049072,23.5896606445313,30.4583396911621,33.5430870056152,35.5108032226563,35.4468727111816,33.143440246582,25.0212993621826,-9999,-9999,-9999,-9999,-9999,-9999,-9999,-9999,-9999,-9999,-9999,-9999,-9999,-9999,-9999,-9999,-9999,-9999,-9999,-9999,-9999,-9999,-9999,-9999,-9999,-9999,-9999,-9999,-9999,-9999,-9999,-9999,-9999,-9999,-9999,-9999,-9999,-9999,-9999,-9999,-9999,-9999
-9999,-9999,-9999,-9999,-9999,-9999,-9999,-9999,-9999,-9999,-9999,-9999,-9999,-9999,-9999,-9999,-9999,-9999,-9999,-9999,-9999,-9999,-9999,-9999,-9999,-9999,-9999,-9999,-9999,-9999,-9999,-9999,-9999,-9999,-9999,-9999,-9999,-9999,-9999,-9999,-9999,-9999,-9999,-9999,-9999,-9999,-9999,-9999,-9999,-9999,-9999,-9999,-9999,-9999,-9999,7.13224509833743E-13,2.48484806064653E-08,0.000671720365062356,0.000667947228066623,0.000667178770527244,0.00136888748966157,44.7457962036133,-9999,44.0591163635254,42.4299430847168,42.0474815368652,41.635124206543,40.2766265869141,40.2549858093262,39.3214874267578,36.1685180664063,35.4138832092285,36.0000419616699,35.038013458252,34.6064529418945,35.0466384887695,33.8330993652344,33.3964385986328,32.1906471252441,29.6915664672852,26.4357795715332,23.6048240661621,26.8291683197021,29.8100357055664,34.0990982055664,36.461498260498,36.2894134521484,34.0598182678223,28.6704521179199,22.4623928070068,15.9403715133667,-9999,-9999,-9999,-9999,-9999,-9999,-9999,-9999,-9999,-9999,-9999,-9999,-9999,-9999,-9999,-9999,-9999,-9999,-9999,-9999,-9999,-9999,-9999,-9999,-9999,-9999,-9999,-9999,-9999,-9999,-9999,-9999,-9999,-9999,-9999,-9999,-9999,-9999,-9999,-9999
-9999,-9999,-9999,-9999,-9999,-9999,-9999,-9999,-9999,-9999,-9999,-9999,-9999,-9999,-9999,-9999,-9999,-9999,-9999,-9999,-9999,-9999,-9999,-9999,-9999,-9999,-9999,-9999,-9999,-9999,-9999,-9999,-9999,-9999,-9999,-9999,-9999,-9999,-9999,-9999,-9999,-9999,-9999,-9999,-9999,-9999,-9999,-9999,-9999,-9999,-9999,-9999,-9999,-9999,-9999,1.44838336879616E-08,0.000772488652728498,45.894660949707,45.8372230529785,45.8867530822754,46.042724609375,45.4057273864746,44.630428314209,44.601921081543,42.7196006774902,41.9952163696289,40.39404296875,40.8668212890625,40.0243759155273,38.4859848022461,37.4356994628906,37.1528396606445,36.8163642883301,36.5919876098633,36.1591682434082,35.7583084106445,34.8271560668945,33.7543182373047,31.9039878845215,29.6416320800781,26.6981925964355,24.0649871826172,27.4161911010742,31.9543876647949,35.9048957824707,37.6541748046875,37.2913665771484,34.8802223205566,29.1167259216309,22.843864440918,15.8859529495239,13.8951454162598,18.0739650726318,-9999,-9999,-9999,-9999,-9999,-9999,-9999,-9999,-9999,29.9592342376709,30.4864540100098,32.8519592285156,-9999,-9999,-9999,-9999,-9999,-9999,-9999,-9999,-9999,-9999,-9999,-9999,-9999,-9999,-9999,-9999,-9999,-9999,-9999,-9999,-9999,-9999,-9999,-9999,-9999,-9999
-9999,-9999,-9999,-9999,-9999,-9999,-9999,-9999,-9999,-9999,-9999,-9999,-9999,-9999,-9999,-9999,-9999,-9999,-9999,-9999,-9999,-9999,-9999,-9999,-9999,-9999,-9999,-9999,-9999,-9999,-9999,39.3370132446289,-9999,-9999,-9999,40.4625015258789,-9999,-9999,-9999,-9999,-9999,-9999,-9999,-9999,-9999,-9999,-9999,-9999,-9999,-9999,-9999,-9999,-9999,-9999,-9999,-9999,-9999,45.464412689209,45.6893501281738,45.7867584228516,-9999,46.1832695007324,45.6155967712402,44.6843872070313,43.30029296875,42.0815124511719,41.6200714111328,40.6271362304688,39.9360733032227,37.6434059143066,36.7742767333984,37.8209075927734,38.2229309082031,37.7025146484375,37.0616455078125,36.6260795593262,35.8470077514648,34.8668441772461,34.710277557373,34.736515045166,32.6623573303223,31.5304851531982,34.7423324584961,36.8064727783203,39.5577507019043,40.7934837341309,39.7793235778809,37.4773597717285,32.8287124633789,29.5705680847168,27.1677284240723,22.6645393371582,16.8648719787598,20.1045684814453,-9999,-9999,-9999,-9999,-9999,-9999,-9999,-9999,34.2263259887695,36.6937561035156,36.1793060302734,34.6430969238281,33.5353469848633,-9999,-9999,-9999,-9999,-9999,-9999,-9999,-9999,-9999,-9999,-9999,-9999,-9999,-9999,-9999,-9999,-9999,-9999,-9999,-9999,-9999,-9999,-9999,-9999
-9999,-9999,-9999,-9999,-9999,-9999,-9999,-9999,-9999,-9999,-9999,-9999,-9999,-9999,-9999,-9999,-9999,-9999,-9999,-9999,-9999,-9999,-9999,-9999,-9999,-9999,-9999,-9999,-9999,-9999,38.802001953125,38.2253570556641,-9999,-9999,39.8249702453613,39.9990119934082,-9999,-9999,36.1577568054199,37.892822265625,-9999,-9999,-9999,-9999,-9999,41.3065147399902,-9999,-9999,-9999,-9999,-9999,-9999,-9999,-9999,-9999,-9999,-9999,-9999,-9999,-9999,-9999,46.0481414794922,46.6144065856934,44.7303314208984,43.461612701416,42.4654083251953,40.8227767944336,39.7937850952148,38.698860168457,36.6705932617188,35.4200592041016,38.5093040466309,40.0347328186035,39.438159942627,38.5731773376465,38.1107063293457,37.2986221313477,36.2740325927734,37.7493286132813,39.2845726013184,39.7368354797363,38.8460884094238,39.7599258422852,40.7340431213379,41.8819198608398,42.3261375427246,41.4439849853516,39.7170333862305,36.4695129394531,35.5042343139648,36.8336448669434,30.3658256530762,18.0442008972168,20.0040588378906,24.3058223724365,-9999,-9999,-9999,-9999,-9999,34.8677673339844,35.2251777648926,35.2976379394531,35.9870986938477,36.7435684204102,37.5282516479492,35.9064292907715,32.7488327026367,-9999,-9999,-9999,-9999,-9999,-9999,-9999,-9999,-9999,-9999,-9999,-9999,-9999,-9999,-9999,-9999,-9999,-9999,-9999,-9999,-9999,-9999,-9999
-9999,-9999,-9999,-9999,-9999,-9999,-9999,-9999,-9999,-9999,-9999,-9999,-9999,-9999,-9999,-9999,-9999,-9999,-9999,-9999,-9999,-9999,-9999,38.9095191955566,38.6504859924316,-9999,-9999,-9999,-9999,38.7059593200684,38.3648376464844,38.7733421325684,37.788272857666,39.0769653320313,39.7383232116699,39.2383155822754,36.9871597290039,35.6471061706543,35.8393020629883,-9999,38.4778480529785,40.6807708740234,-9999,-9999,40.9635925292969,41.4626350402832,41.9504051208496,42.8945236206055,-9999,-9999,-9999,-9999,-9999,-9999,-9999,-9999,-9999,41.6342697143555,43.8733787536621,-9999,-9999,-9999,44.9463386535645,44.6203575134277,44.0427474975586,42.4356651306152,42.1754875183105,41.0197906494141,39.4709243774414,35.8560180664063,34.5208396911621,37.8399314880371,39.5174942016602,40.3600616455078,40.1906547546387,39.4603805541992,38.8928565979004,37.8290214538574,37.8338356018066,39.471752166748,39.9210815429688,39.9503746032715,40.9770088195801,41.8362579345703,42.2496910095215,42.3983726501465,42.0362205505371,40.9419174194336,38.3556098937988,36.6953086853027,35.8700637817383,31.1124477386475,23.9825344085693,23.4443550109863,24.1861057281494,21.3099517822266,20.8515472412109,22.2847690582275,22.8374118804932,24.8172607421875,29.650218963623,34.941780090332,35.0222396850586,35.5015144348145,36.4089202880859,37.5573844909668,38.3208045959473,34.7181816101074,33.489990234375,34.4133682250977,-9999,-9999,-9999,-9999,-9999,-9999,-9999,-9999,-9999,-9999,-9999,-9999,-9999,-9999,-9999,-9999,-9999,-9999,-9999,-9999,-9999
-9999,-9999,-9999,-9999,-9999,-9999,-9999,-9999,-9999,-9999,-9999,-9999,-9999,-9999,-9999,-9999,-9999,-9999,-9999,-9999,-9999,-9999,38.2080917358398,38.0511665344238,38.1730003356934,39.4711799621582,39.8802528381348,37.6075096130371,37.4391326904297,37.550106048584,37.5730361938477,38.269905090332,36.8547019958496,37.5314331054688,38.5836791992188,37.457820892334,35.0138320922852,35.3187561035156,35.3896026611328,36.3266105651855,37.4244079589844,39.4229507446289,40.6970024108887,40.874885559082,41.1928634643555,41.5009918212891,42.6110382080078,43.2330627441406,43.2824058532715,-9999,-9999,-9999,-9999,-9999,-9999,-9999,-9999,39.780647277832,40.5464172363281,42.5320320129395,-9999,-9999,43.407657623291,44.8327713012695,45.4348831176758,44.5409126281738,42.5247802734375,40.7455673217773,38.1613349914551,34.9026985168457,33.6492195129395,37.4692077636719,39.2232933044434,40.7857666015625,40.9613952636719,40.5592002868652,39.8383407592773,39.1965599060059,39.3167610168457,38.6833839416504,39.8899307250977,41.036262512207,42.013484954834,42.7118110656738,42.5710258483887,42.4743003845215,42.4743728637695,41.8454971313477,40.368782043457,37.947639465332,34.8026390075684,31.7344551086426,28.5787391662598,25.904634475708,23.490629196167,22.235050201416,21.9434242248535,24.0182151794434,24.1916599273682,23.6993789672852,26.0669574737549,32.4463577270508,35.297794342041,35.8229293823242,36.4635696411133,37.0350952148438,38.0298614501953,39.0396194458008,36.8345031738281,35.0701217651367,-9999,-9999,-9999,-9999,-9999,-9999,-9999,-9999,-9999,-9999,-9999,-9999,-9999,-9999,-9999,-9999,-9999,-9999,-9999,-9999,-9999
-9999,-9999,-9999,-9999,-9999,-9999,-9999,-9999,-9999,-9999,-9999,-9999,-9999,-9999,-9999,-9999,-9999,-9999,-9999,-9999,-9999,-9999,38.9430046081543,37.4061470031738,37.3288536071777,38.8333282470703,41.6628265380859,41.383171081543,36.6077880859375,36.7598152160645,37.3494606018066,37.530632019043,37.4314651489258,37.0563278198242,37.2580413818359,36.0014305114746,35.0973205566406,34.9535675048828,34.7524147033691,35.2654113769531,36.6627922058105,38.6751365661621,40.2461814880371,40.6020011901855,40.7624778747559,41.0267143249512,41.2206878662109,42.8276329040527,43.040641784668,43.1889190673828,42.9756317138672,-9999,-9999,-9999,-9999,-9999,-9999,-9999,39.3122901916504,40.8966979980469,42.4651412963867,42.7692489624023,43.1600723266602,44.450366973877,45.6831855773926,44.0028991699219,42.6437454223633,38.490119934082,35.221996307373,33.3354415893555,34.6333198547363,38.5759468078613,40.689094543457,41.7983703613281,42.1788063049316,42.1771774291992,41.8682899475098,41.45361328125,40.9010772705078,40.0802841186523,41.0868301391602,42.0492935180664,42.375846862793,42.6202621459961,42.5932807922363,42.576000213623,42.5859603881836,42.0245933532715,40.8019523620605,38.1337394714355,33.5199241638184,31.8122444152832,30.8483295440674,25.5506896972656,19.4331588745117,20.3959350585938,21.2690658569336,23.0332374572754,24.2429428100586,23.852123260498,26.4553394317627,33.040111541748,36.7271995544434,38.4923896789551,38.0133781433105,35.9444160461426,36.5946998596191,38.2997932434082,38.2813682556152,35.7842254638672,38.4265022277832,-9999,-9999,-9999,-9999,-9999,-9999,-9999,-9999,-9999,-9999,-9999,-9999,-9999,-9999,-9999,-9999,-9999,-9999,-9999,-9999
-9999,-9999,-9999,-9999,-9999,-9999,-9999,-9999,-9999,-9999,-9999,-9999,-9999,-9999,-9999,-9999,-9999,-9999,-9999,-9999,-9999,-9999,38.8559341430664,38.7503967285156,36.744255065918,35.8897705078125,42.0691986083984,44.0875701904297,40.3108062744141,38.2468032836914,38.4345779418945,38.6030235290527,37.9308776855469,37.783763885498,37.2052574157715,36.6964988708496,36.2479858398438,35.9566802978516,35.7843475341797,36.3958778381348,37.0281028747559,38.3925285339355,39.2569580078125,39.6879844665527,40.0231323242188,40.1123046875,40.3005981445313,40.6227531433105,41.6837463378906,42.7477493286133,42.9197731018066,-9999,-9999,-9999,-9999,39.6284370422363,39.4971580505371,38.8927536010742,39.0521049499512,39.9666938781738,41.0335884094238,42.154167175293,43.2806549072266,44.2045402526855,44.4115524291992,42.6174087524414,41.2471084594727,36.7493286132813,33.8221473693848,35.404899597168,36.6684761047363,40.0929908752441,42.1386833190918,43.1602516174316,43.5315399169922,43.3456764221191,42.9230766296387,42.4129753112793,41.8471145629883,41.2441864013672,41.9824104309082,42.6572341918945,42.5765495300293,42.5240135192871,42.5744094848633,42.603588104248,42.5937042236328,42.151439666748,41.2109069824219,38.7103462219238,34.6709365844727,34.1968421936035,35.3824768066406,29.2875785827637,20.9252967834473,22.1513805389404,23.168924331665,24.7321395874023,26.0623779296875,25.63840675354,28.0576400756836,34.0185317993164,37.9228210449219,40.5056037902832,39.492073059082,36.1489715576172,37.1466865539551,39.4467582702637,40.0314559936523,39.8075256347656,38.7405815124512,40.3067436218262,-9999,-9999,-9999,-9999,-9999,-9999,-9999,-9999,-9999,-9999,-9999,-9999,-9999,-9999,-9999,-9999,-9999,-9999,-9999
-9999,-9999,-9999,-9999,-9999,-9999,-9999,-9999,-9999,-9999,-9999,-9999,-9999,-9999,-9999,-9999,-9999,-9999,-9999,-9999,-9999,37.8590927124023,39.0531044006348,38.2782707214355,35.7575759887695,35.6392631530762,41.9290046691895,44.4346008300781,43.1642074584961,42.1799621582031,41.7405433654785,41.4633331298828,41.3601379394531,40.835823059082,40.6889724731445,40.2510223388672,39.7864761352539,39.4660339355469,39.3090744018555,39.5001792907715,39.2079544067383,37.3241844177246,36.9259338378906,38.3086013793945,38.9237289428711,39.2441711425781,39.4301605224609,39.3752593994141,39.416431427002,39.8648414611816,40.4639434814453,40.0728988647461,40.4677658081055,40.6569900512695,40.1136093139648,39.7867851257324,39.3576965332031,39.065013885498,39.0959701538086,39.0367546081543,38.1745452880859,38.5035018920898,40.0309028625488,42.812427520752,44.4454345703125,43.2766799926758,39.8849945068359,35.9284744262695,35.595947265625,39.5789260864258,42.2575073242188,43.2084617614746,43.7058296203613,43.7137336730957,43.5776519775391,43.3395462036133,43.0363082885742,42.7172241210938,42.4202461242676,42.1273956298828,42.24560546875,42.3667640686035,42.3928489685059,42.420051574707,42.4545249938965,42.438289642334,42.3267860412598,42.1047897338867,41.7590599060059,40.9311256408691,39.744255065918,39.740852355957,40.1371269226074,37.7269096374512,33.8673400878906,30.9874725341797,29.0274810791016,29.9437503814697,31.1195392608643,31.0059642791748,32.0379867553711,35.3165626525879,38.3375015258789,41.3426132202148,41.1414566040039,39.0530281066895,41.0429000854492,43.717700958252,42.3538589477539,40.1481285095215,40.3837852478027,39.7874336242676,38.7189178466797,37.8560752868652,-9999,-9999,-9999,-9999,-9999,-9999,-9999,-9999,-9999,-9999,-9999,-9999,-9999,-9999,-9999,-9999,-9999
-9999,-9999,-9999,-9999,-9999,-9999,-9999,-9999,-9999,-9999,-9999,-9999,-9999,-9999,-9999,-9999,-9999,-9999,-9999,-9999,-9999,35.872314453125,35.4773139953613,36.6197395324707,36.1368141174316,36.919059753418,41.5277328491211,43.7718887329102,43.5912399291992,43.1762161254883,42.6307830810547,42.2925186157227,42.2052459716797,41.9235343933105,41.6013793945313,41.2957382202148,40.7989654541016,40.4995880126953,40.3376274108887,40.3503494262695,39.8743591308594,38.0538711547852,37.141674041748,37.6778907775879,38.1606674194336,38.6755104064941,39.221736907959,39.7414093017578,39.4893684387207,39.1587371826172,39.3429069519043,39.7324295043945,39.4203681945801,39.5059013366699,39.3967590332031,39.0457229614258,38.5219039916992,38.0009498596191,37.671215057373,36.7618179321289,36.5226783752441,37.8070030212402,38.7065658569336,39.354434967041,43.247673034668,42.2926063537598,41.7306747436523,36.210147857666,38.0081787109375,42.2012100219727,44.585693359375,44.39013671875,44.1177864074707,43.7492294311523,-9999,-9999,-9999,-9999,-9999,-9999,-9999,42.0812149047852,42.1396255493164,42.1961822509766,42.2448577880859,42.2190780639648,42.0530891418457,41.9340400695801,41.8666877746582,41.839225769043,41.8394050598145,41.8064880371094,41.7581558227539,41.2067680358887,39.7438621520996,35.6871871948242,32.3903160095215,33.1577453613281,33.5596466064453,32.287052154541,32.3361625671387,34.1090927124023,36.6868057250977,40.0319786071777,40.8844261169434,40.4849014282227,42.5153274536133,44.7599143981934,42.3402137756348,39.2655448913574,40.0536880493164,39.44091796875,38.6855316162109,36.7927093505859,37.2552108764648,-9999,-9999,-9999,-9999,-9999,-9999,-9999,-9999,-9999,-9999,-9999,-9999,-9999,-9999,-9999,-9999
-9999,-9999,-9999,-9999,-9999,-9999,-9999,-9999,-9999,-9999,-9999,-9999,-9999,-9999,-9999,-9999,-9999,-9999,-9999,33.8721961975098,34.5794219970703,34.0572891235352,33.4193115234375,33.2924652099609,37.1500625610352,39.8811111450195,40.7420043945313,41.1315383911133,40.7335472106934,40.3335571289063,40.0157356262207,39.9258728027344,39.8737869262695,39.6044578552246,39.2709274291992,38.9291763305664,38.5791053771973,38.3329200744629,38.1732521057129,38.209285736084,38.8324661254883,41.0796165466309,41.4808349609375,39.3751029968262,38.5728073120117,39.2111778259277,40.0753173828125,41.034553527832,39.8028411865234,37.8676071166992,38.1761589050293,38.3327560424805,38.2268676757813,38.116455078125,37.9101638793945,37.3014869689941,35.8948287963867,34.9103622436523,34.4516296386719,35.5763778686523,37.7104339599609,40.1313018798828,42.0533828735352,41.795970916748,41.4757423400879,39.5598220825195,40.8094787597656,42.0499000549316,42.186595916748,43.3516006469727,44.0345497131348,-9999,-9999,-9999,-9999,-9999,-9999,-9999,-9999,-9999,-9999,-9999,-9999,41.7971038818359,41.9044570922852,41.9221839904785,41.7708129882813,41.584846496582,41.359504699707,41.0976066589355,40.8083992004395,40.7199096679688,40.7068176269531,40.7769088745117,40.8479270935059,37.3490180969238,33.8818321228027,34.3717231750488,33.9480247497559,29.0910015106201,26.2568836212158,27.879186630249,30.3214130401611,33.7596168518066,37.1422271728516,40.3006324768066,41.5574760437012,42.3455276489258,39.8525772094727,36.4986877441406,38.7580757141113,40.6291160583496,40.2331504821777,35.0888061523438,35.5321235656738,-9999,-9999,-9999,-9999,-9999,-9999,-9999,-9999,-9999,-9999,-9999,-9999,-9999,-9999,-9999,-9999
-9999,-9999,-9999,-9999,-9999,-9999,-9999,-9999,-9999,-9999,-9999,-9999,-9999,-9999,-9999,-9999,-9999,-9999,31.7744140625,32.9642028808594,33.1487236022949,35.0086212158203,33.5936088562012,32.7759552001953,36.8450241088867,39.5724945068359,40.4191703796387,40.8239707946777,40.292781829834,39.861499786377,39.7023010253906,39.6343879699707,39.6175842285156,39.3643226623535,39.0608787536621,38.8869514465332,38.6491050720215,38.5515518188477,38.3003807067871,38.244499206543,39.023983001709,42.0350952148438,43.0657768249512,40.3817558288574,39.4819564819336,39.8102264404297,40.6385536193848,41.4008331298828,39.8655395507813,37.1608467102051,36.4930686950684,36.0630187988281,35.8518486022949,35.7216720581055,36.7535400390625,37.0104751586914,35.568115234375,34.5019187927246,33.9948501586914,35.9875602722168,39.2601165771484,41.545539855957,42.9974365234375,43.2403564453125,43.1302108764648,42.8898620605469,42.482551574707,43.1384048461914,-9999,-9999,-9999,-9999,-9999,-9999,-9999,-9999,-9999,-9999,-9999,-9999,-9999,-9999,-9999,-9999,-9999,41.5973930358887,41.4783630371094,41.282341003418,41.0013771057129,40.6324920654297,40.2011184692383,40.0414123535156,39.9813499450684,40.2748336791992,40.6448631286621,38.278247833252,35.8796005249023,35.0489196777344,33.5017967224121,28.5329818725586,24.7579574584961,24.1180782318115,24.8418102264404,27.7166213989258,32.8081512451172,37.7394866943359,38.6961479187012,38.9572792053223,38.3816146850586,37.6686477661133,38.6819648742676,39.3963432312012,38.8874206542969,36.1995620727539,35.1128921508789,-9999,-9999,-9999,-9999,-9999,-9999,-9999,-9999,-9999,-9999,-9999,-9999,-9999,-9999,-9999,-9999
-9999,-9999,-9999,-9999,-9999,-9999,-9999,-9999,-9999,-9999,-9999,-9999,33.3817291259766,31.8731708526611,-9999,31.5772075653076,33.0864753723145,34.5633277893066,33.9476623535156,31.3045921325684,34.1101226806641,36.9850921630859,36.1440734863281,35.2625122070313,35.6688804626465,37.2519645690918,40.716423034668,42.57470703125,42.3474349975586,41.8542556762695,41.7059211730957,41.7360382080078,41.9229850769043,41.4782791137695,41.2154502868652,41.7443542480469,41.1691741943359,41.3265342712402,40.8102149963379,40.1750602722168,40.5822143554688,40.9318237304688,41.0713081359863,40.9897499084473,40.5488204956055,41.0607986450195,41.1025390625,41.5527534484863,39.8373527526855,37.1391258239746,34.7167282104492,32.3702125549316,32.0856819152832,32.4479560852051,35.7344360351563,37.4849052429199,36.4754104614258,35.9266548156738,36.1913948059082,38.7336387634277,41.4283447265625,42.6485061645508,43.2747650146484,43.3823013305664,43.3679504394531,43.1853637695313,43.0187606811523,-9999,-9999,-9999,-9999,-9999,-9999,-9999,-9999,-9999,-9999,-9999,-9999,-9999,-9999,-9999,-9999,-9999,-9999,-9999,41.1754837036133,41.020191192627,40.7723922729492,40.4125213623047,39.9743881225586,39.7299613952637,39.5563354492188,39.7295112609863,39.9507713317871,39.0772094726563,37.9903411865234,35.3299407958984,32.435848236084,30.8772735595703,27.8758277893066,22.6620063781738,20.9955596923828,23.1048221588135,27.3696346282959,31.9066314697266,33.5647621154785,34.5860252380371,38.226806640625,41.2780227661133,39.5492401123047,38.3630981445313,39.6831130981445,36.7006568908691,34.5095901489258,-9999,-9999,-9999,-9999,-9999,-9999,-9999,-9999,-9999,-9999,-9999,-9999,-9999,-9999,-9999,-9999
-9999,-9999,-9999,-9999,-9999,-9999,-9999,-9999,-9999,-9999,30.9019069671631,32.7966842651367,34.3835754394531,32.0058212280273,31.6886615753174,29.5792465209961,31.7236766815186,36.0862655639648,35.5083923339844,33.0046691894531,35.7532539367676,38.9602317810059,38.269847869873,37.9882659912109,37.5874176025391,38.0079345703125,40.4777679443359,41.9501419067383,41.4407958984375,42.1134567260742,43.0906867980957,43.4729347229004,43.2539978027344,43.0470962524414,42.9149513244629,42.6442985534668,42.5999870300293,42.2585220336914,42.0747756958008,41.9140930175781,41.7238960266113,41.3612480163574,41.631664276123,41.3569068908691,41.4720191955566,41.7172470092773,42.2285461425781,42.2665557861328,41.2955856323242,39.8116798400879,36.6871032714844,33.6932945251465,33.5401992797852,33.9020538330078,36.3803901672363,37.9538993835449,37.63525390625,37.7746696472168,38.240909576416,39.863842010498,41.8274269104004,42.5994567871094,42.9174308776855,42.9608383178711,42.9412040710449,42.8525276184082,-9999,-9999,-9999,-9999,-9999,-9999,-9999,-9999,-9999,-9999,-9999,-9999,-9999,-9999,-9999,-9999,-9999,-9999,-9999,-9999,-9999,40.7157592773438,40.465934753418,40.1270370483398,39.7263603210449,39.4798011779785,39.2877578735352,39.3570098876953,39.4654197692871,39.3177757263184,38.9029426574707,36.4161720275879,33.5861892700195,31.9557857513428,29.4506034851074,25.0170669555664,22.0952682495117,20.7900485992432,23.1626663208008,27.3466205596924,30.3388919830322,33.2085342407227,36.9589385986328,40.2773780822754,38.1304893493652,36.5309104919434,37.9002113342285,35.5826377868652,33.3883323669434,-9999,-9999,-9999,-9999,-9999,-9999,-9999,-9999,-9999,-9999,-9999,-9999,-9999,-9999,-9999,-9999
-9999,-9999,-9999,-9999,-9999,-9999,-9999,-9999,27.7023468017578,28.8674774169922,29.1252212524414,28.9717311859131,30.1627731323242,32.1288261413574,31.4936141967773,29.609317779541,31.7965240478516,36.2790565490723,36.1577949523926,35.2541046142578,37.6401023864746,40.2125511169434,40.2966690063477,39.8810920715332,39.3466796875,39.3925933837891,39.5439529418945,39.2803802490234,39.0533447265625,40.5317802429199,43.1895866394043,44.2294692993164,44.2476654052734,44.1446189880371,44.0881195068359,43.9256706237793,43.6941261291504,43.4052505493164,43.3493156433105,43.1322555541992,42.8822708129883,42.6174964904785,42.5248489379883,42.4651069641113,42.360954284668,42.3890075683594,42.4246063232422,42.4646682739258,42.5256385803223,42.5459671020508,40.5027656555176,38.0762519836426,37.8973541259766,38.119197845459,38.6486663818359,38.6647644042969,38.2707786560059,38.6858291625977,40.2252044677734,41.3859558105469,41.9318466186523,42.1951560974121,-9999,-9999,-9999,-9999,-9999,-9999,-9999,-9999,-9999,-9999,-9999,-9999,-9999,-9999,-9999,-9999,-9999,-9999,-9999,-9999,-9999,-9999,-9999,-9999,-9999,-9999,40.117561340332,39.8059577941895,39.4668312072754,39.2601356506348,39.1013946533203,39.0748405456543,39.069034576416,39.2918701171875,39.3144073486328,37.8498878479004,35.8321266174316,32.6157073974609,30.155216217041,29.0663223266602,25.9162254333496,19.930793762207,19.9920520782471,22.4974575042725,28.3750247955322,33.7618103027344,35.3123970031738,36.6502876281738,35.1429710388184,34.138599395752,36.5218505859375,34.6436920166016,33.3865127563477,-9999,-9999,-9999,-9999,-9999,-9999,-9999,-9999,-9999,-9999,-9999,-9999,-9999,-9999,-9999,-9999
-9999,-9999,-9999,-9999,-9999,-9999,-9999,-9999,26.4172019958496,27.7376518249512,28.7981090545654,28.2776870727539,28.5710887908936,29.014705657959,29.6046276092529,30.4973983764648,33.6515502929688,37.8166313171387,38.1343383789063,36.9297065734863,37.984302520752,39.3189315795898,40.3177719116211,40.9790840148926,40.819164276123,40.6285514831543,40.203182220459,39.8231086730957,39.5649795532227,40.3025016784668,42.1186828613281,42.6760711669922,42.5182418823242,42.3929176330566,42.2185974121094,42.0306243896484,41.9100685119629,41.6974029541016,41.5337753295898,41.3105392456055,41.1978797912598,41.0125045776367,41.233757019043,41.9849014282227,42.2684135437012,42.2194976806641,42.1211280822754,41.9910316467285,42.1152725219727,42.251335144043,41.1946067810059,40.0052528381348,40.2539710998535,40.3829803466797,40.2694549560547,40.0616798400879,39.7681465148926,40.1096420288086,40.9869079589844,41.5386123657227,41.8446044921875,41.9648056030273,-9999,-9999,-9999,-9999,-9999,-9999,-9999,-9999,-9999,-9999,-9999,-9999,-9999,-9999,-9999,-9999,-9999,-9999,-9999,-9999,-9999,-9999,-9999,-9999,-9999,-9999,-9999,-9999,39.0732688903809,38.9077339172363,38.7851715087891,38.7328453063965,38.6895179748535,38.9038238525391,38.9792556762695,38.0371208190918,36.7998161315918,34.4684028625488,32.3944282531738,30.4942989349365,27.7076110839844,23.8539161682129,21.4088191986084,20.5596237182617,24.6544075012207,29.8472671508789,31.3643264770508,32.2522125244141,31.606388092041,31.434814453125,34.5059394836426,31.4158210754395,30.2271842956543,-9999,-9999,-9999,-9999,-9999,-9999,-9999,-9999,-9999,-9999,-9999,-9999,-9999,-9999,-9999,-9999
-9999,-9999,-9999,-9999,-9999,-9999,20.698335647583,26.1583824157715,26.2983703613281,26.1314334869385,27.5349254608154,28.3838844299316,28.0121269226074,26.0942268371582,27.562479019165,32.0532722473145,35.7870712280273,39.3207168579102,39.637035369873,38.37158203125,37.8813095092773,37.2486000061035,39.9659042358398,42.0260009765625,42.0206527709961,41.9738464355469,41.62548828125,41.2552642822266,40.9029769897461,40.6599006652832,40.3893547058105,40.0899658203125,39.7646751403809,39.5162162780762,39.3212966918945,39.1352691650391,38.9487915039063,38.9035186767578,38.8673439025879,38.7542610168457,38.6493263244629,38.5161552429199,39.2393760681152,41.1626091003418,41.9672355651855,41.8632278442383,41.5925674438477,41.2439956665039,41.0266342163086,40.8196830749512,40.9311599731445,41.0757484436035,41.2680397033691,41.4806365966797,41.4748306274414,41.4026222229004,41.1333160400391,40.9799728393555,40.9997329711914,41.2595825195313,41.7070083618164,-9999,-9999,-9999,-9999,-9999,-9999,-9999,-9999,-9999,-9999,-9999,-9999,-9999,-9999,-9999,-9999,-9999,-9999,-9999,-9999,-9999,-9999,-9999,-9999,-9999,-9999,-9999,-9999,-9999,-9999,-9999,-9999,38.369571685791,38.3089561462402,38.4185791015625,38.4523010253906,37.9404449462891,37.3816299438477,36.5727081298828,34.8226737976074,31.2715282440186,28.9765682220459,28.3036041259766,24.5734539031982,18.604471206665,20.4832096099854,24.3795642852783,25.7724018096924,26.8680648803711,27.3370304107666,28.3055515289307,32.1648483276367,29.9105167388916,-9999,-9999,-9999,-9999,-9999,-9999,-9999,-9999,-9999,-9999,-9999,-9999,-9999,-9999,-9999,-9999,-9999
-9999,-9999,-9999,-9999,-9999,-9999,26.1330471038818,26.1379737854004,25.7661056518555,25.979564666748,26.1729965209961,29.0275115966797,31.2643909454346,32.2693023681641,33.1125984191895,34.99609375,37.390308380127,40.0771675109863,40.1745681762695,39.3461227416992,38.8679885864258,38.3295631408691,40.4065780639648,42.1024398803711,42.0757331848145,41.9246368408203,41.7181358337402,41.5312881469727,41.175609588623,40.8083381652832,40.3689117431641,40.1125679016113,39.848316192627,39.5612182617188,39.2783508300781,39.4675445556641,39.7133331298828,39.6557083129883,39.5935745239258,39.4302597045898,39.2931671142578,39.2264823913574,39.6105194091797,40.6731872558594,41.1315727233887,41.0777206420898,40.8684844970703,40.5537376403809,40.4374313354492,40.3809432983398,40.5005912780762,40.6486015319824,40.744800567627,40.8293647766113,40.8789253234863,40.8622055053711,40.6797218322754,40.557746887207,40.5175094604492,-9999,-9999,-9999,-9999,-9999,-9999,-9999,-9999,-9999,-9999,-9999,-9999,-9999,-9999,-9999,-9999,-9999,-9999,-9999,-9999,-9999,-9999,-9999,-9999,-9999,-9999,-9999,-9999,-9999,-9999,-9999,-9999,-9999,-9999,-9999,37.9040336608887,37.9643745422363,37.9942855834961,37.816535949707,37.5418586730957,36.9860687255859,35.9489135742188,34.1111793518066,31.8258934020996,29.1886806488037,26.3365669250488,22.8250675201416,21.431941986084,21.0568466186523,24.413215637207,27.5673065185547,28.6695785522461,29.8169975280762,31.565881729126,29.3187198638916,29.9775447845459,27.9406642913818,-9999,-9999,-9999,-9999,-9999,-9999,-9999,-9999,-9999,-9999,-9999,-9999,-9999,-9999,-9999
-9999,-9999,-9999,-9999,25.1853694915771,26.6123867034912,26.1622161865234,26.0338573455811,25.9115257263184,25.9301891326904,26.8064651489258,31.1000461578369,34.7026634216309,37.4598274230957,38.3446922302246,37.3256149291992,38.3207015991211,40.5110168457031,40.726879119873,40.1988143920898,39.7221069335938,39.2311134338379,40.3535385131836,41.3414573669434,41.4356803894043,41.482307434082,41.367301940918,41.2153167724609,41.0355033874512,40.7840347290039,40.5081558227539,40.2184257507324,39.9274673461914,39.6175537109375,39.3138961791992,39.9036674499512,40.5867233276367,40.5023994445801,40.4023971557617,40.1972351074219,40.0295562744141,39.9995231628418,40.0122985839844,40.0981788635254,40.1382789611816,40.138801574707,40.0128288269043,39.8114738464355,39.8742828369141,40.0091705322266,40.0527381896973,40.0826721191406,40.0640487670898,40.0618057250977,-9999,-9999,-9999,-9999,-9999,-9999,-9999,-9999,-9999,-9999,-9999,-9999,-9999,-9999,-9999,-9999,-9999,-9999,-9999,-9999,-9999,-9999,-9999,-9999,-9999,-9999,-9999,-9999,-9999,-9999,-9999,-9999,-9999,-9999,-9999,-9999,-9999,-9999,-9999,-9999,-9999,37.5052185058594,37.536262512207,37.6756439208984,37.6584053039551,37.1710929870605,36.8274726867676,36.6205520629883,34.4010543823242,30.0432891845703,27.8485260009766,26.8305034637451,23.0244331359863,17.7486534118652,23.0404834747314,28.1139869689941,29.9385738372803,31.2872047424316,30.9405975341797,22.3959007263184,22.8177165985107,28.044641494751,29.0819416046143,-9999,-9999,-9999,-9999,-9999,-9999,-9999,-9999,-9999,-9999,-9999,-9999,-9999,-9999
-9999,-9999,-9999,-9999,30.6657371520996,28.2785167694092,27.3933620452881,25.8853054046631,26.2916069030762,28.2238998413086,30.3169250488281,33.5717926025391,36.1545257568359,38.1447639465332,39.1598510742188,39.2297477722168,39.6860542297363,40.3689575195313,40.2005577087402,39.7085723876953,39.968807220459,40.3570899963379,40.7540588378906,41.1036605834961,41.1168632507324,41.1166381835938,41.0731964111328,40.9947814941406,40.8532638549805,40.6779441833496,40.4661064147949,40.2717933654785,40.0919723510742,39.9363174438477,39.7831344604492,39.9904441833496,40.2374000549316,40.0366477966309,39.8241920471191,39.5372505187988,39.2920188903809,39.1808090209961,39.1156616210938,39.1224327087402,39.1223335266113,39.1163444519043,39.0369453430176,-9999,-9999,-9999,-9999,-9999,-9999,-9999,-9999,-9999,-9999,-9999,-9999,-9999,-9999,-9999,-9999,-9999,-9999,-9999,-9999,-9999,-9999,-9999,-9999,-9999,-9999,-9999,-9999,-9999,-9999,-9999,-9999,-9999,-9999,-9999,-9999,-9999,-9999,-9999,-9999,-9999,-9999,-9999,-9999,-9999,-9999,-9999,-9999,-9999,37.1411933898926,37.2561569213867,37.2980346679688,37.1294136047363,36.6717681884766,35.6780242919922,33.4185600280762,29.812557220459,27.8643569946289,26.6979351043701,22.3411445617676,16.2971820831299,19.6396522521973,23.6329956054688,25.0618209838867,26.552173614502,27.12034034729,28.1700191497803,21.6627292633057,26.8590202331543,24.6466865539551,-9999,-9999,-9999,-9999,-9999,-9999,-9999,-9999,-9999,-9999,-9999,-9999,-9999,-9999
-9999,-9999,-9999,-9999,-9999,30.684850692749,28.6764945983887,28.6483726501465,27.4213638305664,31.2058124542236,34.1134147644043,35.9667892456055,37.5437393188477,38.7612457275391,39.702693939209,40.4065399169922,40.3784332275391,39.8466644287109,39.5163383483887,39.2607765197754,-9999,-9999,-9999,-9999,-9999,-9999,-9999,-9999,-9999,-9999,-9999,-9999,-9999,40.0153121948242,39.9704856872559,39.8594703674316,39.7392997741699,39.4446601867676,-9999,-9999,-9999,-9999,-9999,-9999,-9999,-9999,-9999,-9999,-9999,-9999,-9999,-9999,-9999,-9999,-9999,-9999,-9999,-9999,-9999,-9999,-9999,-9999,-9999,-9999,-9999,-9999,-9999,-9999,-9999,-9999,-9999,-9999,-9999,-9999,-9999,-9999,-9999,-9999,-9999,-9999,-9999,-9999,-9999,-9999,-9999,-9999,-9999,-9999,-9999,-9999,-9999,-9999,-9999,-9999,-9999,-9999,36.7532196044922,36.8646125793457,36.9693069458008,37.0668182373047,36.589427947998,35.1021690368652,33.0449752807617,30.3261547088623,28.3969326019287,26.82834815979,22.1332912445068,15.9873065948486,16.8843154907227,19.0632953643799,20.545711517334,22.1279468536377,23.4544849395752,24.7031574249268,24.9098472595215,22.126335144043,-9999,-9999,-9999,-9999,-9999,-9999,-9999,-9999,-9999,-9999,-9999,-9999,-9999,-9999,-9999
-9999,-9999,-9999,-9999,-9999,30.2705307006836,30.2995262145996,31.0865917205811,32.5820465087891,36.2537536621094,39.003662109375,39.4362602233887,39.8255043029785,40.4271392822266,40.6849250793457,40.5755920410156,40.1947212219238,39.6141166687012,-9999,-9999,-9999,-9999,-9999,-9999,-9999,-9999,-9999,-9999,-9999,-9999,-9999,-9999,-9999,-9999,-9999,-9999,-9999,-9999,-9999,-9999,-9999,-9999,-9999,-9999,-9999,-9999,-9999,-9999,-9999,-9999,-9999,-9999,-9999,-9999,-9999,-9999,-9999,-9999,-9999,-9999,-9999,-9999,-9999,-9999,-9999,-9999,-9999,-9999,-9999,-9999,-9999,-9999,-9999,-9999,-9999,-9999,-9999,-9999,-9999,-9999,-9999,-9999,-9999,-9999,-9999,-9999,-9999,-9999,-9999,-9999,-9999,-9999,-9999,-9999,-9999,-9999,-9999,36.6240653991699,36.796703338623,36.9016456604004,36.8070220947266,36.3735275268555,35.4469757080078,33.9544258117676,31.26123046875,27.6664752960205,24.5283489227295,21.3711757659912,18.7506637573242,16.132884979248,19.7159481048584,22.0229358673096,20.5616264343262,20.478687286377,21.5265445709229,18.9683418273926,-9999,-9999,-9999,-9999,-9999,-9999,-9999,-9999,-9999,-9999,-9999,-9999,-9999,-9999,-9999
-9999,-9999,30.5372638702393,30.5411205291748,30.5908584594727,30.0795574188232,30.609354019165,33.3425903320313,36.2838592529297,39.4744033813477,41.6382141113281,41.2829055786133,41.065258026123,41.2968902587891,41.1101417541504,40.4112014770508,39.7707901000977,-9999,-9999,-9999,-9999,-9999,-9999,-9999,-9999,-9999,-9999,-9999,-9999,-9999,-9999,-9999,-9999,-9999,-9999,-9999,-9999,-9999,-9999,-9999,-9999,-9999,-9999,-9999,-9999,-9999,-9999,-9999,-9999,-9999,-9999,-9999,-9999,-9999,-9999,-9999,-9999,-9999,-9999,-9999,-9999,-9999,-9999,-9999,-9999,-9999,-9999,-9999,-9999,-9999,-9999,-9999,-9999,-9999,-9999,-9999,-9999,-9999,-9999,-9999,-9999,-9999,-9999,-9999,-9999,-9999,-9999,-9999,-9999,-9999,-9999,-9999,-9999,-9999,-9999,-9999,-9999,36.3627700805664,36.5824165344238,36.6835746765137,36.8472747802734,37.1064109802246,36.9804382324219,36.4034309387207,33.8541717529297,29.7758331298828,27.119068145752,25.0215702056885,20.6495609283447,15.4540977478027,19.1095867156982,21.0207386016846,17.9410972595215,16.9382514953613,21.111499786377,17.6574649810791,-9999,-9999,-9999,-9999,-9999,-9999,-9999,-9999,-9999,-9999,-9999,-9999,-9999,-9999,-9999
-9999,-9999,-9999,-9999,30.6971130371094,30.2372226715088,31.0996589660645,35.3005294799805,39.0794868469238,40.1685562133789,40.8099060058594,40.6590995788574,40.5472068786621,40.6506958007813,40.3274993896484,39.493335723877,-9999,-9999,-9999,-9999,-9999,-9999,-9999,-9999,-9999,-9999,-9999,-9999,-9999,-9999,-9999,-9999,-9999,-9999,-9999,-9999,-9999,-9999,-9999,-9999,-9999,-9999,-9999,-9999,-9999,-9999,-9999,-9999,-9999,-9999,-9999,-9999,-9999,-9999,-9999,-9999,-9999,-9999,-9999,-9999,-9999,-9999,-9999,-9999,-9999,-9999,-9999,-9999,-9999,-9999,-9999,-9999,-9999,-9999,-9999,-9999,-9999,-9999,-9999,-9999,-9999,-9999,-9999,-9999,-9999,-9999,-9999,-9999,-9999,-9999,-9999,-9999,-9999,-9999,-9999,-9999,-9999,36.0594749450684,36.278995513916,36.3477783203125,36.4998397827148,36.7805404663086,36.9565620422363,36.9845657348633,36.0359954833984,34.3752555847168,30.4689102172852,25.5718784332275,23.0094776153564,20.5710773468018,19.1287708282471,17.3587303161621,16.3082847595215,15.9265785217285,17.4330444335938,19.0527896881104,-9999,-9999,-9999,-9999,-9999,-9999,-9999,-9999,-9999,-9999,-9999,-9999,-9999,-9999,-9999
-9999,-9999,-9999,-9999,30.8298740386963,30.842752456665,31.3976650238037,36.2179183959961,40.4476089477539,40.4898796081543,40.281120300293,40.3736877441406,40.3580322265625,40.1575546264648,39.6219825744629,-9999,-9999,-9999,-9999,-9999,-9999,-9999,-9999,-9999,-9999,-9999,-9999,-9999,-9999,-9999,-9999,-9999,-9999,-9999,-9999,-9999,-9999,-9999,-9999,-9999,-9999,-9999,-9999,-9999,-9999,-9999,-9999,-9999,-9999,-9999,-9999,-9999,-9999,-9999,-9999,-9999,-9999,-9999,-9999,-9999,-9999,-9999,-9999,-9999,-9999,-9999,-9999,-9999,-9999,-9999,-9999,-9999,-9999,-9999,-9999,-9999,-9999,-9999,-9999,-9999,-9999,-9999,-9999,-9999,-9999,-9999,-9999,-9999,-9999,-9999,-9999,-9999,-9999,-9999,-9999,-9999,-9999,35.7145767211914,35.9426956176758,35.9855346679688,36.0965957641602,36.3086166381836,36.5632476806641,36.8520126342773,36.7654151916504,36.3863143920898,32.1258087158203,25.971981048584,24.2963409423828,23.2497081756592,18.4082736968994,14.3113489151001,15.2040748596191,15.746693611145,15.8727531433105,16.7320346832275,13.6591167449951,-9999,-9999,-9999,-9999,-9999,-9999,-9999,-9999,-9999,-9999,-9999,-9999,-9999,-9999
-9999,-9999,-9999,-9999,31.1667461395264,31.0761528015137,32.1666450500488,36.7260513305664,40.4160270690918,40.4311981201172,40.2442932128906,40.5779495239258,40.5785064697266,39.8749923706055,39.0289878845215,-9999,-9999,-9999,-9999,-9999,-9999,-9999,-9999,-9999,-9999,-9999,-9999,-9999,-9999,-9999,-9999,-9999,-9999,-9999,-9999,-9999,-9999,-9999,-9999,-9999,-9999,-9999,-9999,-9999,-9999,-9999,-9999,-9999,-9999,-9999,-9999,-9999,-9999,-9999,-9999,-9999,-9999,-9999,-9999,-9999,-9999,-9999,-9999,-9999,-9999,-9999,-9999,-9999,-9999,-9999,-9999,-9999,-9999,-9999,-9999,-9999,-9999,-9999,-9999,-9999,-9999,-9999,-9999,-9999,-9999,-9999,-9999,-9999,-9999,-9999,-9999,-9999,-9999,-9999,-9999,-9999,-9999,35.3166007995605,35.564826965332,35.5908737182617,35.6183967590332,35.6382064819336,35.6833572387695,35.7491455078125,35.710075378418,35.5890312194824,31.7349739074707,26.1752490997314,24.3553352355957,22.8502159118652,17.4674129486084,12.6586103439331,15.2197589874268,16.7691116333008,17.2839241027832,17.8409519195557,18.6811790466309,14.0282535552979,-9999,-9999,-9999,-9999,-9999,-9999,-9999,-9999,-9999,-9999,-9999,-9999,-9999
-9999,-9999,-9999,-9999,26.7038650512695,31.1972236633301,32.2337951660156,35.9820442199707,38.9247665405273,39.1383819580078,39.1978797912598,40.0842247009277,40.3834991455078,39.5496368408203,-9999,-9999,-9999,-9999,-9999,-9999,-9999,-9999,-9999,-9999,-9999,-9999,-9999,-9999,-9999,-9999,-9999,-9999,-9999,-9999,-9999,-9999,-9999,-9999,-9999,-9999,-9999,-9999,-9999,-9999,-9999,-9999,-9999,-9999,-9999,-9999,-9999,-9999,-9999,-9999,-9999,-9999,-9999,-9999,-9999,-9999,-9999,-9999,-9999,-9999,-9999,-9999,-9999,-9999,-9999,-9999,-9999,-9999,-9999,-9999,-9999,-9999,-9999,-9999,-9999,-9999,-9999,-9999,-9999,-9999,-9999,-9999,-9999,-9999,-9999,-9999,-9999,-9999,-9999,-9999,-9999,-9999,-9999,34.8821029663086,35.1485137939453,35.1893272399902,35.1865768432617,35.1022491455078,35.098804473877,35.1741676330566,35.0032196044922,34.6783065795898,32.4782371520996,29.5228805541992,26.3805503845215,22.8900165557861,18.5331611633301,14.6608209609985,15.3865518569946,15.9063053131104,16.6263599395752,17.3527145385742,18.3446559906006,18.9429588317871,17.0692901611328,16.7577972412109,-9999,-9999,-9999,-9999,-9999,-9999,-9999,-9999,-9999,-9999,-9999
-9999,-9999,-9999,-9999,29.2634029388428,31.38525390625,32.6606903076172,34.5474510192871,36.0583763122559,36.6604156494141,37.3286819458008,39.0417709350586,39.8721351623535,39.1928749084473,-9999,-9999,-9999,-9999,-9999,-9999,-9999,-9999,-9999,-9999,-9999,-9999,-9999,-9999,-9999,-9999,-9999,-9999,-9999,-9999,-9999,-9999,-9999,-9999,-9999,-9999,-9999,-9999,-9999,-9999,-9999,-9999,-9999,-9999,-9999,-9999,-9999,-9999,-9999,-9999,-9999,-9999,-9999,-9999,-9999,-9999,-9999,-9999,-9999,-9999,-9999,-9999,-9999,-9999,-9999,-9999,-9999,-9999,-9999,-9999,-9999,-9999,-9999,-9999,-9999,-9999,-9999,-9999,-9999,-9999,-9999,-9999,-9999,-9999,-9999,-9999,-9999,-9999,-9999,-9999,-9999,-9999,-9999,-9999,34.7004127502441,34.7806625366211,34.7892150878906,34.6727981567383,34.7508811950684,35.0184745788574,34.5659294128418,33.6477699279785,33.9555740356445,34.5493698120117,29.624137878418,23.1756801605225,21.1876945495605,18.9706268310547,15.7493457794189,13.5904750823975,14.1442136764526,15.5169458389282,17.702169418335,18.6923961639404,18.7640686035156,-9999,-9999,-9999,-9999,-9999,-9999,-9999,-9999,-9999,-9999,-9999,-9999
-9999,-9999,-9999,-9999,28.6451110839844,30.6606388092041,30.5175304412842,31.4171485900879,32.5424499511719,34.7558975219727,36.9053840637207,38.2843780517578,38.9723625183105,38.744010925293,-9999,-9999,-9999,-9999,-9999,-9999,-9999,-9999,-9999,-9999,-9999,-9999,-9999,-9999,-9999,-9999,-9999,-9999,-9999,-9999,-9999,-9999,-9999,-9999,-9999,-9999,-9999,-9999,-9999,-9999,-9999,-9999,-9999,-9999,-9999,-9999,-9999,-9999,-9999,-9999,-9999,-9999,-9999,-9999,-9999,-9999,-9999,-9999,-9999,-9999,-9999,-9999,-9999,-9999,-9999,-9999,-9999,-9999,-9999,-9999,-9999,-9999,-9999,-9999,-9999,-9999,-9999,-9999,-9999,-9999,-9999,-9999,-9999,-9999,-9999,-9999,-9999,-9999,-9999,-9999,-9999,-9999,-9999,-9999,34.2921562194824,34.3881187438965,34.4096527099609,34.3037986755371,34.4319000244141,34.7813987731934,34.5415000915527,33.932300567627,34.7965126037598,35.9775009155273,30.6486644744873,23.4159145355225,21.9703788757324,20.1023807525635,15.6348810195923,12.2705774307251,12.3645877838135,13.8715829849243,17.0028705596924,23.312105178833,31.9019622802734,29.7918758392334,34.2536888122559,-9999,-9999,-9999,-9999,-9999,-9999,-9999,-9999,-9999,-9999
-9999,-9999,-9999,-9999,-9999,22.1027240753174,28.065013885498,29.0582790374756,28.4754295349121,33.4474601745605,36.8423461914063,37.499324798584,37.8620796203613,38.2469940185547,-9999,-9999,-9999,-9999,-9999,-9999,-9999,-9999,-9999,-9999,-9999,-9999,-9999,-9999,-9999,-9999,-9999,-9999,-9999,-9999,-9999,-9999,-9999,-9999,-9999,-9999,-9999,-9999,-9999,-9999,-9999,-9999,-9999,-9999,-9999,-9999,-9999,-9999,-9999,-9999,-9999,-9999,-9999,-9999,-9999,-9999,-9999,-9999,-9999,-9999,-9999,-9999,-9999,-9999,-9999,-9999,-9999,-9999,-9999,-9999,-9999,-9999,-9999,-9999,-9999,-9999,-9999,-9999,-9999,-9999,-9999,-9999,-9999,-9999,-9999,-9999,-9999,-9999,-9999,-9999,-9999,-9999,-9999,-9999,33.897876739502,33.9990539550781,34.0352897644043,33.9629173278809,34.1252250671387,34.5060729980469,34.7005310058594,34.7731285095215,35.4385452270508,36.1240234375,30.7751502990723,23.7748146057129,22.1335372924805,19.867130279541,14.8350276947021,11.0871200561523,10.7384433746338,12.2493724822998,16.130802154541,22.9429244995117,31.4492835998535,34.0630340576172,35.0435943603516,31.489725112915,-9999,-9999,-9999,-9999,-9999,-9999,-9999,-9999,-9999
-9999,-9999,-9999,-9999,-9999,25.1689682006836,26.4308338165283,26.3182678222656,27.8144226074219,32.9455947875977,36.7258377075195,37.1814460754395,37.5571632385254,38.049617767334,-9999,-9999,-9999,-9999,-9999,-9999,-9999,-9999,-9999,-9999,-9999,-9999,-9999,-9999,-9999,-9999,-9999,-9999,-9999,-9999,-9999,-9999,-9999,-9999,-9999,-9999,-9999,-9999,-9999,-9999,-9999,-9999,-9999,-9999,-9999,-9999,-9999,-9999,-9999,-9999,-9999,-9999,-9999,-9999,-9999,-9999,-9999,-9999,-9999,-9999,-9999,-9999,-9999,-9999,-9999,-9999,-9999,-9999,-9999,-9999,-9999,-9999,-9999,-9999,-9999,-9999,-9999,-9999,-9999,-9999,-9999,-9999,-9999,-9999,-9999,-9999,-9999,-9999,-9999,-9999,-9999,-9999,-9999,-9999,33.5104141235352,33.6194190979004,33.6742172241211,33.6460037231445,33.7886047363281,34.0851707458496,34.2904586791992,34.4241027832031,35.1291732788086,35.8491516113281,30.7979774475098,24.0533981323242,22.3579635620117,20.1303367614746,14.7765426635742,10.8512945175171,11.6146669387817,13.5074863433838,17.002197265625,22.5337505340576,28.753101348877,33.2497329711914,37.1447830200195,37.776741027832,-9999,-9999,-9999,-9999,-9999,-9999,-9999,-9999,-9999
-9999,-9999,-9999,-9999,-9999,25.101261138916,25.2201232910156,26.1027908325195,27.449146270752,32.9155464172363,36.8777351379395,37.1287422180176,37.430591583252,37.9151802062988,-9999,-9999,-9999,-9999,-9999,-9999,-9999,-9999,-9999,-9999,-9999,-9999,-9999,-9999,-9999,-9999,-9999,-9999,-9999,-9999,-9999,-9999,-9999,-9999,-9999,-9999,-9999,-9999,-9999,-9999,-9999,-9999,-9999,-9999,-9999,-9999,-9999,-9999,-9999,-9999,-9999,-9999,-9999,-9999,-9999,-9999,-9999,-9999,-9999,-9999,-9999,-9999,-9999,-9999,-9999,-9999,-9999,-9999,-9999,-9999,-9999,-9999,-9999,-9999,-9999,-9999,-9999,-9999,-9999,-9999,-9999,-9999,-9999,-9999,-9999,-9999,-9999,-9999,-9999,-9999,-9999,-9999,-9999,-9999,-9999,33.2374458312988,33.3124313354492,33.3325004577637,33.4437980651855,33.6325531005859,33.7553634643555,33.8154525756836,34.6518211364746,35.5319976806641,30.7336330413818,24.3178749084473,22.6690902709961,20.3285980224609,14.6984405517578,10.9632358551025,13.0341892242432,15.328911781311,18.4382705688477,21.9372291564941,26.0852699279785,31.4307422637939,36.8415069580078,38.3871154785156,-9999,-9999,-9999,-9999,-9999,-9999,-9999,-9999,-9999
-9999,-9999,-9999,-9999,-9999,-9999,24.2155456542969,24.818473815918,25.7337265014648,32.251880645752,36.4040184020996,36.8527145385742,37.1822929382324,-9999,-9999,-9999,-9999,-9999,-9999,-9999,-9999,-9999,-9999,-9999,-9999,-9999,-9999,-9999,-9999,-9999,-9999,-9999,-9999,-9999,-9999,-9999,-9999,-9999,-9999,-9999,-9999,-9999,-9999,-9999,-9999,-9999,-9999,-9999,-9999,-9999,-9999,-9999,-9999,-9999,-9999,-9999,-9999,-9999,-9999,-9999,-9999,-9999,-9999,-9999,-9999,-9999,-9999,-9999,-9999,-9999,-9999,-9999,-9999,-9999,-9999,-9999,-9999,-9999,-9999,-9999,-9999,-9999,-9999,-9999,-9999,-9999,-9999,-9999,-9999,-9999,-9999,-9999,-9999,-9999,-9999,-9999,-9999,-9999,-9999,32.9676780700684,33.0679359436035,33.1284484863281,33.2279167175293,33.3558540344238,33.6778182983398,34.0925483703613,34.6142501831055,35.0155944824219,30.4840507507324,24.5981254577637,22.9973773956299,21.0843868255615,17.7738399505615,14.9771099090576,13.6436500549316,13.3345985412598,14.8308811187744,19.384334564209,25.5132656097412,29.5337104797363,32.8079223632813,33.7725982666016,-9999,-9999,-9999,-9999,-9999,-9999,-9999,-9999,-9999
-9999,-9999,-9999,-9999,-9999,-9999,22.8476390838623,22.4782218933105,24.5752773284912,31.3548412322998,36.0575752258301,36.5614547729492,36.9131546020508,-9999,-9999,-9999,-9999,-9999,-9999,-9999,-9999,-9999,-9999,-9999,-9999,-9999,-9999,-9999,-9999,-9999,-9999,-9999,-9999,-9999,-9999,-9999,-9999,-9999,-9999,-9999,-9999,-9999,-9999,-9999,-9999,-9999,-9999,-9999,-9999,-9999,-9999,-9999,-9999,-9999,-9999,-9999,-9999,-9999,-9999,-9999,-9999,-9999,-9999,-9999,-9999,-9999,-9999,-9999,-9999,-9999,-9999,-9999,-9999,-9999,-9999,-9999,-9999,-9999,-9999,-9999,-9999,-9999,-9999,-9999,-9999,-9999,-9999,-9999,-9999,-9999,-9999,-9999,-9999,-9999,-9999,-9999,-9999,-9999,-9999,32.7115325927734,32.8341636657715,32.9257774353027,33.0134620666504,33.0908660888672,33.6000556945801,34.3427658081055,34.5632514953613,34.5194473266602,30.2598075866699,24.8517761230469,23.3706645965576,21.8585472106934,20.7109489440918,18.6674613952637,14.3056240081787,11.3634815216064,11.3172283172607,16.4807586669922,25.2235107421875,27.6034374237061,27.9772663116455,23.9317150115967,17.4333801269531,16.000617980957,-9999,-9999,-9999,-9999,-9999,-9999,-9999
-9999,-9999,-9999,-9999,-9999,-9999,21.5365180969238,21.8777294158936,23.0785369873047,30.2593460083008,35.299633026123,36.0242156982422,36.6378784179688,-9999,-9999,-9999,-9999,-9999,-9999,-9999,-9999,-9999,-9999,-9999,-9999,-9999,-9999,-9999,-9999,-9999,-9999,-9999,-9999,-9999,-9999,-9999,-9999,-9999,-9999,-9999,-9999,-9999,-9999,-9999,-9999,-9999,-9999,-9999,-9999,-9999,-9999,-9999,-9999,-9999,-9999,-9999,-9999,-9999,-9999,-9999,-9999,-9999,-9999,-9999,-9999,-9999,-9999,-9999,-9999,-9999,-9999,-9999,-9999,-9999,-9999,-9999,-9999,-9999,-9999,-9999,-9999,-9999,-9999,-9999,-9999,-9999,-9999,-9999,-9999,-9999,-9999,-9999,-9999,-9999,-9999,-9999,-9999,-9999,-9999,32.5777397155762,32.6712417602539,32.6960754394531,32.756519317627,32.8404769897461,33.3302688598633,34.041259765625,34.2698097229004,34.2802734375,30.1755275726318,24.9910011291504,23.6274433135986,22.2362747192383,20.9720344543457,18.7643566131592,13.8653697967529,11.6046314239502,12.8470773696899,15.9877300262451,20.7425327301025,21.9603748321533,21.2913379669189,19.680212020874,17.2230663299561,13.6518669128418,8.08582401275635,-9999,-9999,-9999,-9999,-9999,-9999
-9999,-9999,-9999,-9999,-9999,-9999,-9999,-9999,-9999,-9999,-9999,-9999,-9999,-9999,-9999,-9999,-9999,-9999,-9999,-9999,-9999,-9999,-9999,-9999,-9999,-9999,-9999,-9999,-9999,-9999,-9999,-9999,-9999,-9999,-9999,-9999,-9999,-9999,-9999,-9999,-9999,-9999,-9999,-9999,-9999,-9999,-9999,-9999,-9999,-9999,-9999,-9999,-9999,-9999,-9999,-9999,-9999,-9999,-9999,-9999,-9999,-9999,-9999,-9999,-9999,-9999,-9999,-9999,-9999,-9999,-9999,-9999,-9999,-9999,-9999,-9999,-9999,-9999,-9999,-9999,-9999,-9999,-9999,-9999,-9999,-9999,-9999,-9999,-9999,-9999,-9999,-9999,-9999,-9999,-9999,-9999,-9999,-9999,-9999,-9999,32.4965209960938,32.4666213989258,32.5099945068359,32.6127128601074,33.0961074829102,33.7878265380859,34.0039901733398,33.9942321777344,30.6068115234375,26.4113464355469,24.4959774017334,22.585132598877,21.2773170471191,18.8858966827393,13.6684999465942,11.6049585342407,13.7444944381714,15.3263740539551,16.3546695709229,15.8707609176636,14.7932281494141,15.1311664581299,15.7910776138306,9.98771476745605,7.68440675735474,3.13541889190674,-9999,-9999,-9999,-9999,-9999
-9999,-9999,-9999,-9999,-9999,-9999,-9999,-9999,-9999,-9999,-9999,-9999,-9999,-9999,-9999,-9999,-9999,-9999,-9999,-9999,-9999,-9999,-9999,-9999,-9999,-9999,-9999,-9999,-9999,-9999,-9999,-9999,-9999,-9999,-9999,-9999,-9999,-9999,-9999,-9999,-9999,-9999,-9999,-9999,-9999,-9999,-9999,-9999,-9999,-9999,-9999,-9999,-9999,-9999,-9999,-9999,-9999,-9999,-9999,-9999,-9999,-9999,-9999,-9999,-9999,-9999,-9999,-9999,-9999,-9999,-9999,-9999,-9999,-9999,-9999,-9999,-9999,-9999,-9999,-9999,-9999,-9999,-9999,-9999,-9999,-9999,-9999,-9999,-9999,-9999,-9999,-9999,-9999,-9999,-9999,-9999,-9999,-9999,-9999,-9999,32.2853927612305,32.2439155578613,32.312442779541,32.4786109924316,33.0019950866699,33.7173156738281,33.8886108398438,33.8236465454102,33.0431938171387,32.0533599853516,27.4477405548096,22.8451671600342,21.5577621459961,19.1049251556396,13.9539842605591,11.4293622970581,13.1939220428467,13.5881834030151,13.4455947875977,12.0923662185669,10.2470169067383,9.66890811920166,9.58900928497314,6.84550476074219,3.31448078155518,3.25032496452332,2.7633535861969,-9999,-9999,-9999,-9999
-9999,-9999,-9999,-9999,-9999,-9999,-9999,-9999,-9999,-9999,-9999,-9999,-9999,-9999,-9999,-9999,-9999,-9999,-9999,-9999,-9999,-9999,-9999,-9999,-9999,-9999,-9999,-9999,-9999,-9999,-9999,-9999,-9999,-9999,-9999,-9999,-9999,-9999,-9999,-9999,-9999,-9999,-9999,-9999,-9999,-9999,-9999,-9999,-9999,-9999,-9999,-9999,-9999,-9999,-9999,-9999,-9999,-9999,-9999,-9999,-9999,-9999,-9999,-9999,-9999,-9999,-9999,-9999,-9999,-9999,-9999,-9999,-9999,-9999,-9999,-9999,-9999,-9999,-9999,-9999,-9999,-9999,-9999,-9999,-9999,-9999,-9999,-9999,-9999,-9999,-9999,-9999,-9999,-9999,-9999,-9999,-9999,-9999,-9999,-9999,32.092472076416,32.0637512207031,32.1542358398438,32.3671798706055,32.808235168457,33.3712768554688,33.6256942749023,33.7129287719727,34.5460968017578,35.2622528076172,29.2902793884277,23.0799007415771,21.8920421600342,19.5470676422119,14.1453847885132,11.358603477478,12.6316728591919,12.2598190307617,10.9393501281738,9.23404598236084,7.25565814971924,6.21970176696777,5.21122264862061,4.28252029418945,3.48105335235596,2.76617288589478,2.51148748397827,-9999,-9999,-9999,-9999
-9999,-9999,-9999,-9999,-9999,-9999,-9999,-9999,-9999,-9999,-9999,-9999,-9999,-9999,-9999,-9999,-9999,-9999,-9999,-9999,-9999,-9999,-9999,-9999,-9999,-9999,-9999,-9999,-9999,-9999,-9999,-9999,-9999,-9999,-9999,-9999,-9999,-9999,-9999,-9999,-9999,-9999,-9999,-9999,-9999,-9999,-9999,-9999,-9999,-9999,-9999,-9999,-9999,-9999,-9999,-9999,-9999,-9999,-9999,-9999,-9999,-9999,-9999,-9999,-9999,-9999,-9999,-9999,-9999,-9999,-9999,-9999,-9999,-9999,-9999,-9999,-9999,-9999,-9999,-9999,-9999,-9999,-9999,-9999,-9999,-9999,-9999,-9999,-9999,-9999,-9999,-9999,-9999,-9999,-9999,-9999,-9999,-9999,-9999,-9999,-9999,31.9610939025879,32.080379486084,32.3030204772949,32.4244689941406,32.4832382202148,33.066162109375,33.7068023681641,34.609432220459,35.3295440673828,29.4230632781982,23.2984981536865,22.1910133361816,19.9942092895508,14.7317180633545,11.5291128158569,12.4254055023193,11.5616016387939,9.51493072509766,8.43490219116211,7.81552267074585,6.39676809310913,3.80426144599915,3.25621008872986,2.82775259017944,2.49542212486267,2.2852566242218,-9999,-9999,3.2955493927002,3.33792757987976
-9999,-9999,-9999,-9999,-9999,-9999,-9999,-9999,-9999,-9999,-9999,-9999,-9999,-9999,-9999,-9999,-9999,-9999,-9999,-9999,-9999,-9999,-9999,-9999,-9999,-9999,-9999,-9999,-9999,-9999,-9999,-9999,-9999,-9999,-9999,-9999,-9999,-9999,-9999,-9999,-9999,-9999,-9999,-9999,-9999,-9999,-9999,-9999,-9999,-9999,-9999,-9999,-9999,-9999,-9999,-9999,-9999,-9999,-9999,-9999,-9999,-9999,-9999,-9999,-9999,-9999,-9999,-9999,-9999,-9999,-9999,-9999,-9999,-9999,-9999,-9999,-9999,-9999,-9999,-9999,-9999,-9999,-9999,-9999,-9999,-9999,-9999,-9999,-9999,-9999,-9999,-9999,-9999,-9999,-9999,-9999,-9999,-9999,-9999,-9999,-9999,-9999,32.0246391296387,32.2005577087402,32.1567039489746,31.9708633422852,32.690990447998,33.5754089355469,34.5725021362305,35.3740196228027,29.601583480835,23.344856262207,20.2292861938477,16.6902523040771,12.6568059921265,10.3463935852051,10.8847322463989,9.76849269866943,7.45886564254761,6.9287543296814,7.05020713806152,5.7107515335083,3.06083226203918,2.77146172523499,2.70303821563721,2.5764377117157,2.57265114784241,2.98067474365234,3.27660989761353,3.29185271263123,3.36348581314087
-9999,-9999,-9999,-9999,-9999,-9999,-9999,-9999,-9999,-9999,-9999,-9999,-9999,-9999,-9999,-9999,-9999,-9999,-9999,-9999,-9999,-9999,-9999,-9999,-9999,-9999,-9999,-9999,-9999,-9999,-9999,-9999,-9999,-9999,-9999,-9999,-9999,-9999,-9999,-9999,-9999,-9999,-9999,-9999,-9999,-9999,-9999,-9999,-9999,-9999,-9999,-9999,-9999,-9999,-9999,-9999,-9999,-9999,-9999,-9999,-9999,-9999,-9999,-9999,-9999,-9999,-9999,-9999,-9999,-9999,-9999,-9999,-9999,-9999,-9999,-9999,-9999,-9999,-9999,-9999,-9999,-9999,-9999,-9999,-9999,-9999,-9999,-9999,-9999,-9999,-9999,-9999,-9999,-9999,-9999,-9999,-9999,-9999,-9999,-9999,-9999,-9999,-9999,32.0578842163086,32.0195579528809,31.9021244049072,32.512939453125,33.2236976623535,34.4405899047852,35.4492034912109,29.8873043060303,23.2407608032227,15.4245367050171,8.96654415130615,7.93963384628296,7.34896469116211,7.54729032516479,6.89803791046143,4.62524223327637,4.00676298141479,4.27481031417847,3.76967453956604,3.23079490661621,3.14433789253235,3.19443368911743,3.13145732879639,3.13560628890991,3.19598436355591,3.17594385147095,2.98137593269348,2.84596014022827
-9999,-9999,-9999,-9999,-9999,-9999,-9999,-9999,-9999,-9999,-9999,-9999,-9999,-9999,-9999,-9999,-9999,-9999,-9999,-9999,-9999,-9999,-9999,-9999,-9999,-9999,-9999,-9999,-9999,-9999,-9999,-9999,-9999,-9999,-9999,-9999,-9999,-9999,-9999,-9999,-9999,-9999,-9999,-9999,-9999,-9999,-9999,-9999,-9999,-9999,-9999,-9999,-9999,-9999,-9999,-9999,-9999,-9999,-9999,-9999,-9999,-9999,-9999,-9999,-9999,-9999,-9999,-9999,-9999,-9999,-9999,-9999,-9999,-9999,-9999,-9999,-9999,-9999,-9999,-9999,-9999,-9999,-9999,-9999,-9999,-9999,-9999,-9999,-9999,-9999,-9999,-9999,-9999,-9999,-9999,-9999,-9999,-9999,-9999,-9999,-9999,-9999,-9999,31.9227294921875,31.9701156616211,32.0443572998047,32.4005470275879,32.7567825317383,33.8891448974609,34.909294128418,29.7698669433594,23.3447017669678,13.6915607452393,6.18784809112549,6.43091201782227,6.66868495941162,6.94726037979126,6.02135848999023,3.61121869087219,2.69887018203735,2.82157492637634,2.99747681617737,3.25612354278564,3.0962073802948,3.1308901309967,3.16064023971558,3.19803476333618,2.91978812217712,4.54770517349243,9.47434997558594,15.0212526321411
-9999,-9999,-9999,-9999,-9999,-9999,-9999,-9999,-9999,-9999,-9999,-9999,-9999,-9999,-9999,-9999,-9999,-9999,-9999,-9999,-9999,-9999,-9999,-9999,-9999,-9999,-9999,-9999,-9999,-9999,-9999,-9999,-9999,-9999,-9999,-9999,-9999,-9999,-9999,-9999,-9999,-9999,-9999,-9999,-9999,-9999,-9999,-9999,-9999,-9999,-9999,-9999,-9999,-9999,-9999,-9999,-9999,-9999,-9999,-9999,-9999,-9999,-9999,-9999,-9999,-9999,-9999,-9999,-9999,-9999,-9999,-9999,-9999,-9999,-9999,-9999,-9999,-9999,-9999,-9999,-9999,-9999,-9999,-9999,-9999,-9999,-9999,-9999,-9999,-9999,-9999,-9999,-9999,-9999,-9999,-9999,-9999,-9999,-9999,-9999,-9999,-9999,-9999,-9999,31.9926052093506,32.3237724304199,32.4725723266602,32.5111045837402,33.0679931640625,33.9442367553711,29.3766002655029,22.9913501739502,13.3399772644043,6.48580121994019,7.31192398071289,7.6216721534729,7.71513080596924,6.48220825195313,3.71165013313293,2.49246621131897,2.61079025268555,2.44841957092285,2.52465772628784,2.40877914428711,2.37955594062805,2.40833616256714,2.40800380706787,2.13365054130554,6.65734052658081,20.187780380249,30.8355407714844
-9999,-9999,-9999,-9999,-9999,-9999,-9999,-9999,-9999,-9999,-9999,-9999,-9999,-9999,-9999,-9999,-9999,-9999,-9999,-9999,-9999,-9999,-9999,-9999,-9999,-9999,-9999,-9999,-9999,-9999,-9999,-9999,-9999,-9999,-9999,-9999,-9999,-9999,-9999,-9999,-9999,-9999,-9999,-9999,-9999,-9999,-9999,-9999,-9999,-9999,-9999,-9999,-9999,-9999,-9999,-9999,-9999,-9999,-9999,-9999,-9999,-9999,-9999,-9999,-9999,-9999,-9999,-9999,-9999,-9999,-9999,-9999,-9999,-9999,-9999,-9999,-9999,-9999,-9999,-9999,-9999,-9999,-9999,-9999,-9999,-9999,-9999,-9999,-9999,-9999,-9999,-9999,-9999,-9999,-9999,-9999,-9999,-9999,-9999,-9999,-9999,-9999,-9999,-9999,-9999,-9999,32.2311630249023,32.1367721557617,32.6894302368164,33.2497940063477,30.3560905456543,25.9881801605225,18.7356090545654,13.3062553405762,11.6261835098267,10.5203952789307,10.7586612701416,9.90268135070801,8.05928039550781,8.7659854888916,10.8002309799194,11.2039413452148,10.6718187332153,12.1745548248291,14.2166728973389,15.6557483673096,16.6226959228516,16.0867881774902,18.3901042938232,26.208625793457,32.6798706054688
-9999,-9999,-9999,-9999,-9999,-9999,-9999,-9999,-9999,-9999,-9999,-9999,-9999,-9999,-9999,-9999,-9999,-9999,-9999,-9999,-9999,-9999,-9999,-9999,-9999,-9999,-9999,-9999,-9999,-9999,-9999,-9999,-9999,-9999,-9999,-9999,-9999,-9999,-9999,-9999,-9999,-9999,-9999,-9999,-9999,-9999,-9999,-9999,-9999,-9999,-9999,-9999,-9999,-9999,-9999,-9999,-9999,-9999,-9999,-9999,-9999,-9999,-9999,-9999,-9999,-9999,-9999,-9999,-9999,-9999,-9999,-9999,-9999,-9999,-9999,-9999,-9999,-9999,-9999,-9999,-9999,-9999,-9999,-9999,-9999,-9999,-9999,-9999,-9999,-9999,-9999,-9999,-9999,-9999,-9999,-9999,-9999,-9999,-9999,-9999,-9999,-9999,-9999,-9999,-9999,-9999,-9999,-9999,31.932523727417,32.1868095397949,31.9007663726807,31.1939392089844,27.6246795654297,23.1907844543457,17.7751789093018,14.6563215255737,15.3053207397461,15.4996433258057,14.486065864563,17.6731128692627,22.5920810699463,22.8882274627686,22.0278148651123,24.8158206939697,27.6646156311035,29.9379997253418,31.5968532562256,31.0218276977539,30.6151332855225,30.5887546539307,-9999
-9999,-9999,-9999,-9999,-9999,-9999,-9999,-9999,-9999,-9999,-9999,-9999,-9999,-9999,-9999,-9999,-9999,-9999,-9999,-9999,-9999,-9999,-9999,-9999,-9999,-9999,-9999,-9999,-9999,-9999,-9999,-9999,-9999,-9999,-9999,-9999,-9999,-9999,-9999,-9999,-9999,-9999,-9999,-9999,-9999,-9999,-9999,-9999,-9999,-9999,-9999,-9999,-9999,-9999,-9999,-9999,-9999,-9999,-9999,-9999,-9999,-9999,-9999,-9999,-9999,-9999,-9999,-9999,-9999,-9999,-9999,-9999,-9999,-9999,-9999,-9999,-9999,-9999,-9999,-9999,-9999,-9999,-9999,-9999,-9999,-9999,-9999,-9999,-9999,-9999,-9999,-9999,-9999,-9999,-9999,-9999,-9999,-9999,-9999,-9999,-9999,-9999,-9999,-9999,-9999,-9999,-9999,-9999,-9999,-9999,31.6688766479492,31.4665584564209,29.6482009887695,27.5057392120361,24.6112594604492,22.8503017425537,22.9723472595215,22.7985820770264,22.3511047363281,24.0121955871582,26.5976791381836,26.7971382141113,26.396017074585,27.8698768615723,29.4181079864502,30.7012615203857,31.6507606506348,31.2633399963379,-9999,-9999,-9999
-9999,-9999,-9999,-9999,-9999,-9999,-9999,-9999,-9999,-9999,-9999,-9999,-9999,-9999,-9999,-9999,-9999,-9999,-9999,-9999,-9999,-9999,-9999,-9999,-9999,-9999,-9999,-9999,-9999,-9999,-9999,-9999,-9999,-9999,-9999,-9999,-9999,-9999,-9999,-9999,-9999,-9999,-9999,-9999,-9999,-9999,-9999,-9999,-9999,-9999,-9999,-9999,-9999,-9999,-9999,-9999,-9999,-9999,-9999,-9999,-9999,-9999,-9999,-9999,-9999,-9999,-9999,-9999,-9999,-9999,-9999,-9999,-9999,-9999,-9999,-9999,-9999,-9999,-9999,-9999,-9999,-9999,-9999,-9999,-9999,-9999,-9999,-9999,-9999,-9999,-9999,-9999,-9999,-9999,-9999,-9999,-9999,-9999,-9999,-9999,-9999,-9999,-9999,-9999,-9999,-9999,-9999,-9999,-9999,-9999,-9999,-9999,-9999,-9999,-9999,-9999,-9999,-9999,-9999,-9999,-9999,-9999,-9999,-9999,-9999,-9999,-9999,-9999,-9999,-9999,-9999
-9999,-9999,-9999,-9999,-9999,-9999,-9999,-9999,-9999,-9999,-9999,-9999,-9999,-9999,-9999,-9999,-9999,-9999,-9999,-9999,-9999,-9999,-9999,-9999,-9999,-9999,-9999,-9999,-9999,-9999,-9999,-9999,-9999,-9999,-9999,-9999,-9999,-9999,-9999,-9999,-9999,-9999,-9999,-9999,-9999,-9999,-9999,-9999,-9999,-9999,-9999,-9999,-9999,-9999,-9999,-9999,-9999,-9999,-9999,-9999,-9999,-9999,-9999,-9999,-9999,-9999,-9999,-9999,-9999,-9999,-9999,-9999,-9999,-9999,-9999,-9999,-9999,-9999,-9999,-9999,-9999,-9999,-9999,-9999,-9999,-9999,-9999,-9999,-9999,-9999,-9999,-9999,-9999,-9999,-9999,-9999,-9999,-9999,-9999,-9999,-9999,-9999,-9999,-9999,-9999,-9999,-9999,-9999,-9999,-9999,-9999,-9999,-9999,-9999,-9999,-9999,-9999,-9999,-9999,-9999,-9999,-9999,-9999,-9999,-9999,-9999,-9999,-9999,-9999,-9999,-9999

Step,37
Year,3.083333
-9999,-9999,-9999,-9999,-9999,-9999,-9999,-9999,-9999,-9999,-9999,-9999,-9999,-9999,-9999,-9999,-9999,-9999,-9999,-9999,-9999,-9999,-9999,-9999,-9999,-9999,-9999,-9999,-9999,-9999,-9999,-9999,-9999,-9999,-9999,-9999,-9999,-9999,-9999,-9999,-9999,-9999,-9999,-9999,-9999,-9999,-9999,-9999,-9999,-9999,-9999,-9999,-9999,-9999,-9999,-9999,-9999,-9999,-9999,-9999,-9999,-9999,-9999,-9999,-9999,-9999,-9999,-9999,-9999,-9999,-9999,-9999,-9999,-9999,-9999,-9999,-9999,-9999,-9999,-9999,-9999,-9999,-9999,-9999,-9999,-9999,-9999,-9999,-9999,-9999,-9999,-9999,-9999,-9999,-9999,-9999,-9999,-9999,-9999,-9999,-9999,-9999,-9999,-9999,-9999,-9999,-9999,-9999,-9999,-9999,-9999,-9999,-9999,-9999,-9999,-9999,-9999,-9999,-9999,-9999,-9999,-9999,-9999,-9999,-9999,-9999,-9999,-9999,-9999,-9999,-9999
-9999,-9999,-9999,-9999,-9999,-9999,-9999,-9999,-9999,-9999,-9999,-9999,-9999,-9999,-9999,-9999,-9999,-9999,-9999,-9999,-9999,-9999,-9999,-9999,-9999,-9999,-9999,-9999,-9999,-9999,-9999,-9999,-9999,-9999,-9999,-9999,-9999,-9999,-9999,-9999,-9999,-9999,-9999,-9999,-9999,-9999,-9999,-9999,-9999,-9999,-9999,-9999,-9999,-9999,-9999,-9999,-9999,-9999,-9999,-9999,-9999,-9999,-9999,-9999,-9999,-9999,-9999,-9999,-9999,-9999,-9999,-9999,-9999,-9999,-9999,-9999,-9999,-9999,-9999,-9999,-9999,-9999,-9999,-9999,-9999,-9999,-9999,-9999,-9999,-9999,-9999,-9999,-9999,-9999,-9999,-9999,-9999,-9999,-9999,-9999,-9999,-9999,-9999,-9999,-9999,-9999,-9999,-9999,-9999,-9999,-9999,-9999,-9999,-9999,-9999,-9999,-9999,-9999,-9999,-9999,-9999,-9999,-9999,-9999,-9999,-9999,-9999,-9999,-9999,-9999,-9999
-9999,-9999,-9999,-9999,-9999,-9999,-9999,-9999,-9999,-9999,-9999,-9999,-9999,-9999,-9999,-9999,-9999,-9999,-9999,-9999,-9999,-9999,-9999,-9999,-9999,-9999,-9999,-9999,-9999,-9999,-9999,-9999,-9999,-9999,-9999,-9999,-9999,-9999,-9999,-9999,-9999,-9999,-9999,-9999,-9999,-9999,-9999,-9999,-9999,-9999,-9999,-9999,-9999,-9999,-9999,-9999,-9999,-9999,-9999,-9999,-9999,-9999,-9999,-9999,-9999,-9999,-9999,-9999,-9999,-9999,-9999,-9999,-9999,-9999,37.0636329650879,37.6214866638184,-9999,-9999,-9999,-9999,-9999,-9999,-9999,-9999,-9999,-9999,-9999,-9999,-9999,-9999,-9999,-9999,-9999,-9999,-9999,-9999,-9999,-9999,-9999,-9999,-9999,-9999,-9999,-9999,-9999,-9999,-9999,-9999,-9999,-9999,-9999,-9999,-9999,-9999,-9999,-9999,-9999,-9999,-9999,-9999,-9999,-9999,-9999,-9999,-9999,-9999,-9999,-9999,-9999,-9999,-9999
-9999,-9999,-9999,-9999,-9999,-9999,-9999,-9999,-9999,-9999,-9999,-9999,-9999,-9999,-9999,-9999,-9999,-9999,-9999,-9999,-9999,-9999,-9999,-9999,-9999,-9999,-9999,-9999,-9999,-9999,-9999,-9999,-9999,-9999,-9999,-9999,-9999,-9999,-9999,-9999,-9999,-9999,-9999,-9999,-9999,-9999,-9999,-9999,-9999,-9999,-9999,-9999,-9999,-9999,-9999,-9999,-9999,-9999,-9999,-9999,-9999,-9999,-9999,-9999,-9999,-9999,-9999,-9999,-9999,-9999,-9999,-9999,-9999,-9999,38.1292839050293,37.6912689208984,-9999,-9999,-9999,-9999,-9999,-9999,-9999,-9999,-9999,-9999,-9999,-9999,-9999,-9999,-9999,-9999,-9999,-9999,-9999,-9999,-9999,-9999,-9999,-9999,-9999,-9999,-9999,-9999,-9999,-9999,-9999,-9999,-9999,-9999,-9999,-9999,-9999,-9999,-9999,-9999,-9999,-9999,-9999,-9999,-9999,-9999,-9999,-9999,-9999,-9999,-9999,-9999,-9999,-9999,-9999
-9999,-9999,-9999,-9999,-9999,-9999,-9999,-9999,-9999,-9999,-9999,-9999,-9999,-9999,-9999,-9999,-9999,-9999,-9999,-9999,-9999,-9999,-9999,-9999,-9999,-9999,-9999,-9999,-9999,-9999,-9999,-9999,-9999,-9999,-9999,-9999,-9999,-9999,-9999,-9999,-9999,-9999,-9999,-9999,-9999,-9999,-9999,-9999,-9999,-9999,-9999,-9999,-9999,-9999,-9999,-9999,6.17551691207974E-13,1.09013793547774E-08,1.08170317147938E-08,1.080011102772E-08,-9999,-9999,-9999,-9999,-9999,38.6963729858398,38.4872055053711,39.462532043457,40.0970993041992,37.398754119873,35.9751205444336,32.7001953125,32.4446029663086,31.9489727020264,35.6373977661133,34.4088020324707,32.9822807312012,-9999,-9999,25.2192916870117,23.917049407959,23.0604362487793,23.61794090271,30.4267387390137,33.5093688964844,35.516731262207,35.4159202575684,33.1320114135742,25.0016117095947,-9999,-9999,-9999,-9999,-9999,-9999,-9999,-9999,-9999,-9999,-9999,-9999,-9999,-9999,-9999,-9999,-9999,-9999,-9999,-9999,-9999,-9999,-9999,-9999,-9999,-9999,-9999,-9999,-9999,-9999,-9999,-9999,-9999,-9999,-9999,-9999,-9999,-9999,-9999,-9999,-9999,-9999
-9999,-9999,-9999,-9999,-9999,-9999,-9999,-9999,-9999,-9999,-9999,-9999,-9999,-9999,-9999,-9999,-9999,-9999,-9999,-9999,-9999,-9999,-9999,-9999,-9999,-9999,-9999,-9999,-9999,-9999,-9999,-9999,-9999,-9999,-9999,-9999,-9999,-9999,-9999,-9999,-9999,-9999,-9999,-9999,-9999,-9999,-9999,-9999,-9999,-9999,-9999,-9999,-9999,-9999,-9999,7.13249121223059E-13,2.48493332577482E-08,0.000671738351229578,0.000667971442453563,0.00066719320602715,0.00136889168061316,44.7456512451172,-9999,44.0576705932617,42.4179077148438,41.6579246520996,41.3160095214844,40.3598175048828,40.1197509765625,39.4020881652832,36.2155075073242,35.3217544555664,36.052978515625,34.990478515625,34.6163520812988,35.0903739929199,33.8200607299805,33.399585723877,32.1672744750977,29.6968040466309,26.4224681854248,23.6197814941406,26.7185688018799,29.8812427520752,34.0840492248535,36.5364646911621,36.2941360473633,34.2376251220703,28.5909805297852,22.4830226898193,15.9380397796631,-9999,-9999,-9999,-9999,-9999,-9999,-9999,-9999,-9999,-9999,-9999,-9999,-9999,-9999,-9999,-9999,-9999,-9999,-9999,-9999,-9999,-9999,-9999,-9999,-9999,-9999,-9999,-9999,-9999,-9999,-9999,-9999,-9999,-9999,-9999,-9999,-9999,-9999,-9999,-9999
-9999,-9999,-9999,-9999,-9999,-9999,-9999,-9999,-9999,-9999,-9999,-9999,-9999,-9999,-9999,-9999,-9999,-9999,-9999,-9999,-9999,-9999,-9999,-9999,-9999,-9999,-9999,-9999,-9999,-9999,-9999,-9999,-9999,-9999,-9999,-9999,-9999,-9999,-9999,-9999,-9999,-9999,-9999,-9999,-9999,-9999,-9999,-9999,-9999,-9999,-9999,-9999,-9999,-9999,-9999,1.44842378091425E-08,0.00077250599861145,45.8949966430664,45.8377304077148,45.8867454528809,46.0404281616211,45.4057960510254,44.6363258361816,44.6008148193359,42.714958190918,42.0240097045898,40.779369354248,40.2652320861816,39.823902130127,38.4902000427246,37.4626007080078,37.1442489624023,36.7987785339355,36.5518798828125,36.1463356018066,35.7347869873047,34.8500556945801,33.7469100952148,31.9324913024902,29.6733894348145,26.6838912963867,24.1898097991943,27.2519264221191,31.9478397369385,35.952278137207,37.6162528991699,37.2959747314453,34.7235145568848,29.1640853881836,22.924732208252,15.9054403305054,13.8613452911377,18.0709266662598,-9999,-9999,-9999,-9999,-9999,-9999,-9999,-9999,-9999,29.6035346984863,30.3335208892822,32.9760513305664,-9999,-9999,-9999,-9999,-9999,-9999,-9999,-9999,-9999,-9999,-9999,-9999,-9999,-9999,-9999,-9999,-9999,-9999,-9999,-9999,-9999,-9999,-9999,-9999,-9999,-9999
-9999,-9999,-9999,-9999,-9999,-9999,-9999,-9999,-9999,-9999,-9999,-9999,-9999,-9999,-9999,-9999,-9999,-9999,-9999,-9999,-9999,-9999,-9999,-9999,-9999,-9999,-9999,-9999,-9999,-9999,-9999,38.6896820068359,-9999,-9999,-9999,39.8659362792969,-9999,-9999,-9999,-9999,-9999,-9999,-9999,-9999,-9999,-9999,-9999,-9999,-9999,-9999,-9999,-9999,-9999,-9999,-9999,-9999,-9999,45.4647178649902,45.690071105957,45.7864608764648,-9999,46.1842193603516,45.598747253418,44.6757431030273,43.2912750244141,42.247615814209,41.5289039611816,40.8580169677734,40.0001449584961,37.6081390380859,36.6540374755859,38.0346450805664,38.287712097168,37.7495651245117,37.1363296508789,36.676570892334,35.8370056152344,34.9940643310547,34.6712265014648,34.4843597412109,32.5229759216309,31.5151824951172,34.7558708190918,36.7928199768066,39.5660095214844,40.7905883789063,39.8093490600586,37.4835090637207,32.9445037841797,29.4590301513672,27.3317489624023,22.5463981628418,16.9017086029053,20.0804538726807,-9999,-9999,-9999,-9999,-9999,-9999,-9999,-9999,33.8856887817383,36.0313377380371,36.0569877624512,34.5575675964355,33.2682495117188,-9999,-9999,-9999,-9999,-9999,-9999,-9999,-9999,-9999,-9999,-9999,-9999,-9999,-9999,-9999,-9999,-9999,-9999,-9999,-9999,-9999,-9999,-9999,-9999
-9999,-9999,-9999,-9999,-9999,-9999,-9999,-9999,-9999,-9999,-9999,-9999,-9999,-9999,-9999,-9999,-9999,-9999,-9999,-9999,-9999,-9999,-9999,-9999,-9999,-9999,-9999,-9999,-9999,-9999,38.6256217956543,37.9510612487793,-9999,-9999,39.8830261230469,39.6402320861816,-9999,-9999,36.0275764465332,37.7959594726563,-9999,-9999,-9999,-9999,-9999,40.9295616149902,-9999,-9999,-9999,-9999,-9999,-9999,-9999,-9999,-9999,-9999,-9999,-9999,-9999,-9999,-9999,45.5475883483887,46.6319198608398,44.7961807250977,43.4213027954102,41.8088340759277,40.5359191894531,39.9874382019043,38.7386474609375,36.6189422607422,35.5179557800293,38.6142234802246,40.0373077392578,39.3779830932617,38.719654083252,38.0725402832031,37.0511627197266,36.1745834350586,37.6979751586914,39.3108787536621,39.7349243164063,38.8467330932617,39.7660484313965,40.7381782531738,41.8788642883301,42.3247032165527,41.4532165527344,39.7056884765625,36.4669494628906,35.3444175720215,36.6278495788574,29.8993015289307,18.0874309539795,20.0055885314941,24.317024230957,-9999,-9999,-9999,-9999,-9999,34.8896903991699,35.109302520752,35.3581314086914,35.5940589904785,36.8394050598145,37.2888145446777,35.633918762207,32.8529968261719,-9999,-9999,-9999,-9999,-9999,-9999,-9999,-9999,-9999,-9999,-9999,-9999,-9999,-9999,-9999,-9999,-9999,-9999,-9999,-9999,-9999,-9999,-9999
-9999,-9999,-9999,-9999,-9999,-9999,-9999,-9999,-9999,-9999,-9999,-9999,-9999,-9999,-9999,-9999,-9999,-9999,-9999,-9999,-9999,-9999,-9999,38.5297813415527,39.0153694152832,-9999,-9999,-9999,-9999,37.9537773132324,38.1687927246094,38.2048377990723,37.7932052612305,39.1410636901855,39.2964820861816,39.0975074768066,36.7179374694824,35.4091873168945,35.6116676330566,-9999,38.6168251037598,40.6389808654785,-9999,-9999,40.8356170654297,41.4218215942383,42.0107078552246,42.9026985168457,-9999,-9999,-9999,-9999,-9999,-9999,-9999,-9999,-9999,41.4387016296387,43.7502555847168,-9999,-9999,-9999,44.9867401123047,44.7427597045898,43.8523902893066,41.9956817626953,42.0632095336914,40.9804916381836,39.4956970214844,35.8163223266602,34.531623840332,37.9349174499512,39.8945236206055,40.3382148742676,40.0896263122559,39.2465553283691,38.7283897399902,37.7053833007813,37.8604354858398,39.4659461975098,39.922248840332,39.9457244873047,40.9788589477539,41.8374481201172,42.2519073486328,42.3967704772949,42.0386962890625,40.9432983398438,38.3609504699707,36.7038040161133,35.9396362304688,31.2386798858643,24.0321063995361,23.4730606079102,24.2065830230713,21.3192405700684,20.8499717712402,22.2906723022461,22.7871208190918,24.7989158630371,29.6889324188232,34.9171028137207,34.986873626709,35.4826278686523,36.3325042724609,37.6519241333008,37.7474250793457,35.2773818969727,33.8209342956543,34.2707862854004,-9999,-9999,-9999,-9999,-9999,-9999,-9999,-9999,-9999,-9999,-9999,-9999,-9999,-9999,-9999,-9999,-9999,-9999,-9999,-9999,-9999
-9999,-9999,-9999,-9999,-9999,-9999,-9999,-9999,-9999,-9999,-9999,-9999,-9999,-9999,-9999,-9999,-9999,-9999,-9999,-9999,-9999,-9999,38.7605667114258,38.3924293518066,37.9689407348633,39.9510879516602,40.2497978210449,37.5083694458008,37.2274208068848,36.9477043151855,37.6891441345215,37.5236053466797,36.7227478027344,37.5435409545898,38.3800315856934,36.965274810791,34.9922065734863,34.920482635498,34.7554779052734,36.0908470153809,37.527660369873,39.2233810424805,40.8480415344238,40.6842765808105,41.5118942260742,41.1297492980957,42.4243392944336,43.1576309204102,43.0284576416016,-9999,-9999,-9999,-9999,-9999,-9999,-9999,-9999,39.7057342529297,41.0140991210938,42.9725608825684,-9999,-9999,43.7988014221191,44.8054504394531,45.5075607299805,44.4651832580566,42.2046318054199,40.8172454833984,38.2091636657715,34.9725799560547,33.6416168212891,37.3904304504395,39.2590141296387,41.0162048339844,41.0417098999023,40.5625419616699,39.8674812316895,39.3980827331543,39.3078651428223,38.6781883239746,39.8938865661621,41.035774230957,42.0099105834961,42.7102508544922,42.5686912536621,42.4768714904785,42.4724273681641,41.8447189331055,40.3689651489258,37.9611854553223,34.6227912902832,31.827823638916,28.8611450195313,25.8815822601318,23.4974956512451,22.226863861084,21.9378509521484,24.0142631530762,24.2647361755371,23.7212829589844,26.0084266662598,32.421688079834,35.3090896606445,35.8485679626465,36.4644775390625,37.0487289428711,37.8958892822266,38.7732086181641,37.134033203125,35.1310577392578,-9999,-9999,-9999,-9999,-9999,-9999,-9999,-9999,-9999,-9999,-9999,-9999,-9999,-9999,-9999,-9999,-9999,-9999,-9999,-9999,-9999
-9999,-9999,-9999,-9999,-9999,-9999,-9999,-9999,-9999,-9999,-9999,-9999,-9999,-9999,-9999,-9999,-9999,-9999,-9999,-9999,-9999,-9999,39.381721496582,37.6866683959961,37.5546569824219,38.4976806640625,41.6922302246094,41.1106796264648,36.5128364562988,36.7950286865234,37.3309364318848,37.3629608154297,36.982292175293,36.9480934143066,37.0365219116211,36.227165222168,34.9653472900391,34.8977470397949,34.6673698425293,35.5411224365234,36.404842376709,38.5452690124512,40.2127532958984,40.4240570068359,40.7241744995117,41.2689819335938,41.5550689697266,42.5547332763672,43.1127014160156,43.1535606384277,42.7116088867188,-9999,-9999,-9999,-9999,-9999,-9999,-9999,39.7410621643066,41.0430183410645,42.4344215393066,42.7272262573242,43.486930847168,44.8437995910645,45.2343788146973,43.8081283569336,41.8662719726563,38.3942718505859,35.0480842590332,33.414924621582,34.6354026794434,38.4797821044922,40.7129440307617,41.9052200317383,42.1575355529785,42.1693267822266,41.8664016723633,41.4539527893066,40.8997802734375,40.0810470581055,41.0919570922852,42.0499496459961,42.3740005493164,42.6186866760254,42.5927276611328,42.5772666931152,42.585620880127,42.0263061523438,40.8030014038086,38.1413154602051,33.5052528381348,31.7038440704346,30.7101001739502,25.6503524780273,19.4313011169434,20.3611640930176,21.2690849304199,23.0984649658203,24.2379875183105,23.7420692443848,26.3107299804688,33.138126373291,36.7402648925781,38.5356369018555,38.020435333252,35.9251365661621,36.5348854064941,38.4617614746094,38.331241607666,36.0686874389648,38.3971099853516,-9999,-9999,-9999,-9999,-9999,-9999,-9999,-9999,-9999,-9999,-9999,-9999,-9999,-9999,-9999,-9999,-9999,-9999,-9999,-9999
-9999,-9999,-9999,-9999,-9999,-9999,-9999,-9999,-9999,-9999,-9999,-9999,-9999,-9999,-9999,-9999,-9999,-9999,-9999,-9999,-9999,-9999,39.0779571533203,39.0191040039063,36.9576797485352,35.8980140686035,42.2413787841797,43.9429206848145,40.303955078125,38.1160278320313,38.6791000366211,38.3026580810547,37.8407402038574,37.6757392883301,37.247974395752,36.588493347168,36.2038879394531,35.9018707275391,35.7437705993652,36.3873558044434,37.1400489807129,38.3048057556152,39.287467956543,39.7237854003906,40.0647201538086,40.104923248291,40.2675399780273,40.340259552002,41.4122619628906,42.4723281860352,43.016918182373,-9999,-9999,-9999,-9999,39.9769630432129,39.8109359741211,39.3146209716797,38.9743766784668,40.0393218994141,41.1071739196777,42.0145645141602,43.1232872009277,44.0639190673828,44.5930595397949,42.6344413757324,40.9654922485352,36.9643363952637,33.8157997131348,35.3742828369141,36.6611747741699,40.1008834838867,42.1445770263672,43.1659126281738,43.5365333557129,43.3439102172852,42.9345474243164,42.4082870483398,41.8392944335938,41.2437324523926,41.9815711975098,42.658332824707,42.5769538879395,42.5237503051758,42.5740127563477,42.601863861084,42.5933418273926,42.150089263916,41.2118759155273,38.7112007141113,34.6671524047852,34.1930084228516,35.3901634216309,29.3102149963379,20.8549633026123,21.9806747436523,23.2735347747803,24.7905902862549,26.0677375793457,25.8917980194092,28.0571594238281,34.0057411193848,37.8979721069336,40.5074920654297,39.5181350708008,36.1203231811523,37.1286010742188,39.4451789855957,39.8868446350098,39.7209091186523,39.1442909240723,40.2791213989258,-9999,-9999,-9999,-9999,-9999,-9999,-9999,-9999,-9999,-9999,-9999,-9999,-9999,-9999,-9999,-9999,-9999,-9999,-9999
-9999,-9999,-9999,-9999,-9999,-9999,-9999,-9999,-9999,-9999,-9999,-9999,-9999,-9999,-9999,-9999,-9999,-9999,-9999,-9999,-9999,37.634880065918,38.7489318847656,38.2984390258789,35.7170143127441,35.5960960388184,41.9462661743164,44.4422645568848,43.1657485961914,42.2315521240234,41.8817977905273,41.533130645752,41.2670364379883,41.020751953125,40.625114440918,40.3054656982422,39.7954444885254,39.4924278259277,39.3068733215332,39.5529670715332,39.2182464599609,37.3569450378418,36.934440612793,38.2980728149414,38.8910865783691,39.2360153198242,39.4087829589844,39.3092079162598,39.4723968505859,40.0678825378418,40.2857093811035,40.0832939147949,40.3563919067383,40.1642417907715,40.2993774414063,39.7991790771484,39.2544631958008,39.2128486633301,39.0488471984863,38.9953536987305,38.2090377807617,38.4757843017578,39.9970779418945,42.7456283569336,44.3228378295898,42.7728805541992,40.3134574890137,35.183837890625,35.5783042907715,39.5654144287109,42.2543601989746,43.210075378418,43.7057189941406,43.7135925292969,43.5794105529785,43.3361625671387,43.0367431640625,42.7168464660645,42.4202270507813,42.1278686523438,42.2451705932617,42.367115020752,42.3925857543945,42.4197578430176,42.454158782959,42.4379348754883,42.3264961242676,42.1045684814453,41.7587089538574,40.9313316345215,39.7418937683105,39.7530174255371,40.1372985839844,37.7213478088379,33.8668060302734,31.0299301147461,28.7771110534668,29.909049987793,30.7028217315674,31.124095916748,32.0529823303223,35.417854309082,38.3350410461426,41.3735694885254,41.1242713928223,39.0312843322754,41.0763778686523,43.6738662719727,42.3302459716797,40.3819046020508,40.1072998046875,39.6834144592285,38.8411636352539,37.3901138305664,-9999,-9999,-9999,-9999,-9999,-9999,-9999,-9999,-9999,-9999,-9999,-9999,-9999,-9999,-9999,-9999,-9999
-9999,-9999,-9999,-9999,-9999,-9999,-9999,-9999,-9999,-9999,-9999,-9999,-9999,-9999,-9999,-9999,-9999,-9999,-9999,-9999,-9999,35.8573036193848,35.4939270019531,36.6482543945313,36.0836448669434,36.9779853820801,41.4594764709473,43.8290328979492,43.528621673584,43.1764373779297,42.6015586853027,42.2892150878906,42.2245407104492,41.9745254516602,41.6358413696289,41.2681465148926,40.8212013244629,40.5704040527344,40.327507019043,40.3316459655762,39.8790130615234,38.148567199707,37.1293296813965,37.6547622680664,38.1717414855957,38.7660675048828,39.2835540771484,39.7369079589844,39.4438362121582,39.2413940429688,39.4509696960449,39.4668502807617,39.7046356201172,39.5981826782227,39.5764198303223,38.8890953063965,38.5048980712891,38.024227142334,37.6831665039063,36.7819557189941,36.5628929138184,37.8871765136719,38.9915733337402,39.8938446044922,42.9093856811523,41.8903579711914,41.2520141601563,36.1191940307617,37.9946365356445,42.2010345458984,44.5877151489258,44.3889846801758,44.1160659790039,43.7490921020508,-9999,-9999,-9999,-9999,-9999,-9999,-9999,42.0808982849121,42.139331817627,42.1958808898926,42.2445678710938,42.2187538146973,42.0526809692383,41.9338302612305,41.8664627075195,41.8389472961426,41.8381080627441,41.8061904907227,41.7600555419922,41.2088851928711,39.7487373352051,35.727611541748,32.3928337097168,33.2701759338379,33.5426445007324,32.3361206054688,31.9566802978516,33.8589172363281,36.6686019897461,39.9067001342773,40.8330612182617,40.5151710510254,42.4977951049805,44.803108215332,42.2490272521973,39.0318603515625,40.0836868286133,39.1947174072266,39.0229415893555,36.9806365966797,37.2233390808105,-9999,-9999,-9999,-9999,-9999,-9999,-9999,-9999,-9999,-9999,-9999,-9999,-9999,-9999,-9999,-9999
-9999,-9999,-9999,-9999,-9999,-9999,-9999,-9999,-9999,-9999,-9999,-9999,-9999,-9999,-9999,-9999,-9999,-9999,-9999,33.8270378112793,34.5744171142578,34.0488052368164,33.4425582885742,33.3303070068359,37.0935211181641,39.8880004882813,40.7080001831055,41.1312370300293,40.7527160644531,40.3571090698242,40.036735534668,39.9045715332031,39.8584976196289,39.5716972351074,39.2884750366211,38.9490242004395,38.5473823547363,38.3450508117676,38.1930618286133,38.1671104431152,38.7469100952148,41.0381317138672,41.5348320007324,39.2988090515137,38.5616607666016,39.1700439453125,40.021858215332,41.0151824951172,39.753303527832,37.8946723937988,38.1907005310059,38.2593994140625,38.2392539978027,38.0629959106445,37.8534088134766,37.2647552490234,35.8858413696289,34.9246559143066,34.3776435852051,35.3232154846191,37.7560119628906,40.1254425048828,42.0552711486816,41.6163597106934,41.2393646240234,39.508731842041,41.0568389892578,42.0334777832031,42.1848564147949,43.3510932922363,44.0343360900879,-9999,-9999,-9999,-9999,-9999,-9999,-9999,-9999,-9999,-9999,-9999,-9999,41.7968063354492,41.9041709899902,41.9218864440918,41.7705841064453,41.5845794677734,41.3597373962402,41.0972175598145,40.807201385498,40.7183418273926,40.7082176208496,40.7704696655273,40.8413314819336,37.3486213684082,33.8762283325195,34.4118537902832,33.8708801269531,29.0022163391113,26.1094093322754,28.169246673584,30.4130382537842,33.8538970947266,37.1321601867676,40.3479194641113,41.4987182617188,42.3549270629883,39.8112258911133,36.5978698730469,38.799861907959,40.3179206848145,39.998779296875,35.0754928588867,36.0895500183105,-9999,-9999,-9999,-9999,-9999,-9999,-9999,-9999,-9999,-9999,-9999,-9999,-9999,-9999,-9999,-9999
-9999,-9999,-9999,-9999,-9999,-9999,-9999,-9999,-9999,-9999,-9999,-9999,-9999,-9999,-9999,-9999,-9999,-9999,31.7582130432129,33.015869140625,33.1343116760254,35.056095123291,33.640251159668,32.754035949707,36.8598861694336,39.6025733947754,40.4253540039063,40.794002532959,40.344898223877,39.8682022094727,39.6944999694824,39.6175003051758,39.618049621582,39.4068756103516,39.0243606567383,38.8717269897461,38.7226181030273,38.5054016113281,38.2972373962402,38.3491172790527,39.2907524108887,41.9975051879883,42.8319282531738,40.5857315063477,39.3813400268555,39.8910980224609,40.6203002929688,41.4734077453613,39.8881225585938,37.1486701965332,36.4068336486816,36.1333885192871,35.8352355957031,35.7449913024902,36.7467041015625,37.0209426879883,35.6160621643066,34.3748588562012,33.927059173584,36.2512512207031,39.2506523132324,41.5431060791016,42.9971084594727,43.2364921569824,43.132682800293,42.8898849487305,42.5063285827637,43.1377143859863,-9999,-9999,-9999,-9999,-9999,-9999,-9999,-9999,-9999,-9999,-9999,-9999,-9999,-9999,-9999,-9999,-9999,41.5970916748047,41.4780731201172,41.2821426391602,41.001163482666,40.6322288513184,40.2008781433105,40.0411911010742,39.9797019958496,40.2754516601563,40.641658782959,38.2818450927734,35.8823852539063,35.0937614440918,33.5211334228516,28.5490169525146,24.8095207214355,23.8349723815918,24.9054088592529,27.7242431640625,32.6472969055176,37.8121376037598,38.654468536377,38.9627075195313,38.3819160461426,37.6728248596191,38.6561965942383,39.5875816345215,39.1419448852539,35.926929473877,35.0497665405273,-9999,-9999,-9999,-9999,-9999,-9999,-9999,-9999,-9999,-9999,-9999,-9999,-9999,-9999,-9999,-9999
-9999,-9999,-9999,-9999,-9999,-9999,-9999,-9999,-9999,-9999,-9999,-9999,33.355583190918,31.9183025360107,-9999,31.5953674316406,33.0658569335938,34.566104888916,33.9812889099121,31.2972145080566,34.078239440918,36.9951133728027,36.1526412963867,35.2077331542969,35.7081565856934,37.2449035644531,40.555103302002,42.7011871337891,42.3007659912109,42.0237083435059,41.7639465332031,41.7563705444336,41.7764053344727,41.546932220459,41.2084159851074,41.3294792175293,41.0861968994141,41.0742340087891,40.818675994873,40.5001106262207,40.4783058166504,41.0443954467773,41.2168884277344,40.5048599243164,40.9317893981934,40.8300819396973,41.1751327514648,41.5993919372559,39.8148651123047,37.2579956054688,34.7638969421387,32.3250198364258,32.1229553222656,32.4974212646484,35.7569885253906,37.5444679260254,36.4721946716309,35.9725799560547,36.0778617858887,38.7299194335938,41.4235000610352,42.6492042541504,43.269588470459,43.3819313049316,43.3683128356934,43.1858673095703,43.0186424255371,-9999,-9999,-9999,-9999,-9999,-9999,-9999,-9999,-9999,-9999,-9999,-9999,-9999,-9999,-9999,-9999,-9999,-9999,-9999,41.1752014160156,41.0199127197266,40.7721138000488,40.4123115539551,39.9741744995117,39.7292633056641,39.5548820495605,39.7280426025391,39.9514122009277,39.0766639709473,37.9861946105957,35.3305969238281,32.433349609375,30.8705902099609,27.910343170166,22.6609306335449,21.115062713623,22.7398223876953,27.6125926971436,31.9769058227539,33.6869850158691,34.5472145080566,38.1678276062012,41.3562393188477,39.5010261535645,38.38037109375,39.3385314941406,36.6482162475586,34.8862457275391,-9999,-9999,-9999,-9999,-9999,-9999,-9999,-9999,-9999,-9999,-9999,-9999,-9999,-9999,-9999,-9999
-9999,-9999,-9999,-9999,-9999,-9999,-9999,-9999,-9999,-9999,31.0364990234375,32.776798248291,34.3347320556641,31.9965839385986,31.6822986602783,29.5513038635254,31.6738338470459,36.0189971923828,35.4550285339355,33.1230239868164,35.7796936035156,39.1073837280273,38.4754486083984,37.6932144165039,37.3744010925293,37.7662506103516,40.4613037109375,41.9746856689453,41.7071838378906,41.9202613830566,42.9177932739258,43.4277496337891,43.1139488220215,43.0942726135254,42.9165916442871,42.6745223999023,42.6673698425293,42.3516998291016,42.1282768249512,41.8893775939941,41.6917572021484,41.474437713623,41.3732872009277,41.4504280090332,41.3686828613281,41.7144889831543,41.9821739196777,42.2698402404785,41.2368583679199,39.5873374938965,36.6423225402832,33.6906433105469,33.5336418151855,33.9227676391602,36.3872375488281,37.9215202331543,37.6016578674316,37.7563438415527,38.2180824279785,39.866870880127,41.8288497924805,42.5995979309082,42.9158477783203,42.9604911804199,42.9410247802734,42.8523139953613,-9999,-9999,-9999,-9999,-9999,-9999,-9999,-9999,-9999,-9999,-9999,-9999,-9999,-9999,-9999,-9999,-9999,-9999,-9999,-9999,-9999,40.7154731750488,40.4656448364258,40.1268157958984,39.7253227233887,39.4797019958496,39.2888488769531,39.3572235107422,39.4654998779297,39.316276550293,38.9035491943359,36.4172210693359,33.5902290344238,31.964879989624,29.3745498657227,24.9800338745117,22.0448131561279,20.8013515472412,23.0584678649902,27.1530857086182,30.419319152832,33.2823524475098,37.0144538879395,40.2337989807129,38.1651077270508,36.5091514587402,38.0640716552734,35.7929039001465,33.3307914733887,-9999,-9999,-9999,-9999,-9999,-9999,-9999,-9999,-9999,-9999,-9999,-9999,-9999,-9999,-9999,-9999
-9999,-9999,-9999,-9999,-9999,-9999,-9999,-9999,27.783971786499,28.8910732269287,29.2047500610352,29.0309715270996,30.1443367004395,32.1741333007813,31.4451351165771,29.6689453125,31.9744338989258,36.3236618041992,36.5067481994629,34.867301940918,37.6775741577148,40.4562759399414,40.0123138427734,39.4614524841309,39.5019798278809,39.2143936157227,39.3143005371094,39.2625160217285,39.0282897949219,40.3188438415527,43.1892127990723,44.2122077941895,44.1881790161133,44.1617431640625,44.0888061523438,43.9155349731445,43.677848815918,43.4160766601563,43.3242645263672,43.1132698059082,42.8856506347656,42.6261138916016,42.5265808105469,42.4769515991211,42.3818778991699,42.3862800598145,42.4061317443848,42.4640502929688,42.4870758056641,42.5055465698242,40.4177093505859,38.0381927490234,37.9363212585449,38.0559463500977,38.4024200439453,38.672966003418,38.2807655334473,38.6950874328613,40.2219200134277,41.3865089416504,41.9331817626953,42.194766998291,-9999,-9999,-9999,-9999,-9999,-9999,-9999,-9999,-9999,-9999,-9999,-9999,-9999,-9999,-9999,-9999,-9999,-9999,-9999,-9999,-9999,-9999,-9999,-9999,-9999,-9999,40.1172637939453,39.8056526184082,39.4665641784668,39.2599334716797,39.1012687683105,39.0749893188477,39.068042755127,39.2913360595703,39.3149147033691,37.8501396179199,35.8354110717773,32.6093101501465,30.1492805480957,29.1472873687744,25.847827911377,20.1747989654541,20.080171585083,22.5035152435303,28.1810779571533,33.5713958740234,35.2132530212402,36.6751937866211,35.1330413818359,34.1813735961914,36.5946655273438,34.4634475708008,33.3006782531738,-9999,-9999,-9999,-9999,-9999,-9999,-9999,-9999,-9999,-9999,-9999,-9999,-9999,-9999,-9999,-9999
-9999,-9999,-9999,-9999,-9999,-9999,-9999,-9999,26.2920112609863,27.6977348327637,28.6131858825684,28.3589019775391,28.4916172027588,29.0997886657715,29.654634475708,30.4278907775879,33.4302139282227,37.307933807373,37.7595634460449,36.4529685974121,37.9776573181152,39.3447303771973,40.3188438415527,40.9753265380859,40.8749084472656,40.475170135498,40.3584480285645,39.8426933288574,39.5993614196777,40.305835723877,42.132869720459,42.6644897460938,42.517017364502,42.4075965881348,42.2188568115234,42.0046043395996,41.9077072143555,41.6966705322266,41.5110549926758,41.3090591430664,41.1968955993652,41.0191879272461,41.2412567138672,41.991340637207,42.2698173522949,42.2171363830566,42.1257476806641,41.9832763671875,42.1095848083496,42.2570877075195,41.1985092163086,40.0099983215332,40.2542953491211,40.3942451477051,40.2579460144043,40.0623779296875,39.7737464904785,40.106990814209,40.9871940612793,41.5397720336914,41.8442993164063,41.9644622802734,-9999,-9999,-9999,-9999,-9999,-9999,-9999,-9999,-9999,-9999,-9999,-9999,-9999,-9999,-9999,-9999,-9999,-9999,-9999,-9999,-9999,-9999,-9999,-9999,-9999,-9999,-9999,-9999,39.0729484558105,38.9074172973633,38.7848434448242,38.7325782775879,38.6883888244629,38.9038124084473,38.9804077148438,38.0391845703125,36.797908782959,34.4662780761719,32.3935737609863,30.5204162597656,27.7998962402344,23.7239933013916,21.687047958374,20.3834056854248,24.7631988525391,30.3531436920166,31.2120914459229,32.1621437072754,31.6747550964355,31.4935436248779,34.5624542236328,31.1681594848633,30.4432315826416,-9999,-9999,-9999,-9999,-9999,-9999,-9999,-9999,-9999,-9999,-9999,-9999,-9999,-9999,-9999,-9999
-9999,-9999,-9999,-9999,-9999,-9999,20.6108779907227,26.1246700286865,26.3389320373535,26.20485496521,27.629545211792,28.4232006072998,27.8200187683105,26.18115234375,27.3053073883057,32.1214714050293,36.1781997680664,39.5031204223633,39.4165725708008,38.3912010192871,37.8515739440918,37.1904754638672,39.9642295837402,42.0876922607422,42.0055389404297,41.968879699707,41.6409111022949,41.2928009033203,40.8913040161133,40.6618041992188,40.3753890991211,40.0923919677734,39.7580146789551,39.5099449157715,39.3293914794922,39.1374855041504,38.9503173828125,38.9045181274414,38.8565063476563,38.7519378662109,38.6439056396484,38.5150184631348,39.2409248352051,41.1567420959473,41.9617042541504,41.864128112793,41.5945587158203,41.2449264526367,41.0300674438477,40.8174133300781,40.9284973144531,41.0700340270996,41.2730255126953,41.4778938293457,41.4716339111328,41.3999481201172,41.1333084106445,40.9781608581543,40.9994659423828,41.2591857910156,41.706657409668,-9999,-9999,-9999,-9999,-9999,-9999,-9999,-9999,-9999,-9999,-9999,-9999,-9999,-9999,-9999,-9999,-9999,-9999,-9999,-9999,-9999,-9999,-9999,-9999,-9999,-9999,-9999,-9999,-9999,-9999,-9999,-9999,38.3692283630371,38.3085060119629,38.4176406860352,38.452220916748,37.9397888183594,37.3820266723633,36.5714454650879,34.8268013000488,31.2786846160889,28.9772205352783,28.186466217041,24.6242256164551,18.793212890625,20.6537265777588,24.438159942627,25.6655464172363,26.9387321472168,27.3372440338135,28.3828563690186,32.2549514770508,30.0872783660889,-9999,-9999,-9999,-9999,-9999,-9999,-9999,-9999,-9999,-9999,-9999,-9999,-9999,-9999,-9999,-9999,-9999
-9999,-9999,-9999,-9999,-9999,-9999,26.129020690918,26.1576690673828,25.9033164978027,25.9125747680664,26.1071720123291,28.9797763824463,31.2607040405273,31.9564876556396,33.1681900024414,34.8029518127441,37.3732109069824,40.0748710632324,40.1241912841797,39.3288993835449,38.8596496582031,38.3300552368164,40.4050521850586,42.0939826965332,42.0801048278809,41.9217529296875,41.7245559692383,41.5242767333984,41.1820755004883,40.8118896484375,40.3686218261719,40.1127662658691,39.8472442626953,39.5550079345703,39.2782363891602,39.464111328125,39.7122955322266,39.6544723510742,39.5922355651855,39.4310302734375,39.2985458374023,39.2220153808594,39.6101379394531,40.6692581176758,41.1325454711914,41.0757026672363,40.8673820495605,40.5569915771484,40.4386749267578,40.3811874389648,40.5045967102051,40.6489562988281,40.744499206543,40.8250999450684,40.8776397705078,40.8610877990723,40.6795883178711,40.5572204589844,40.5171508789063,-9999,-9999,-9999,-9999,-9999,-9999,-9999,-9999,-9999,-9999,-9999,-9999,-9999,-9999,-9999,-9999,-9999,-9999,-9999,-9999,-9999,-9999,-9999,-9999,-9999,-9999,-9999,-9999,-9999,-9999,-9999,-9999,-9999,-9999,-9999,37.9036750793457,37.9639930725098,37.9939765930176,37.8161544799805,37.541576385498,36.9862213134766,35.9507751464844,34.1111717224121,31.8251514434814,29.1570091247559,26.2895336151123,22.8104686737061,21.5201759338379,21.1542816162109,24.2207317352295,27.5229988098145,28.6237525939941,29.8601722717285,31.5900211334229,29.2365760803223,29.9550399780273,27.7142333984375,-9999,-9999,-9999,-9999,-9999,-9999,-9999,-9999,-9999,-9999,-9999,-9999,-9999,-9999,-9999
-9999,-9999,-9999,-9999,25.2779388427734,26.6860599517822,26.1678466796875,25.9735908508301,25.8536186218262,25.8470611572266,26.8546943664551,31.0737075805664,34.8005981445313,37.4547576904297,38.3403816223145,37.3397369384766,38.3239669799805,40.5117301940918,40.7230224609375,40.194019317627,39.7214164733887,39.2312278747559,40.3512382507324,41.3407859802246,41.4303588867188,41.4743766784668,41.3667144775391,41.2185745239258,41.0335693359375,40.7868804931641,40.507080078125,40.2195739746094,39.9305610656738,39.6169662475586,39.3102378845215,39.903076171875,40.5868797302246,40.5028457641602,40.4023056030273,40.1973190307617,40.0293998718262,39.9994812011719,40.012825012207,40.0976409912109,40.1376571655273,40.1396903991699,40.0120620727539,39.8106117248535,39.8735656738281,40.0088958740234,40.0522918701172,40.0821495056152,40.0638275146484,40.0615005493164,-9999,-9999,-9999,-9999,-9999,-9999,-9999,-9999,-9999,-9999,-9999,-9999,-9999,-9999,-9999,-9999,-9999,-9999,-9999,-9999,-9999,-9999,-9999,-9999,-9999,-9999,-9999,-9999,-9999,-9999,-9999,-9999,-9999,-9999,-9999,-9999,-9999,-9999,-9999,-9999,-9999,37.5048370361328,37.5358695983887,37.6752891540527,37.6581382751465,37.1707229614258,36.8269844055176,36.6150779724121,34.3993606567383,30.0400619506836,27.8349761962891,26.6872291564941,22.8521156311035,17.7490844726563,23.1134243011475,28.1708068847656,29.8316688537598,31.2907218933105,30.9469833374023,22.3124542236328,22.8378200531006,27.9253158569336,28.9488048553467,-9999,-9999,-9999,-9999,-9999,-9999,-9999,-9999,-9999,-9999,-9999,-9999,-9999,-9999
-9999,-9999,-9999,-9999,30.6578826904297,28.280632019043,27.3697757720947,25.9059314727783,26.2298011779785,28.3861217498779,30.2510547637939,33.5986213684082,36.1534461975098,38.1384811401367,39.161937713623,39.2334403991699,39.6846008300781,40.3573722839355,40.1992492675781,39.7084350585938,39.9680480957031,40.3559837341309,40.7539215087891,41.1033554077148,41.1164093017578,41.1166076660156,41.072338104248,40.9931449890137,40.852897644043,40.677433013916,40.4656867980957,40.2715377807617,40.089973449707,39.9369010925293,39.784236907959,39.9872703552246,40.2371978759766,40.0366172790527,39.8255424499512,39.5364646911621,39.2916221618652,39.1804237365723,39.1152992248535,39.1220283508301,39.1218681335449,39.1159248352051,39.0365142822266,-9999,-9999,-9999,-9999,-9999,-9999,-9999,-9999,-9999,-9999,-9999,-9999,-9999,-9999,-9999,-9999,-9999,-9999,-9999,-9999,-9999,-9999,-9999,-9999,-9999,-9999,-9999,-9999,-9999,-9999,-9999,-9999,-9999,-9999,-9999,-9999,-9999,-9999,-9999,-9999,-9999,-9999,-9999,-9999,-9999,-9999,-9999,-9999,-9999,37.140811920166,37.2558326721191,37.2977066040039,37.1290321350098,36.6714210510254,35.677173614502,33.4182510375977,29.8131675720215,27.8651275634766,26.7725086212158,22.4107646942139,16.2050361633301,19.6450290679932,23.5673542022705,25.161434173584,26.5563659667969,27.2445945739746,28.0091190338135,21.6947250366211,26.943531036377,24.8687057495117,-9999,-9999,-9999,-9999,-9999,-9999,-9999,-9999,-9999,-9999,-9999,-9999,-9999,-9999
-9999,-9999,-9999,-9999,-9999,30.6715354919434,28.7017421722412,28.732816696167,27.7095546722412,31.2721290588379,34.1270370483398,35.9684257507324,37.5434722900391,38.7640342712402,39.7011528015137,40.3977432250977,40.3777313232422,39.8464202880859,39.5158348083496,39.2602882385254,-9999,-9999,-9999,-9999,-9999,-9999,-9999,-9999,-9999,-9999,-9999,-9999,-9999,40.0149803161621,39.9701499938965,39.8591957092285,39.7389755249023,39.4442939758301,-9999,-9999,-9999,-9999,-9999,-9999,-9999,-9999,-9999,-9999,-9999,-9999,-9999,-9999,-9999,-9999,-9999,-9999,-9999,-9999,-9999,-9999,-9999,-9999,-9999,-9999,-9999,-9999,-9999,-9999,-9999,-9999,-9999,-9999,-9999,-9999,-9999,-9999,-9999,-9999,-9999,-9999,-9999,-9999,-9999,-9999,-9999,-9999,-9999,-9999,-9999,-9999,-9999,-9999,-9999,-9999,-9999,-9999,36.7528381347656,36.8642349243164,36.9689598083496,37.0664939880371,36.589183807373,35.1020355224609,33.0439262390137,30.3152351379395,28.3860359191895,26.8656578063965,22.1527309417725,15.9412841796875,17.0674419403076,18.5106163024902,20.672534942627,22.0614223480225,23.4626541137695,24.7169818878174,24.6755847930908,22.3696022033691,-9999,-9999,-9999,-9999,-9999,-9999,-9999,-9999,-9999,-9999,-9999,-9999,-9999,-9999,-9999
-9999,-9999,-9999,-9999,-9999,30.2757663726807,30.3418426513672,31.142484664917,32.3419380187988,36.2669906616211,39.0028457641602,39.4353370666504,39.8267211914063,40.4273109436035,40.6849937438965,40.574104309082,40.1938819885254,39.6159782409668,-9999,-9999,-9999,-9999,-9999,-9999,-9999,-9999,-9999,-9999,-9999,-9999,-9999,-9999,-9999,-9999,-9999,-9999,-9999,-9999,-9999,-9999,-9999,-9999,-9999,-9999,-9999,-9999,-9999,-9999,-9999,-9999,-9999,-9999,-9999,-9999,-9999,-9999,-9999,-9999,-9999,-9999,-9999,-9999,-9999,-9999,-9999,-9999,-9999,-9999,-9999,-9999,-9999,-9999,-9999,-9999,-9999,-9999,-9999,-9999,-9999,-9999,-9999,-9999,-9999,-9999,-9999,-9999,-9999,-9999,-9999,-9999,-9999,-9999,-9999,-9999,-9999,-9999,-9999,36.6236915588379,36.7963180541992,36.9012794494629,36.8067474365234,36.3732986450195,35.4465103149414,33.9533958435059,31.2583560943604,27.6530570983887,24.4945411682129,21.425874710083,18.6676692962646,16.0323963165283,19.5362949371338,22.0951271057129,20.5977268218994,20.4478855133057,21.601016998291,19.012939453125,-9999,-9999,-9999,-9999,-9999,-9999,-9999,-9999,-9999,-9999,-9999,-9999,-9999,-9999,-9999
-9999,-9999,30.494119644165,30.544116973877,30.6074676513672,30.0818157196045,30.7402057647705,33.4857597351074,36.3743858337402,39.4711647033691,41.627254486084,41.2845001220703,41.0647735595703,41.2960090637207,41.1087875366211,40.4115447998047,39.7701606750488,-9999,-9999,-9999,-9999,-9999,-9999,-9999,-9999,-9999,-9999,-9999,-9999,-9999,-9999,-9999,-9999,-9999,-9999,-9999,-9999,-9999,-9999,-9999,-9999,-9999,-9999,-9999,-9999,-9999,-9999,-9999,-9999,-9999,-9999,-9999,-9999,-9999,-9999,-9999,-9999,-9999,-9999,-9999,-9999,-9999,-9999,-9999,-9999,-9999,-9999,-9999,-9999,-9999,-9999,-9999,-9999,-9999,-9999,-9999,-9999,-9999,-9999,-9999,-9999,-9999,-9999,-9999,-9999,-9999,-9999,-9999,-9999,-9999,-9999,-9999,-9999,-9999,-9999,-9999,-9999,36.3624038696289,36.5820655822754,36.6832733154297,36.846996307373,37.1060829162598,36.9802665710449,36.4025230407715,33.8534622192383,29.7760620117188,27.0803966522217,25.0508975982666,20.6807231903076,15.6599378585815,19.1414031982422,20.997241973877,17.9356594085693,16.9314613342285,21.2030506134033,17.7068786621094,-9999,-9999,-9999,-9999,-9999,-9999,-9999,-9999,-9999,-9999,-9999,-9999,-9999,-9999,-9999
-9999,-9999,-9999,-9999,30.6362457275391,30.1274013519287,31.0565490722656,35.0444297790527,39.0876426696777,40.170482635498,40.8081283569336,40.6591148376465,40.5467376708984,40.650260925293,40.32763671875,39.4928283691406,-9999,-9999,-9999,-9999,-9999,-9999,-9999,-9999,-9999,-9999,-9999,-9999,-9999,-9999,-9999,-9999,-9999,-9999,-9999,-9999,-9999,-9999,-9999,-9999,-9999,-9999,-9999,-9999,-9999,-9999,-9999,-9999,-9999,-9999,-9999,-9999,-9999,-9999,-9999,-9999,-9999,-9999,-9999,-9999,-9999,-9999,-9999,-9999,-9999,-9999,-9999,-9999,-9999,-9999,-9999,-9999,-9999,-9999,-9999,-9999,-9999,-9999,-9999,-9999,-9999,-9999,-9999,-9999,-9999,-9999,-9999,-9999,-9999,-9999,-9999,-9999,-9999,-9999,-9999,-9999,-9999,36.0591049194336,36.278678894043,36.347469329834,36.4995231628418,36.7802658081055,36.9563255310059,36.9843254089355,36.0350456237793,34.3747253417969,30.4697513580322,25.5710964202881,23.038667678833,20.8402042388916,18.9909725189209,17.2188854217529,16.2196617126465,16.0364151000977,17.4578075408936,18.9191017150879,-9999,-9999,-9999,-9999,-9999,-9999,-9999,-9999,-9999,-9999,-9999,-9999,-9999,-9999,-9999
-9999,-9999,-9999,-9999,30.8411655426025,30.8107452392578,31.4196643829346,36.4921951293945,40.4573707580566,40.4923210144043,40.2832221984863,40.3731079101563,40.3576164245605,40.157054901123,39.6215057373047,-9999,-9999,-9999,-9999,-9999,-9999,-9999,-9999,-9999,-9999,-9999,-9999,-9999,-9999,-9999,-9999,-9999,-9999,-9999,-9999,-9999,-9999,-9999,-9999,-9999,-9999,-9999,-9999,-9999,-9999,-9999,-9999,-9999,-9999,-9999,-9999,-9999,-9999,-9999,-9999,-9999,-9999,-9999,-9999,-9999,-9999,-9999,-9999,-9999,-9999,-9999,-9999,-9999,-9999,-9999,-9999,-9999,-9999,-9999,-9999,-9999,-9999,-9999,-9999,-9999,-9999,-9999,-9999,-9999,-9999,-9999,-9999,-9999,-9999,-9999,-9999,-9999,-9999,-9999,-9999,-9999,-9999,35.7142219543457,35.9423713684082,35.9851989746094,36.0963363647461,36.3083305358887,36.5629539489746,36.8515319824219,36.7628173828125,36.3852767944336,32.1274147033691,25.975715637207,24.2225131988525,23.1633720397949,18.280948638916,14.4646577835083,15.1043930053711,15.7772464752197,15.9442195892334,16.7066192626953,13.5942287445068,-9999,-9999,-9999,-9999,-9999,-9999,-9999,-9999,-9999,-9999,-9999,-9999,-9999,-9999
-9999,-9999,-9999,-9999,31.1995182037354,31.0475769042969,32.2766571044922,36.7613639831543,40.4176940917969,40.4320106506348,40.2426681518555,40.5768241882324,40.5778732299805,39.8744583129883,39.028507232666,-9999,-9999,-9999,-9999,-9999,-9999,-9999,-9999,-9999,-9999,-9999,-9999,-9999,-9999,-9999,-9999,-9999,-9999,-9999,-9999,-9999,-9999,-9999,-9999,-9999,-9999,-9999,-9999,-9999,-9999,-9999,-9999,-9999,-9999,-9999,-9999,-9999,-9999,-9999,-9999,-9999,-9999,-9999,-9999,-9999,-9999,-9999,-9999,-9999,-9999,-9999,-9999,-9999,-9999,-9999,-9999,-9999,-9999,-9999,-9999,-9999,-9999,-9999,-9999,-9999,-9999,-9999,-9999,-9999,-9999,-9999,-9999,-9999,-9999,-9999,-9999,-9999,-9999,-9999,-9999,-9999,-9999,35.3162422180176,35.5644607543945,35.5905532836914,35.6180381774902,35.6378707885742,35.6830863952637,35.7488250732422,35.7145690917969,35.5881690979004,31.7351245880127,26.1716270446777,24.3446369171143,22.9859447479248,17.4852313995361,12.8290786743164,15.1296863555908,16.8406429290771,17.2390022277832,17.846097946167,18.7129383087158,14.0129718780518,-9999,-9999,-9999,-9999,-9999,-9999,-9999,-9999,-9999,-9999,-9999,-9999,-9999
-9999,-9999,-9999,-9999,26.6853351593018,31.2113723754883,32.351318359375,35.8163261413574,38.9385871887207,39.1335830688477,39.2055511474609,40.0845375061035,40.3818206787109,39.5491409301758,-9999,-9999,-9999,-9999,-9999,-9999,-9999,-9999,-9999,-9999,-9999,-9999,-9999,-9999,-9999,-9999,-9999,-9999,-9999,-9999,-9999,-9999,-9999,-9999,-9999,-9999,-9999,-9999,-9999,-9999,-9999,-9999,-9999,-9999,-9999,-9999,-9999,-9999,-9999,-9999,-9999,-9999,-9999,-9999,-9999,-9999,-9999,-9999,-9999,-9999,-9999,-9999,-9999,-9999,-9999,-9999,-9999,-9999,-9999,-9999,-9999,-9999,-9999,-9999,-9999,-9999,-9999,-9999,-9999,-9999,-9999,-9999,-9999,-9999,-9999,-9999,-9999,-9999,-9999,-9999,-9999,-9999,-9999,34.8817558288574,35.148136138916,35.1889877319336,35.1862182617188,35.1019706726074,35.0985069274902,35.1738624572754,35.0026054382324,34.677604675293,32.4774932861328,29.5057907104492,26.3670425415039,22.9403209686279,18.5546073913574,14.6454343795776,15.4109592437744,16.1835079193115,16.4236106872559,17.3602962493896,18.3350353240967,18.9010448455811,17.2308006286621,16.6712532043457,-9999,-9999,-9999,-9999,-9999,-9999,-9999,-9999,-9999,-9999,-9999
-9999,-9999,-9999,-9999,29.2316074371338,31.3971176147461,32.7515983581543,34.2230987548828,36.0442581176758,36.6641006469727,37.3292236328125,39.0431175231934,39.8730735778809,39.1923675537109,-9999,-9999,-9999,-9999,-9999,-9999,-9999,-9999,-9999,-9999,-9999,-9999,-9999,-9999,-9999,-9999,-9999,-9999,-9999,-9999,-9999,-9999,-9999,-9999,-9999,-9999,-9999,-9999,-9999,-9999,-9999,-9999,-9999,-9999,-9999,-9999,-9999,-9999,-9999,-9999,-9999,-9999,-9999,-9999,-9999,-9999,-9999,-9999,-9999,-9999,-9999,-9999,-9999,-9999,-9999,-9999,-9999,-9999,-9999,-9999,-9999,-9999,-9999,-9999,-9999,-9999,-9999,-9999,-9999,-9999,-9999,-9999,-9999,-9999,-9999,-9999,-9999,-9999,-9999,-9999,-9999,-9999,-9999,-9999,34.7000579833984,34.780345916748,34.7888450622559,34.6724891662598,34.7505302429199,35.0182228088379,34.5656089782715,33.6472663879395,33.9553985595703,34.5474510192871,29.5946235656738,23.1527938842773,21.118860244751,18.9681205749512,15.8045339584351,13.6994218826294,14.2899036407471,15.5835990905762,17.6885147094727,18.7357387542725,18.7159671783447,-9999,-9999,-9999,-9999,-9999,-9999,-9999,-9999,-9999,-9999,-9999,-9999
-9999,-9999,-9999,-9999,28.6547870635986,30.6477584838867,30.6358222961426,31.3327598571777,32.4692993164063,34.7566223144531,36.9046440124512,38.2846336364746,38.9724349975586,38.7434921264648,-9999,-9999,-9999,-9999,-9999,-9999,-9999,-9999,-9999,-9999,-9999,-9999,-9999,-9999,-9999,-9999,-9999,-9999,-9999,-9999,-9999,-9999,-9999,-9999,-9999,-9999,-9999,-9999,-9999,-9999,-9999,-9999,-9999,-9999,-9999,-9999,-9999,-9999,-9999,-9999,-9999,-9999,-9999,-9999,-9999,-9999,-9999,-9999,-9999,-9999,-9999,-9999,-9999,-9999,-9999,-9999,-9999,-9999,-9999,-9999,-9999,-9999,-9999,-9999,-9999,-9999,-9999,-9999,-9999,-9999,-9999,-9999,-9999,-9999,-9999,-9999,-9999,-9999,-9999,-9999,-9999,-9999,-9999,-9999,34.2917938232422,34.387809753418,34.4093551635742,34.3034744262695,34.4315490722656,34.7811584472656,34.5412635803223,33.931941986084,34.7954444885254,35.9707374572754,30.6437816619873,23.4272785186768,21.9858417510986,19.9839096069336,15.456485748291,12.0615434646606,12.3702182769775,13.8221950531006,16.9766254425049,23.4177837371826,31.7920074462891,29.6134128570557,34.4485282897949,-9999,-9999,-9999,-9999,-9999,-9999,-9999,-9999,-9999,-9999
-9999,-9999,-9999,-9999,-9999,22.1312866210938,28.0628032684326,28.9139232635498,28.7367782592773,33.3400497436523,36.8312873840332,37.4992179870605,37.8611602783203,38.2464065551758,-9999,-9999,-9999,-9999,-9999,-9999,-9999,-9999,-9999,-9999,-9999,-9999,-9999,-9999,-9999,-9999,-9999,-9999,-9999,-9999,-9999,-9999,-9999,-9999,-9999,-9999,-9999,-9999,-9999,-9999,-9999,-9999,-9999,-9999,-9999,-9999,-9999,-9999,-9999,-9999,-9999,-9999,-9999,-9999,-9999,-9999,-9999,-9999,-9999,-9999,-9999,-9999,-9999,-9999,-9999,-9999,-9999,-9999,-9999,-9999,-9999,-9999,-9999,-9999,-9999,-9999,-9999,-9999,-9999,-9999,-9999,-9999,-9999,-9999,-9999,-9999,-9999,-9999,-9999,-9999,-9999,-9999,-9999,-9999,33.8975028991699,33.9987869262695,34.0349540710449,33.9625587463379,34.1248970031738,34.5058860778809,34.7001647949219,34.7727355957031,35.4374465942383,36.1230087280273,30.7930870056152,23.7730751037598,22.1162109375,19.859935760498,14.9251918792725,11.037486076355,10.6963233947754,12.254487991333,16.0356330871582,23.1390953063965,31.5575923919678,33.9951705932617,35.7471771240234,32.0408096313477,-9999,-9999,-9999,-9999,-9999,-9999,-9999,-9999,-9999
-9999,-9999,-9999,-9999,-9999,25.1716022491455,26.4294242858887,26.2490921020508,27.5890159606934,32.9760513305664,36.8119888305664,37.1722602844238,37.5616836547852,38.0482368469238,-9999,-9999,-9999,-9999,-9999,-9999,-9999,-9999,-9999,-9999,-9999,-9999,-9999,-9999,-9999,-9999,-9999,-9999,-9999,-9999,-9999,-9999,-9999,-9999,-9999,-9999,-9999,-9999,-9999,-9999,-9999,-9999,-9999,-9999,-9999,-9999,-9999,-9999,-9999,-9999,-9999,-9999,-9999,-9999,-9999,-9999,-9999,-9999,-9999,-9999,-9999,-9999,-9999,-9999,-9999,-9999,-9999,-9999,-9999,-9999,-9999,-9999,-9999,-9999,-9999,-9999,-9999,-9999,-9999,-9999,-9999,-9999,-9999,-9999,-9999,-9999,-9999,-9999,-9999,-9999,-9999,-9999,-9999,-9999,33.5100479125977,33.6191291809082,33.6738929748535,33.6456985473633,33.7882957458496,34.0849571228027,34.2900581359863,34.4237747192383,35.1287727355957,35.8461036682129,30.7959079742432,24.0469207763672,22.3613033294678,20.05078125,14.7716865539551,10.9376602172852,11.6740665435791,13.6137962341309,16.9827651977539,22.5550479888916,28.9050712585449,33.6276550292969,37.3562660217285,38.120304107666,-9999,-9999,-9999,-9999,-9999,-9999,-9999,-9999,-9999
-9999,-9999,-9999,-9999,-9999,25.1276054382324,25.2237434387207,26.2053661346436,27.5072803497314,32.942008972168,36.8682098388672,37.1241493225098,37.4264907836914,37.9144172668457,-9999,-9999,-9999,-9999,-9999,-9999,-9999,-9999,-9999,-9999,-9999,-9999,-9999,-9999,-9999,-9999,-9999,-9999,-9999,-9999,-9999,-9999,-9999,-9999,-9999,-9999,-9999,-9999,-9999,-9999,-9999,-9999,-9999,-9999,-9999,-9999,-9999,-9999,-9999,-9999,-9999,-9999,-9999,-9999,-9999,-9999,-9999,-9999,-9999,-9999,-9999,-9999,-9999,-9999,-9999,-9999,-9999,-9999,-9999,-9999,-9999,-9999,-9999,-9999,-9999,-9999,-9999,-9999,-9999,-9999,-9999,-9999,-9999,-9999,-9999,-9999,-9999,-9999,-9999,-9999,-9999,-9999,-9999,-9999,-9999,33.2370491027832,33.3121070861816,33.3321952819824,33.4434585571289,33.6321601867676,33.7549896240234,33.8148994445801,34.6512603759766,35.5313491821289,30.7331943511963,24.3210716247559,22.651008605957,20.3807792663574,14.6133632659912,11.0460662841797,12.9955778121948,15.32346534729,18.3055381774902,22.1411552429199,25.8856983184814,31.2138366699219,36.8387908935547,38.1769409179688,-9999,-9999,-9999,-9999,-9999,-9999,-9999,-9999,-9999
-9999,-9999,-9999,-9999,-9999,-9999,24.2652339935303,24.6703491210938,26.0693111419678,32.2054672241211,36.3844909667969,36.8540725708008,37.1820793151855,-9999,-9999,-9999,-9999,-9999,-9999,-9999,-9999,-9999,-9999,-9999,-9999,-9999,-9999,-9999,-9999,-9999,-9999,-9999,-9999,-9999,-9999,-9999,-9999,-9999,-9999,-9999,-9999,-9999,-9999,-9999,-9999,-9999,-9999,-9999,-9999,-9999,-9999,-9999,-9999,-9999,-9999,-9999,-9999,-9999,-9999,-9999,-9999,-9999,-9999,-9999,-9999,-9999,-9999,-9999,-9999,-9999,-9999,-9999,-9999,-9999,-9999,-9999,-9999,-9999,-9999,-9999,-9999,-9999,-9999,-9999,-9999,-9999,-9999,-9999,-9999,-9999,-9999,-9999,-9999,-9999,-9999,-9999,-9999,-9999,-9999,32.9673004150391,33.0676574707031,33.1281433105469,33.2276077270508,33.3554611206055,33.6774978637695,34.0921897888184,34.6138572692871,35.0147590637207,30.4830493927002,24.596736907959,22.9937019348145,21.0606555938721,17.754358291626,15.0135087966919,13.6521129608154,13.6329231262207,14.8101844787598,19.3029937744141,25.5968399047852,29.5721111297607,33.0419540405273,33.8818473815918,-9999,-9999,-9999,-9999,-9999,-9999,-9999,-9999,-9999
-9999,-9999,-9999,-9999,-9999,-9999,22.8754596710205,22.5241355895996,24.6531677246094,31.251049041748,36.0610160827637,36.5616416931152,36.916202545166,-9999,-9999,-9999,-9999,-9999,-9999,-9999,-9999,-9999,-9999,-9999,-9999,-9999,-9999,-9999,-9999,-9999,-9999,-9999,-9999,-9999,-9999,-9999,-9999,-9999,-9999,-9999,-9999,-9999,-9999,-9999,-9999,-9999,-9999,-9999,-9999,-9999,-9999,-9999,-9999,-9999,-9999,-9999,-9999,-9999,-9999,-9999,-9999,-9999,-9999,-9999,-9999,-9999,-9999,-9999,-9999,-9999,-9999,-9999,-9999,-9999,-9999,-9999,-9999,-9999,-9999,-9999,-9999,-9999,-9999,-9999,-9999,-9999,-9999,-9999,-9999,-9999,-9999,-9999,-9999,-9999,-9999,-9999,-9999,-9999,-9999,32.7111434936523,32.8339004516602,32.9253845214844,33.0131454467773,33.0905456542969,33.599723815918,34.3424415588379,34.5627212524414,34.5185241699219,30.2630939483643,24.8502445220947,23.3722171783447,21.8737888336182,20.7251052856445,18.558837890625,14.0553331375122,11.455864906311,11.2976360321045,16.573169708252,25.0534763336182,27.5096378326416,28.1277465820313,24.1531772613525,17.7970924377441,15.9876775741577,-9999,-9999,-9999,-9999,-9999,-9999,-9999
-9999,-9999,-9999,-9999,-9999,-9999,21.5639743804932,21.8615741729736,22.9008903503418,30.2638397216797,35.3009262084961,36.019962310791,36.6370620727539,-9999,-9999,-9999,-9999,-9999,-9999,-9999,-9999,-9999,-9999,-9999,-9999,-9999,-9999,-9999,-9999,-9999,-9999,-9999,-9999,-9999,-9999,-9999,-9999,-9999,-9999,-9999,-9999,-9999,-9999,-9999,-9999,-9999,-9999,-9999,-9999,-9999,-9999,-9999,-9999,-9999,-9999,-9999,-9999,-9999,-9999,-9999,-9999,-9999,-9999,-9999,-9999,-9999,-9999,-9999,-9999,-9999,-9999,-9999,-9999,-9999,-9999,-9999,-9999,-9999,-9999,-9999,-9999,-9999,-9999,-9999,-9999,-9999,-9999,-9999,-9999,-9999,-9999,-9999,-9999,-9999,-9999,-9999,-9999,-9999,-9999,32.5773468017578,32.6708908081055,32.6957931518555,32.7562255859375,32.8401756286621,33.3299407958984,34.0409202575684,34.2693557739258,34.2796783447266,30.1742153167725,24.9893894195557,23.6257381439209,22.2436027526855,20.9831676483154,18.7413597106934,13.7284631729126,11.6969661712646,12.7623252868652,15.9894065856934,20.7429351806641,21.9786376953125,21.3107509613037,19.5356388092041,17.4350090026855,13.4660272598267,8.08066654205322,-9999,-9999,-9999,-9999,-9999,-9999
-9999,-9999,-9999,-9999,-9999,-9999,-9999,-9999,-9999,-9999,-9999,-9999,-9999,-9999,-9999,-9999,-9999,-9999,-9999,-9999,-9999,-9999,-9999,-9999,-9999,-9999,-9999,-9999,-9999,-9999,-9999,-9999,-9999,-9999,-9999,-9999,-9999,-9999,-9999,-9999,-9999,-9999,-9999,-9999,-9999,-9999,-9999,-9999,-9999,-9999,-9999,-9999,-9999,-9999,-9999,-9999,-9999,-9999,-9999,-9999,-9999,-9999,-9999,-9999,-9999,-9999,-9999,-9999,-9999,-9999,-9999,-9999,-9999,-9999,-9999,-9999,-9999,-9999,-9999,-9999,-9999,-9999,-9999,-9999,-9999,-9999,-9999,-9999,-9999,-9999,-9999,-9999,-9999,-9999,-9999,-9999,-9999,-9999,-9999,-9999,32.4960899353027,32.4663124084473,32.5096740722656,32.6123123168945,33.0957679748535,33.7875556945801,34.0035972595215,33.9936790466309,30.6061706542969,26.4107055664063,24.4958896636963,22.5842704772949,21.2712535858154,18.9490375518799,13.7839384078979,11.6153926849365,13.8158836364746,15.1259002685547,16.3530693054199,15.9358043670654,14.6408262252808,15.2385940551758,15.9336433410645,9.82430458068848,7.6043119430542,3.10344743728638,-9999,-9999,-9999,-9999,-9999
-9999,-9999,-9999,-9999,-9999,-9999,-9999,-9999,-9999,-9999,-9999,-9999,-9999,-9999,-9999,-9999,-9999,-9999,-9999,-9999,-9999,-9999,-9999,-9999,-9999,-9999,-9999,-9999,-9999,-9999,-9999,-9999,-9999,-9999,-9999,-9999,-9999,-9999,-9999,-9999,-9999,-9999,-9999,-9999,-9999,-9999,-9999,-9999,-9999,-9999,-9999,-9999,-9999,-9999,-9999,-9999,-9999,-9999,-9999,-9999,-9999,-9999,-9999,-9999,-9999,-9999,-9999,-9999,-9999,-9999,-9999,-9999,-9999,-9999,-9999,-9999,-9999,-9999,-9999,-9999,-9999,-9999,-9999,-9999,-9999,-9999,-9999,-9999,-9999,-9999,-9999,-9999,-9999,-9999,-9999,-9999,-9999,-9999,-9999,-9999,32.284984588623,32.2435493469238,32.3121528625488,32.4782829284668,33.0016212463379,33.7169990539551,33.8881416320801,33.8230934143066,33.0424270629883,32.0523452758789,27.4449768066406,22.8444519042969,21.5619087219238,19.1539649963379,13.9102621078491,11.3607196807861,13.0678462982178,13.689338684082,13.4744577407837,12.0975389480591,10.2104740142822,9.81985282897949,9.60359668731689,6.77439594268799,3.36276388168335,3.25877475738525,2.76598191261292,-9999,-9999,-9999,-9999
-9999,-9999,-9999,-9999,-9999,-9999,-9999,-9999,-9999,-9999,-9999,-9999,-9999,-9999,-9999,-9999,-9999,-9999,-9999,-9999,-9999,-9999,-9999,-9999,-9999,-9999,-9999,-9999,-9999,-9999,-9999,-9999,-9999,-9999,-9999,-9999,-9999,-9999,-9999,-9999,-9999,-9999,-9999,-9999,-9999,-9999,-9999,-9999,-9999,-9999,-9999,-9999,-9999,-9999,-9999,-9999,-9999,-9999,-9999,-9999,-9999,-9999,-9999,-9999,-9999,-9999,-9999,-9999,-9999,-9999,-9999,-9999,-9999,-9999,-9999,-9999,-9999,-9999,-9999,-9999,-9999,-9999,-9999,-9999,-9999,-9999,-9999,-9999,-9999,-9999,-9999,-9999,-9999,-9999,-9999,-9999,-9999,-9999,-9999,-9999,32.0920562744141,32.0633354187012,32.1538467407227,32.366828918457,32.8078842163086,33.370906829834,33.6253814697266,33.712230682373,34.5454521179199,35.2615127563477,29.2941513061523,23.0730819702148,21.86936378479,19.4982509613037,14.1971483230591,11.3044948577881,12.6438598632813,12.2567567825317,10.937539100647,9.21995544433594,7.33858108520508,6.18434810638428,5.2075343132019,4.21699142456055,3.46498703956604,2.75989961624146,2.51079487800598,-9999,-9999,-9999,-9999
-9999,-9999,-9999,-9999,-9999,-9999,-9999,-9999,-9999,-9999,-9999,-9999,-9999,-9999,-9999,-9999,-9999,-9999,-9999,-9999,-9999,-9999,-9999,-9999,-9999,-9999,-9999,-9999,-9999,-9999,-9999,-9999,-9999,-9999,-9999,-9999,-9999,-9999,-9999,-9999,-9999,-9999,-9999,-9999,-9999,-9999,-9999,-9999,-9999,-9999,-9999,-9999,-9999,-9999,-9999,-9999,-9999,-9999,-9999,-9999,-9999,-9999,-9999,-9999,-9999,-9999,-9999,-9999,-9999,-9999,-9999,-9999,-9999,-9999,-9999,-9999,-9999,-9999,-9999,-9999,-9999,-9999,-9999,-9999,-9999,-9999,-9999,-9999,-9999,-9999,-9999,-9999,-9999,-9999,-9999,-9999,-9999,-9999,-9999,-9999,-9999,31.9606647491455,32.0799331665039,32.3027000427246,32.4240646362305,32.4829406738281,33.065544128418,33.7060813903809,34.6087875366211,35.3289184570313,29.4220504760742,23.2838726043701,22.1997241973877,19.9025020599365,14.6252775192261,11.7280750274658,12.3916845321655,11.6117382049561,9.56125354766846,8.47040367126465,7.81026315689087,6.19340515136719,3.71772694587708,3.13821363449097,2.80600786209106,2.49701499938965,2.272057056427,-9999,-9999,3.28922128677368,3.33900356292725
-9999,-9999,-9999,-9999,-9999,-9999,-9999,-9999,-9999,-9999,-9999,-9999,-9999,-9999,-9999,-9999,-9999,-9999,-9999,-9999,-9999,-9999,-9999,-9999,-9999,-9999,-9999,-9999,-9999,-9999,-9999,-9999,-9999,-9999,-9999,-9999,-9999,-9999,-9999,-9999,-9999,-9999,-9999,-9999,-9999,-9999,-9999,-9999,-9999,-9999,-9999,-9999,-9999,-9999,-9999,-9999,-9999,-9999,-9999,-9999,-9999,-9999,-9999,-9999,-9999,-9999,-9999,-9999,-9999,-9999,-9999,-9999,-9999,-9999,-9999,-9999,-9999,-9999,-9999,-9999,-9999,-9999,-9999,-9999,-9999,-9999,-9999,-9999,-9999,-9999,-9999,-9999,-9999,-9999,-9999,-9999,-9999,-9999,-9999,-9999,-9999,-9999,32.024227142334,32.2001609802246,32.1563415527344,31.9704761505127,32.6904411315918,33.5747108459473,34.5719833374023,35.3733291625977,29.6004810333252,23.3436489105225,20.1778697967529,16.751428604126,12.5893268585205,10.2866554260254,10.772928237915,9.77125835418701,7.5513744354248,6.87359189987183,7.01634311676025,5.65245246887207,3.04600834846497,2.83621501922607,2.6917872428894,2.58357429504395,2.46440601348877,2.9770233631134,3.16793942451477,3.28821015357971,3.3656325340271
-9999,-9999,-9999,-9999,-9999,-9999,-9999,-9999,-9999,-9999,-9999,-9999,-9999,-9999,-9999,-9999,-9999,-9999,-9999,-9999,-9999,-9999,-9999,-9999,-9999,-9999,-9999,-9999,-9999,-9999,-9999,-9999,-9999,-9999,-9999,-9999,-9999,-9999,-9999,-9999,-9999,-9999,-9999,-9999,-9999,-9999,-9999,-9999,-9999,-9999,-9999,-9999,-9999,-9999,-9999,-9999,-9999,-9999,-9999,-9999,-9999,-9999,-9999,-9999,-9999,-9999,-9999,-9999,-9999,-9999,-9999,-9999,-9999,-9999,-9999,-9999,-9999,-9999,-9999,-9999,-9999,-9999,-9999,-9999,-9999,-9999,-9999,-9999,-9999,-9999,-9999,-9999,-9999,-9999,-9999,-9999,-9999,-9999,-9999,-9999,-9999,-9999,-9999,32.0574569702148,32.019157409668,31.9017448425293,32.5122108459473,33.2228927612305,34.4399948120117,35.4484252929688,29.8855266571045,23.2396278381348,15.427472114563,8.90460872650146,7.80600070953369,7.32325887680054,7.67078351974487,6.61236476898193,4.78767728805542,4.00851202011108,4.25417470932007,4.02825593948364,3.18081474304199,3.00101232528687,3.16173219680786,3.14650893211365,3.16474843025208,3.19149780273438,3.15015411376953,2.97894287109375,2.85985350608826
-9999,-9999,-9999,-9999,-9999,-9999,-9999,-9999,-9999,-9999,-9999,-9999,-9999,-9999,-9999,-9999,-9999,-9999,-9999,-9999,-9999,-9999,-9999,-9999,-9999,-9999,-9999,-9999,-9999,-9999,-9999,-9999,-9999,-9999,-9999,-9999,-9999,-9999,-9999,-9999,-9999,-9999,-9999,-9999,-9999,-9999,-9999,-9999,-9999,-9999,-9999,-9999,-9999,-9999,-9999,-9999,-9999,-9999,-9999,-9999,-9999,-9999,-9999,-9999,-9999,-9999,-9999,-9999,-9999,-9999,-9999,-9999,-9999,-9999,-9999,-9999,-9999,-9999,-9999,-9999,-9999,-9999,-9999,-9999,-9999,-9999,-9999,-9999,-9999,-9999,-9999,-9999,-9999,-9999,-9999,-9999,-9999,-9999,-9999,-9999,-9999,-9999,-9999,31.9222240447998,31.9696578979492,32.0439491271973,32.4001617431641,32.7569999694824,33.889461517334,34.9046783447266,29.7697238922119,23.3397541046143,13.6562442779541,6.19359159469604,6.69052648544312,6.67619895935059,7.00390672683716,5.90985918045044,3.51592707633972,2.75522041320801,2.86208987236023,3.02389168739319,3.15874648094177,3.00851917266846,3.11035418510437,3.17160630226135,3.17402720451355,2.89883995056152,4.48272562026978,9.49416923522949,15.0219144821167
-9999,-9999,-9999,-9999,-9999,-9999,-9999,-9999,-9999,-9999,-9999,-9999,-9999,-9999,-9999,-9999,-9999,-9999,-9999,-9999,-9999,-9999,-9999,-9999,-9999,-9999,-9999,-9999,-9999,-9999,-9999,-9999,-9999,-9999,-9999,-9999,-9999,-9999,-9999,-9999,-9999,-9999,-9999,-9999,-9999,-9999,-9999,-9999,-9999,-9999,-9999,-9999,-9999,-9999,-9999,-9999,-9999,-9999,-9999,-9999,-9999,-9999,-9999,-9999,-9999,-9999,-9999,-9999,-9999,-9999,-9999,-9999,-9999,-9999,-9999,-9999,-9999,-9999,-9999,-9999,-9999,-9999,-9999,-9999,-9999,-9999,-9999,-9999,-9999,-9999,-9999,-9999,-9999,-9999,-9999,-9999,-9999,-9999,-9999,-9999,-9999,-9999,-9999,-9999,31.9920768737793,32.3232421875,32.4717788696289,32.510570526123,33.0627708435059,33.9464302062988,29.3716468811035,22.7983016967773,13.3440980911255,6.510910987854,7.26882696151733,7.53754234313965,7.66268730163574,6.60759544372559,3.6721396446228,2.52216148376465,2.56803488731384,2.55393218994141,2.4978666305542,2.38139390945435,2.3080005645752,2.31678080558777,2.37105083465576,2.1153609752655,6.65165853500366,20.1874923706055,30.8351192474365
-9999,-9999,-9999,-9999,-9999,-9999,-9999,-9999,-9999,-9999,-9999,-9999,-9999,-9999,-9999,-9999,-9999,-9999,-9999,-9999,-9999,-9999,-9999,-9999,-9999,-9999,-9999,-9999,-9999,-9999,-9999,-9999,-9999,-9999,-9999,-9999,-9999,-9999,-9999,-9999,-9999,-9999,-9999,-9999,-9999,-9999,-9999,-9999,-9999,-9999,-9999,-9999,-9999,-9999,-9999,-9999,-9999,-9999,-9999,-9999,-9999,-9999,-9999,-9999,-9999,-9999,-9999,-9999,-9999,-9999,-9999,-9999,-9999,-9999,-9999,-9999,-9999,-9999,-9999,-9999,-9999,-9999,-9999,-9999,-9999,-9999,-9999,-9999,-9999,-9999,-9999,-9999,-9999,-9999,-9999,-9999,-9999,-9999,-9999,-9999,-9999,-9999,-9999,-9999,-9999,-9999,32.2307586669922,32.136100769043,32.6905632019043,33.2498092651367,30.3505840301514,25.9445571899414,18.8145084381104,13.3110990524292,11.5278816223145,10.5309114456177,10.7789487838745,9.85239696502686,8.00417232513428,8.68519687652588,10.8720302581787,11.2288389205933,10.3097114562988,12.2026968002319,14.2245845794678,15.65687084198,16.6196937561035,16.0856437683105,18.3894462585449,26.2082080841064,32.6795234680176
-9999,-9999,-9999,-9999,-9999,-9999,-9999,-9999,-9999,-9999,-9999,-9999,-9999,-9999,-9999,-9999,-9999,-9999,-9999,-9999,-9999,-9999,-9999,-9999,-9999,-9999,-9999,-9999,-9999,-9999,-9999,-9999,-9999,-9999,-9999,-9999,-9999,-9999,-9999,-9999,-9999,-9999,-9999,-9999,-9999,-9999,-9999,-9999,-9999,-9999,-9999,-9999,-9999,-9999,-9999,-9999,-9999,-9999,-9999,-9999,-9999,-9999,-9999,-9999,-9999,-9999,-9999,-9999,-9999,-9999,-9999,-9999,-9999,-9999,-9999,-9999,-9999,-9999,-9999,-9999,-9999,-9999,-9999,-9999,-9999,-9999,-9999,-9999,-9999,-9999,-9999,-9999,-9999,-9999,-9999,-9999,-9999,-9999,-9999,-9999,-9999,-9999,-9999,-9999,-9999,-9999,-9999,-9999,31.93190574646,32.1877403259277,31.9006996154785,31.188346862793,27.6172714233398,23.1968040466309,17.8317718505859,14.5607976913452,15.4713115692139,15.5044326782227,14.4836349487305,17.6721324920654,22.588960647583,22.880578994751,22.0349159240723,24.8186855316162,27.6646137237549,29.9382591247559,31.596378326416,31.0213985443115,30.6147346496582,30.5883560180664,-9999
-9999,-9999,-9999,-9999,-9999,-9999,-9999,-9999,-9999,-9999,-9999,-9999,-9999,-9999,-9999,-9999,-9999,-9999,-9999,-9999,-9999,-9999,-9999,-9999,-9999,-9999,-9999,-9999,-9999,-9999,-9999,-9999,-9999,-9999,-9999,-9999,-9999,-9999,-9999,-9999,-9999,-9999,-9999,-9999,-9999,-9999,-9999,-9999,-9999,-9999,-9999,-9999,-9999,-9999,-9999,-9999,-9999,-9999,-9999,-9999,-9999,-9999,-9999,-9999,-9999,-9999,-9999,-9999,-9999,-9999,-9999,-9999,-9999,-9999,-9999,-9999,-9999,-9999,-9999,-9999,-9999,-9999,-9999,-9999,-9999,-9999,-9999,-9999,-9999,-9999,-9999,-9999,-9999,-9999,-9999,-9999,-9999,-9999,-9999,-9999,-9999,-9999,-9999,-9999,-9999,-9999,-9999,-9999,-9999,-9999,31.668155670166,31.464656829834,29.6471900939941,27.5054683685303,24.6168689727783,22.8480949401855,22.9743995666504,22.7981262207031,22.3499851226807,24.011157989502,26.5969219207764,26.7962627410889,26.3958473205566,27.8696231842041,29.4176712036133,30.7008609771729,31.6503524780273,31.2629356384277,-9999,-9999,-9999
-9999,-9999,-9999,-9999,-9999,-9999,-9999,-9999,-9999,-9999,-9999,-9999,-9999,-9999,-9999,-9999,-9999,-9999,-9999,-9999,-9999,-9999,-9999,-9999,-9999,-9999,-9999,-9999,-9999,-9999,-9999,-9999,-9999,-9999,-9999,-9999,-9999,-9999,-9999,-9999,-9999,-9999,-9999,-9999,-9999,-9999,-9999,-9999,-9999,-9999,-9999,-9999,-9999,-9999,-9999,-9999,-9999,-9999,-9999,-9999,-9999,-9999,-9999,-9999,-9999,-9999,-9999,-9999,-9999,-9999,-9999,-9999,-9999,-9999,-9999,-9999,-9999,-9999,-9999,-9999,-9999,-9999,-9999,-9999,-9999,-9999,-9999,-9999,-9999,-9999,-9999,-9999,-9999,-9999,-9999,-9999,-9999,-9999,-9999,-9999,-9999,-9999,-9999,-9999,-9999,-9999,-9999,-9999,-9999,-9999,-9999,-9999,-9999,-9999,-9999,-9999,-9999,-9999,-9999,-9999,-9999,-9999,-9999,-9999,-9999,-9999,-9999,-9999,-9999,-9999,-9999
-9999,-9999,-9999,-9999,-9999,-9999,-9999,-9999,-9999,-9999,-9999,-9999,-9999,-9999,-9999,-9999,-9999,-9999,-9999,-9999,-9999,-9999,-9999,-9999,-9999,-9999,-9999,-9999,-9999,-9999,-9999,-9999,-9999,-9999,-9999,-9999,-9999,-9999,-9999,-9999,-9999,-9999,-9999,-9999,-9999,-9999,-9999,-9999,-9999,-9999,-9999,-9999,-9999,-9999,-9999,-9999,-9999,-9999,-9999,-9999,-9999,-9999,-9999,-9999,-9999,-9999,-9999,-9999,-9999,-9999,-9999,-9999,-9999,-9999,-9999,-9999,-9999,-9999,-9999,-9999,-9999,-9999,-9999,-9999,-9999,-9999,-9999,-9999,-9999,-9999,-9999,-9999,-9999,-9999,-9999,-9999,-9999,-9999,-9999,-9999,-9999,-9999,-9999,-9999,-9999,-9999,-9999,-9999,-9999,-9999,-9999,-9999,-9999,-9999,-9999,-9999,-9999,-9999,-9999,-9999,-9999,-9999,-9999,-9999,-9999,-9999,-9999,-9999,-9999,-9999,-9999

Step,49
Year,4.083333
-9999,-9999,-9999,-9999,-9999,-9999,-9999,-9999,-9999,-9999,-9999,-9999,-9999,-9999,-9999,-9999,-9999,-9999,-9999,-9999,-9999,-9999,-9999,-9999,-9999,-9999,-9999,-9999,-9999,-9999,-9999,-9999,-9999,-9999,-9999,-9999,-9999,-9999,-9999,-9999,-9999,-9999,-9999,-9999,-9999,-9999,-9999,-9999,-9999,-9999,-9999,-9999,-9999,-9999,-9999,-9999,-9999,-9999,-9999,-9999,-9999,-9999,-9999,-9999,-9999,-9999,-9999,-9999,-9999,-9999,-9999,-9999,-9999,-9999,-9999,-9999,-9999,-9999,-9999,-9999,-9999,-9999,-9999,-9999,-9999,-9999,-9999,-9999,-9999,-9999,-9999,-9999,-9999,-9999,-9999,-9999,-9999,-9999,-9999,-9999,-9999,-9999,-9999,-9999,-9999,-9999,-9999,-9999,-9999,-9999,-9999,-9999,-9999,-9999,-9999,-9999,-9999,-9999,-9999,-9999,-9999,-9999,-9999,-9999,-9999,-9999,-9999,-9999,-9999,-9999,-9999
-9999,-9999,-9999,-9999,-9999,-9999,-9999,-9999,-9999,-9999,-9999,-9999,-9999,-9999,-9999,-9999,-9999,-9999,-9999,-9999,-9999,-9999,-9999,-9999,-9999,-9999,-9999,-9999,-9999,-9999,-9999,-9999,-9999,-9999,-9999,-9999,-9999,-9999,-9999,-9999,-9999,-9999,-9999,-9999,-9999,-9999,-9999,-9999,-9999,-9999,-9999,-9999,-9999,-9999,-9999,-9999,-9999,-9999,-9999,-9999,-9999,-9999,-9999,-9999,-9999,-9999,-9999,-9999,-9999,-9999,-9999,-9999,-9999,-9999,-9999,-9999,-9999,-9999,-9999,-9999,-9999,-9999,-9999,-9999,-9999,-9999,-9999,-9999,-9999,-9999,-9999,-9999,-9999,-9999,-9999,-9999,-9999,-9999,-9999,-9999,-9999,-9999,-9999,-9999,-9999,-9999,-9999,-9999,-9999,-9999,-9999,-9999,-9999,-9999,-9999,-9999,-9999,-9999,-9999,-9999,-9999,-9999,-9999,-9999,-9999,-9999,-9999,-9999,-9999,-9999,-9999
-9999,-9999,-9999,-9999,-9999,-9999,-9999,-9999,-9999,-9999,-9999,-9999,-9999,-9999,-9999,-9999,-9999,-9999,-9999,-9999,-9999,-9999,-9999,-9999,-9999,-9999,-9999,-9999,-9999,-9999,-9999,-9999,-9999,-9999,-9999,-9999,-9999,-9999,-9999,-9999,-9999,-9999,-9999,-9999,-9999,-9999,-9999,-9999,-9999,-9999,-9999,-9999,-9999,-9999,-9999,-9999,-9999,-9999,-9999,-9999,-9999,-9999,-9999,-9999,-9999,-9999,-9999,-9999,-9999,-9999,-9999,-9999,-9999,-9999,37.1076164245605,38.0080223083496,-9999,-9999,-9999,-9999,-9999,-9999,-9999,-9999,-9999,-9999,-9999,-9999,-9999,-9999,-9999,-9999,-9999,-9999,-9999,-9999,-9999,-9999,-9999,-9999,-9999,-9999,-9999,-9999,-9999,-9999,-9999,-9999,-9999,-9999,-9999,-9999,-9999,-9999,-9999,-9999,-9999,-9999,-9999,-9999,-9999,-9999,-9999,-9999,-9999,-9999,-9999,-9999,-9999,-9999,-9999
-9999,-9999,-9999,-9999,-9999,-9999,-9999,-9999,-9999,-9999,-9999,-9999,-9999,-9999,-9999,-9999,-9999,-9999,-9999,-9999,-9999,-9999,-9999,-9999,-9999,-9999,-9999,-9999,-9999,-9999,-9999,-9999,-9999,-9999,-9999,-9999,-9999,-9999,-9999,-9999,-9999,-9999,-9999,-9999,-9999,-9999,-9999,-9999,-9999,-9999,-9999,-9999,-9999,-9999,-9999,-9999,-9999,-9999,-9999,-9999,-9999,-9999,-9999,-9999,-9999,-9999,-9999,-9999,-9999,-9999,-9999,-9999,-9999,-9999,38.3166046142578,38.0118522644043,-9999,-9999,-9999,-9999,-9999,-9999,-9999,-9999,-9999,-9999,-9999,-9999,-9999,-9999,-9999,-9999,-9999,-9999,-9999,-9999,-9999,-9999,-9999,-9999,-9999,-9999,-9999,-9999,-9999,-9999,-9999,-9999,-9999,-9999,-9999,-9999,-9999,-9999,-9999,-9999,-9999,-9999,-9999,-9999,-9999,-9999,-9999,-9999,-9999,-9999,-9999,-9999,-9999,-9999,-9999
-9999,-9999,-9999,-9999,-9999,-9999,-9999,-9999,-9999,-9999,-9999,-9999,-9999,-9999,-9999,-9999,-9999,-9999,-9999,-9999,-9999,-9999,-9999,-9999,-9999,-9999,-9999,-9999,-9999,-9999,-9999,-9999,-9999,-9999,-9999,-9999,-9999,-9999,-9999,-9999,-9999,-9999,-9999,-9999,-9999,-9999,-9999,-9999,-9999,-9999,-9999,-9999,-9999,-9999,-9999,-9999,6.175876867201E-13,1.09019282490408E-08,1.08177866664505E-08,1.08012363497778E-08,-9999,-9999,-9999,-9999,-9999,38.6145477294922,38.5984420776367,39.669116973877,39.9062232971191,37.2507705688477,35.9483489990234,32.7371215820313,32.4849472045898,31.9179039001465,35.5616760253906,34.3799324035645,32.990966796875,-9999,-9999,25.2378120422363,23.8801956176758,23.033073425293,23.6388454437256,30.4057750701904,33.5622215270996,35.5078010559082,35.472225189209,33.1679763793945,25.000431060791,-9999,-9999,-9999,-9999,-9999,-9999,-9999,-9999,-9999,-9999,-9999,-9999,-9999,-9999,-9999,-9999,-9999,-9999,-9999,-9999,-9999,-9999,-9999,-9999,-9999,-9999,-9999,-9999,-9999,-9999,-9999,-9999,-9999,-9999,-9999,-9999,-9999,-9999,-9999,-9999,-9999,-9999
-9999,-9999,-9999,-9999,-9999,-9999,-9999,-9999,-9999,-9999,-9999,-9999,-9999,-9999,-9999,-9999,-9999,-9999,-9999,-9999,-9999,-9999,-9999,-9999,-9999,-9999,-9999,-9999,-9999,-9999,-9999,-9999,-9999,-9999,-9999,-9999,-9999,-9999,-9999,-9999,-9999,-9999,-9999,-9999,-9999,-9999,-9999,-9999,-9999,-9999,-9999,-9999,-9999,-9999,-9999,7.13290537746047E-13,2.4850706381585E-08,0.000671763846185058,0.000668006483465433,0.000667249201796949,0.00136904278770089,44.7461967468262,-9999,44.0984573364258,41.909610748291,41.4433670043945,41.4485740661621,40.7474594116211,39.9324645996094,39.437313079834,36.193977355957,35.3692245483398,35.9692153930664,35.0210876464844,34.6344833374023,35.0655364990234,33.8167839050293,33.3990325927734,32.1758346557617,29.6655902862549,26.4234580993652,23.6826477050781,26.7325401306152,29.8228912353516,34.0707359313965,36.5400123596191,36.2660331726074,34.1026268005371,28.5676898956299,22.4812984466553,15.9639806747437,-9999,-9999,-9999,-9999,-9999,-9999,-9999,-9999,-9999,-9999,-9999,-9999,-9999,-9999,-9999,-9999,-9999,-9999,-9999,-9999,-9999,-9999,-9999,-9999,-9999,-9999,-9999,-9999,-9999,-9999,-9999,-9999,-9999,-9999,-9999,-9999,-9999,-9999,-9999,-9999
-9999,-9999,-9999,-9999,-9999,-9999,-9999,-9999,-9999,-9999,-9999,-9999,-9999,-9999,-9999,-9999,-9999,-9999,-9999,-9999,-9999,-9999,-9999,-9999,-9999,-9999,-9999,-9999,-9999,-9999,-9999,-9999,-9999,-9999,-9999,-9999,-9999,-9999,-9999,-9999,-9999,-9999,-9999,-9999,-9999,-9999,-9999,-9999,-9999,-9999,-9999,-9999,-9999,-9999,-9999,1.44849527927704E-08,0.000772534171119332,45.8951797485352,45.8381958007813,45.8875465393066,46.0433464050293,45.4065551757813,44.6373062133789,44.6050033569336,42.1720504760742,42.0987815856934,40.9540824890137,40.331714630127,39.8053550720215,38.532470703125,37.5407028198242,37.1506500244141,36.8003196716309,36.5544776916504,36.1272315979004,35.7320022583008,34.8445472717285,33.7106399536133,31.8927211761475,29.6944332122803,26.7161350250244,24.1027641296387,27.3817462921143,31.9705562591553,36.0736083984375,37.7746315002441,37.5271148681641,35.0741767883301,29.1557807922363,22.8914222717285,15.926887512207,13.8611717224121,18.0745906829834,-9999,-9999,-9999,-9999,-9999,-9999,-9999,-9999,-9999,29.7048149108887,30.5827102661133,32.3262710571289,-9999,-9999,-9999,-9999,-9999,-9999,-9999,-9999,-9999,-9999,-9999,-9999,-9999,-9999,-9999,-9999,-9999,-9999,-9999,-9999,-9999,-9999,-9999,-9999,-9999,-9999
-9999,-9999,-9999,-9999,-9999,-9999,-9999,-9999,-9999,-9999,-9999,-9999,-9999,-9999,-9999,-9999,-9999,-9999,-9999,-9999,-9999,-9999,-9999,-9999,-9999,-9999,-9999,-9999,-9999,-9999,-9999,39.2633972167969,-9999,-9999,-9999,39.905574798584,-9999,-9999,-9999,-9999,-9999,-9999,-9999,-9999,-9999,-9999,-9999,-9999,-9999,-9999,-9999,-9999,-9999,-9999,-9999,-9999,-9999,45.4647445678711,45.6899261474609,45.7873382568359,-9999,46.1817016601563,45.5973777770996,44.6760749816895,43.2936210632324,41.8997192382813,41.6787567138672,40.7567443847656,39.9355354309082,37.6655349731445,36.789794921875,38.0146064758301,38.1566696166992,37.7090682983398,37.1472663879395,36.6244964599609,35.866039276123,34.905632019043,34.7523155212402,34.6881828308105,32.7826156616211,31.4118099212646,34.7511749267578,36.8061447143555,39.5555572509766,40.7870750427246,39.7852630615234,37.4767379760742,32.8291549682617,29.5648765563965,27.4691600799561,22.5829410552979,16.8567161560059,20.1115608215332,-9999,-9999,-9999,-9999,-9999,-9999,-9999,-9999,33.9431381225586,36.5444259643555,35.647102355957,33.8671836853027,33.347957611084,-9999,-9999,-9999,-9999,-9999,-9999,-9999,-9999,-9999,-9999,-9999,-9999,-9999,-9999,-9999,-9999,-9999,-9999,-9999,-9999,-9999,-9999,-9999,-9999
-9999,-9999,-9999,-9999,-9999,-9999,-9999,-9999,-9999,-9999,-9999,-9999,-9999,-9999,-9999,-9999,-9999,-9999,-9999,-9999,-9999,-9999,-9999,-9999,-9999,-9999,-9999,-9999,-9999,-9999,38.5578117370605,38.5055046081543,-9999,-9999,40.0745887756348,39.7111930847168,-9999,-9999,36.2452583312988,38.7283325195313,-9999,-9999,-9999,-9999,-9999,41.3621101379395,-9999,-9999,-9999,-9999,-9999,-9999,-9999,-9999,-9999,-9999,-9999,-9999,-9999,-9999,-9999,46.0473785400391,46.1086692810059,44.795524597168,43.0325546264648,42.1578407287598,40.6252746582031,39.7787780761719,38.7203559875488,36.6211433410645,35.4707870483398,38.5934753417969,40.2814636230469,39.674430847168,38.5727729797363,37.9916114807129,37.3646430969238,36.0432357788086,38.027946472168,39.1499137878418,39.7427978515625,38.8399810791016,39.7593269348145,40.7367668151855,41.8778610229492,42.3187599182129,41.4481773376465,39.7145500183105,36.4643363952637,35.5896835327148,36.7273292541504,30.1787128448486,17.9888038635254,20.0203666687012,24.2999134063721,-9999,-9999,-9999,-9999,-9999,35.1500663757324,35.2552909851074,35.7611236572266,35.6814384460449,36.7949485778809,37.8960571289063,35.551383972168,32.43994140625,-9999,-9999,-9999,-9999,-9999,-9999,-9999,-9999,-9999,-9999,-9999,-9999,-9999,-9999,-9999,-9999,-9999,-9999,-9999,-9999,-9999,-9999,-9999
-9999,-9999,-9999,-9999,-9999,-9999,-9999,-9999,-9999,-9999,-9999,-9999,-9999,-9999,-9999,-9999,-9999,-9999,-9999,-9999,-9999,-9999,-9999,38.5905647277832,39.4128761291504,-9999,-9999,-9999,-9999,38.3362998962402,38.1699981689453,39.0077629089355,37.9549751281738,39.9445877075195,39.9750022888184,39.2518119812012,37.0840606689453,35.2547836303711,35.7081108093262,-9999,38.4388656616211,41.0130844116211,-9999,-9999,40.9953269958496,41.435245513916,42.0055351257324,42.8986053466797,-9999,-9999,-9999,-9999,-9999,-9999,-9999,-9999,-9999,41.6697425842285,43.8719749450684,-9999,-9999,-9999,44.8150939941406,44.743049621582,44.109302520752,42.2897338867188,41.7516250610352,40.9124908447266,39.5101089477539,35.8388824462891,34.4762420654297,37.7579154968262,39.6159019470215,40.403678894043,40.1704025268555,39.5527954101563,38.8742942810059,37.7405548095703,37.8471832275391,39.4689140319824,39.9204254150391,39.945426940918,40.9802131652832,41.8334312438965,42.2483749389648,42.394847869873,42.0359687805176,40.941951751709,38.3635597229004,36.5328559875488,35.792839050293,31.227258682251,23.9383354187012,23.421293258667,24.2389736175537,21.3159484863281,20.830680847168,22.2866630554199,22.8293266296387,24.766918182373,29.5958156585693,34.8662757873535,35.0572090148926,35.5156593322754,36.2909889221191,37.2429389953613,37.9443550109863,35.4346961975098,33.1355743408203,34.6779937744141,-9999,-9999,-9999,-9999,-9999,-9999,-9999,-9999,-9999,-9999,-9999,-9999,-9999,-9999,-9999,-9999,-9999,-9999,-9999,-9999,-9999
-9999,-9999,-9999,-9999,-9999,-9999,-9999,-9999,-9999,-9999,-9999,-9999,-9999,-9999,-9999,-9999,-9999,-9999,-9999,-9999,-9999,-9999,38.9316024780273,38.271312713623,38.3772735595703,40.0851173400879,41.0193328857422,37.1833763122559,37.7708206176758,37.301887512207,38.1284484863281,37.9976043701172,37.0098457336426,37.9508247375488,38.5957946777344,37.2121734619141,35.4082908630371,35.1297225952148,35.3169937133789,36.117073059082,37.2812156677246,39.8128929138184,40.7311820983887,40.4893798828125,41.0763549804688,41.5997123718262,42.6554565429688,43.2170944213867,43.268871307373,-9999,-9999,-9999,-9999,-9999,-9999,-9999,-9999,39.7950401306152,40.4395790100098,42.4958610534668,-9999,-9999,44.0501365661621,44.7054634094238,44.9146003723145,43.8875885009766,42.3037757873535,40.6607856750488,38.2711906433105,34.8410491943359,33.6790084838867,37.3777961730957,39.4965476989746,40.9395713806152,41.0856475830078,40.504825592041,39.8474960327148,39.2539405822754,39.3150634765625,38.6821479797363,39.8938331604004,41.0363845825195,42.0123901367188,42.7085418701172,42.5685920715332,42.4745941162109,42.4732666015625,41.8443908691406,40.3671836853027,37.9575996398926,34.688533782959,31.9117126464844,28.4099998474121,25.8932132720947,23.5236797332764,22.2987003326416,21.9557266235352,24.0300273895264,24.2114734649658,23.6751346588135,26.079553604126,32.4011688232422,35.3620338439941,35.8675804138184,36.3559799194336,36.9536247253418,37.7285308837891,38.8662605285645,36.9915313720703,34.9444046020508,-9999,-9999,-9999,-9999,-9999,-9999,-9999,-9999,-9999,-9999,-9999,-9999,-9999,-9999,-9999,-9999,-9999,-9999,-9999,-9999,-9999
-9999,-9999,-9999,-9999,-9999,-9999,-9999,-9999,-9999,-9999,-9999,-9999,-9999,-9999,-9999,-9999,-9999,-9999,-9999,-9999,-9999,-9999,39.2959480285645,37.9561233520508,37.3767395019531,39.242057800293,41.9024887084961,41.2496185302734,36.7090492248535,37.1073417663574,37.6187629699707,37.4972610473633,37.0062675476074,36.7373046875,37.5001678466797,36.3198051452637,35.2549514770508,34.7124633789063,34.8448104858398,35.5583267211914,36.8930358886719,38.8619575500488,40.2473526000977,40.5977821350098,40.5954704284668,41.1894912719727,41.1738204956055,42.6206665039063,43.1061706542969,42.9409713745117,43.0316276550293,-9999,-9999,-9999,-9999,-9999,-9999,-9999,39.4301567077637,40.9370384216309,42.3575134277344,42.8466033935547,43.2664451599121,44.3717231750488,45.3946723937988,43.7068023681641,41.9442672729492,38.3918876647949,35.0772476196289,33.257926940918,34.6927108764648,38.5989646911621,40.686653137207,41.771858215332,42.1543884277344,42.2246017456055,41.8817520141602,41.4667930603027,40.9017562866211,40.0806121826172,41.0881156921387,42.0464172363281,42.3742446899414,42.6198501586914,42.5924682617188,42.5764198303223,42.5847244262695,42.0270156860352,40.8070907592773,38.1391716003418,33.5596923828125,31.7359981536865,30.7729148864746,25.7104797363281,19.3591575622559,20.3392467498779,21.3597450256348,23.0758228302002,24.2593231201172,23.8855743408203,26.4524307250977,33.0778007507324,36.6978721618652,38.4989547729492,37.9765129089355,35.9260635375977,36.6963081359863,38.5850563049316,38.4999923706055,35.9484329223633,38.4020233154297,-9999,-9999,-9999,-9999,-9999,-9999,-9999,-9999,-9999,-9999,-9999,-9999,-9999,-9999,-9999,-9999,-9999,-9999,-9999,-9999
-9999,-9999,-9999,-9999,-9999,-9999,-9999,-9999,-9999,-9999,-9999,-9999,-9999,-9999,-9999,-9999,-9999,-9999,-9999,-9999,-9999,-9999,39.3805274963379,39.1643981933594,36.6217575073242,36.1115913391113,42.5606307983398,44.1888771057129,40.2688980102539,38.4961967468262,38.6309967041016,38.682689666748,38.1214256286621,37.5604782104492,37.1744995117188,36.7913665771484,36.2440910339355,35.9025917053223,35.7126655578613,36.4639434814453,37.0119590759277,38.3391952514648,39.2297706604004,39.7628631591797,40.1662864685059,40.2704963684082,40.4543151855469,40.3369026184082,41.3844146728516,42.1941986083984,42.8826904296875,-9999,-9999,-9999,-9999,39.8854713439941,39.9044075012207,39.2835960388184,39.1773986816406,39.7532730102539,41.113353729248,42.0886383056641,43.1342010498047,43.9690628051758,44.3914031982422,42.3666458129883,40.9506225585938,36.5469741821289,33.9759292602539,35.3760948181152,36.6581802368164,40.1015319824219,42.156379699707,43.1661911010742,43.5398483276367,43.3528709411621,42.9231758117676,42.4073181152344,41.8383331298828,41.242301940918,41.9821739196777,42.6587371826172,42.5755271911621,42.5233573913574,42.5736541748047,42.6028137207031,42.592845916748,42.1507911682129,41.2090759277344,38.7088623046875,34.6729774475098,34.1908645629883,35.3920364379883,29.3575592041016,20.8585548400879,22.0522918701172,23.1334800720215,24.742431640625,25.9060077667236,25.6276054382324,27.9804840087891,34.0336608886719,37.9256134033203,40.4934043884277,39.5060729980469,36.1198463439941,37.097339630127,39.4181137084961,40.0655212402344,39.584041595459,38.364631652832,40.5534820556641,-9999,-9999,-9999,-9999,-9999,-9999,-9999,-9999,-9999,-9999,-9999,-9999,-9999,-9999,-9999,-9999,-9999,-9999,-9999
-9999,-9999,-9999,-9999,-9999,-9999,-9999,-9999,-9999,-9999,-9999,-9999,-9999,-9999,-9999,-9999,-9999,-9999,-9999,-9999,-9999,37.7146949768066,38.999439239502,38.3049468994141,35.9972534179688,35.6292343139648,41.8560905456543,44.5417098999023,43.137092590332,42.3019561767578,41.8676452636719,41.4971389770508,41.3457260131836,41.04296875,40.6605682373047,40.2453651428223,39.7677116394043,39.5223045349121,39.3186340332031,39.5112037658691,39.2382583618164,37.3611640930176,36.9625778198242,38.3277320861816,38.8692398071289,39.2487716674805,39.3348999023438,39.4770469665527,39.5469741821289,39.9567718505859,40.3190116882324,40.2624282836914,39.917797088623,39.9988746643066,40.0287818908691,39.6166877746582,39.2245178222656,39.1304626464844,39.0661392211914,39.009090423584,38.1414489746094,38.4572563171387,40.0554161071777,42.6964797973633,44.1629791259766,42.7388153076172,40.0613632202148,35.2431907653809,35.5833930969238,39.5749893188477,42.2524719238281,43.212947845459,43.7050437927246,43.7068290710449,43.5794525146484,43.3354034423828,43.0375213623047,42.7159843444824,42.4150619506836,42.1279335021973,42.2451057434082,42.3667907714844,42.392204284668,42.4193801879883,42.4538116455078,42.4375686645508,42.3262672424316,42.1041374206543,41.7575836181641,40.9295120239258,39.7373390197754,39.7515487670898,40.1365585327148,37.729133605957,33.7877464294434,31.1158275604248,28.6798667907715,29.81276512146,30.9440422058105,31.0035419464111,32.1984100341797,35.2316474914551,38.4383087158203,41.318775177002,41.1627388000488,39.0343894958496,41.0370254516602,43.6818237304688,42.1952514648438,40.1345710754395,40.3761978149414,40.0634231567383,38.5934715270996,37.8468284606934,-9999,-9999,-9999,-9999,-9999,-9999,-9999,-9999,-9999,-9999,-9999,-9999,-9999,-9999,-9999,-9999,-9999
-9999,-9999,-9999,-9999,-9999,-9999,-9999,-9999,-9999,-9999,-9999,-9999,-9999,-9999,-9999,-9999,-9999,-9999,-9999,-9999,-9999,35.9123458862305,35.499397277832,36.6604652404785,36.212646484375,36.9207077026367,41.5558700561523,43.7917251586914,43.5119705200195,43.1766891479492,42.6252861022949,42.360294342041,42.1775054931641,42.0008850097656,41.6032524108887,41.2951698303223,40.829345703125,40.525520324707,40.3428764343262,40.347728729248,39.8692436218262,38.1181526184082,37.1269683837891,37.6868057250977,38.1498374938965,38.6734619140625,39.2771682739258,39.8202514648438,39.4538040161133,39.2039604187012,39.3878440856934,39.5479888916016,39.5756454467773,39.4963417053223,39.4898300170898,39.1176261901855,38.4396286010742,38.0153846740723,37.6951141357422,36.782283782959,36.7231521606445,37.9126052856445,38.7227935791016,39.528205871582,42.7462272644043,42.1728057861328,41.2485618591309,36.221492767334,37.9901351928711,42.2007446289063,44.5837135314941,44.3892402648926,44.1156158447266,43.748649597168,-9999,-9999,-9999,-9999,-9999,-9999,-9999,42.0805587768555,42.1389656066895,42.1955261230469,42.2442092895508,42.2184143066406,42.0523109436035,41.9336013793945,41.8663330078125,41.8385772705078,41.8377952575684,41.8032379150391,41.7648010253906,41.2061920166016,39.7441291809082,35.8536186218262,32.2705688476563,33.1742324829102,33.7743721008301,32.0313835144043,31.8503322601318,33.9275856018066,36.7086791992188,39.952320098877,40.8277587890625,40.5099716186523,42.4976959228516,44.7993927001953,42.3759765625,38.9607276916504,40.1298370361328,39.3821830749512,38.3262786865234,37.082447052002,37.1656608581543,-9999,-9999,-9999,-9999,-9999,-9999,-9999,-9999,-9999,-9999,-9999,-9999,-9999,-9999,-9999,-9999
-9999,-9999,-9999,-9999,-9999,-9999,-9999,-9999,-9999,-9999,-9999,-9999,-9999,-9999,-9999,-9999,-9999,-9999,-9999,33.8169593811035,34.6039848327637,34.0326690673828,33.4392242431641,33.2874526977539,37.1090660095215,39.855094909668,40.7376708984375,41.12890625,40.7950782775879,40.3434410095215,40.094181060791,39.8930969238281,39.871753692627,39.5503044128418,39.2646179199219,38.9438400268555,38.6185531616211,38.3418083190918,38.1940307617188,38.1934623718262,38.8357009887695,41.0342903137207,41.4206008911133,39.371997833252,38.5926094055176,39.2079963684082,40.0846366882324,40.9895782470703,39.7994956970215,37.8573226928711,38.1188125610352,38.287784576416,38.2215728759766,38.0792274475098,37.8588638305664,37.299430847168,35.9240036010742,34.887336730957,34.3786354064941,35.4455795288086,37.5435180664063,40.1153945922852,42.072582244873,41.6157836914063,41.4257583618164,39.4930648803711,40.7515029907227,42.0451240539551,42.186336517334,43.3502731323242,44.0338668823242,-9999,-9999,-9999,-9999,-9999,-9999,-9999,-9999,-9999,-9999,-9999,-9999,41.7964630126953,41.9038238525391,41.9215469360352,41.7702407836914,41.5842971801758,41.3596343994141,41.0970344543457,40.8057899475098,40.7171249389648,40.7053680419922,40.7754859924316,40.8421096801758,37.3532180786133,33.8811874389648,34.4217758178711,34.1419258117676,29.0652923583984,26.1757297515869,27.6300392150879,30.3645706176758,33.6643753051758,37.3261337280273,40.2869567871094,41.5352783203125,42.3603210449219,39.8357086181641,36.5804405212402,38.7505569458008,40.1829795837402,40.4570693969727,35.2336006164551,36.2787742614746,-9999,-9999,-9999,-9999,-9999,-9999,-9999,-9999,-9999,-9999,-9999,-9999,-9999,-9999,-9999,-9999
-9999,-9999,-9999,-9999,-9999,-9999,-9999,-9999,-9999,-9999,-9999,-9999,-9999,-9999,-9999,-9999,-9999,-9999,31.7823390960693,32.9557571411133,33.1529922485352,35.0940055847168,33.6101341247559,32.7316627502441,36.9003601074219,39.6289405822754,40.3653411865234,40.8181495666504,40.2218055725098,39.8992118835449,39.7095718383789,39.6389846801758,39.6336822509766,39.4175262451172,38.9873313903809,38.9013824462891,38.6208572387695,38.4545555114746,38.2008056640625,38.2978706359863,39.0810165405273,42.142147064209,42.7784881591797,40.4536209106445,39.2907485961914,39.7184143066406,40.6220703125,41.4347953796387,39.8529853820801,37.1532592773438,36.4601287841797,36.1102409362793,35.8501510620117,35.7515754699707,36.7334518432617,37.0537490844727,35.5631790161133,34.5258941650391,33.9827423095703,36.1923446655273,39.2639465332031,41.5387954711914,42.9973602294922,43.2413177490234,43.1358871459961,42.890625,42.4977836608887,43.1379280090332,-9999,-9999,-9999,-9999,-9999,-9999,-9999,-9999,-9999,-9999,-9999,-9999,-9999,-9999,-9999,-9999,-9999,41.596752166748,41.4777297973633,41.2817268371582,41.0009002685547,40.6319885253906,40.2001457214355,40.0402755737305,39.9779319763184,40.2781257629395,40.6435699462891,38.2777252197266,35.8768539428711,35.1036033630371,33.4257736206055,28.5571308135986,24.8060035705566,23.8654003143311,24.83664894104,27.897274017334,32.843578338623,37.6248435974121,38.7034187316895,38.9598999023438,38.3799438476563,37.7474632263184,38.6009330749512,39.4493255615234,39.0785942077637,35.6121482849121,34.8386993408203,-9999,-9999,-9999,-9999,-9999,-9999,-9999,-9999,-9999,-9999,-9999,-9999,-9999,-9999,-9999,-9999
-9999,-9999,-9999,-9999,-9999,-9999,-9999,-9999,-9999,-9999,-9999,-9999,33.406852722168,31.9432182312012,-9999,31.5679779052734,33.096134185791,34.5388603210449,33.9995040893555,31.3582992553711,34.0456619262695,37.0137138366699,36.0671844482422,35.242862701416,35.7377700805664,37.2831535339355,40.8400115966797,42.5351028442383,42.3018112182617,41.8227882385254,41.7206268310547,41.7090759277344,41.76123046875,41.5707740783691,41.0985450744629,41.3509864807129,41.0508232116699,40.8767852783203,40.7342262268066,40.6311340332031,40.7267951965332,41.2271575927734,41.0666656494141,40.645866394043,40.749641418457,41.0814743041992,41.3025054931641,41.5657920837402,39.7729759216309,37.1627616882324,34.8054504394531,32.3515510559082,32.0936317443848,32.4441757202148,35.8026351928711,37.5123977661133,36.4957885742188,35.8319435119629,36.1061363220215,38.7319221496582,41.4267044067383,42.6450309753418,43.270133972168,43.3818435668945,43.3513870239258,43.1765289306641,43.0183525085449,-9999,-9999,-9999,-9999,-9999,-9999,-9999,-9999,-9999,-9999,-9999,-9999,-9999,-9999,-9999,-9999,-9999,-9999,-9999,41.1748580932617,41.0195541381836,40.7718353271484,40.4120483398438,39.9738845825195,39.7291450500488,39.5569038391113,39.727367401123,39.9546546936035,39.0774154663086,37.9870948791504,35.3241539001465,32.4336357116699,30.8200664520264,27.9001159667969,22.6247634887695,21.1517505645752,23.064453125,27.2395343780518,32.2322463989258,33.6201705932617,34.5745429992676,38.1783981323242,41.3021774291992,39.6365013122559,38.3794784545898,39.4479598999023,36.8111114501953,34.9988136291504,-9999,-9999,-9999,-9999,-9999,-9999,-9999,-9999,-9999,-9999,-9999,-9999,-9999,-9999,-9999,-9999
-9999,-9999,-9999,-9999,-9999,-9999,-9999,-9999,-9999,-9999,30.9872264862061,32.5687522888184,34.3352737426758,32.027156829834,31.6461925506592,29.579870223999,31.6905841827393,36.0178565979004,35.4123001098633,33.1200790405273,35.7092132568359,38.8323249816895,38.404125213623,37.4432106018066,37.3778648376465,37.5261764526367,40.4377593994141,42.0729560852051,41.8291435241699,42.3094863891602,42.9916000366211,43.2892303466797,43.1980361938477,42.9906578063965,42.9780464172363,42.7184829711914,42.5886688232422,42.4802207946777,42.0596504211426,41.9645118713379,41.691219329834,41.3955421447754,41.3864974975586,41.3717918395996,41.7173080444336,41.7112350463867,42.1021041870117,42.3353309631348,41.3479652404785,39.5106430053711,36.9153633117676,33.7379913330078,33.5788726806641,33.9558563232422,36.3158111572266,37.9344100952148,37.5781326293945,37.8318939208984,38.2255249023438,39.863525390625,41.8276557922363,42.5964202880859,42.9160766601563,42.9601364135742,42.9407691955566,42.8520126342773,-9999,-9999,-9999,-9999,-9999,-9999,-9999,-9999,-9999,-9999,-9999,-9999,-9999,-9999,-9999,-9999,-9999,-9999,-9999,-9999,-9999,40.7151222229004,40.4652671813965,40.1264953613281,39.7258758544922,39.4795837402344,39.2882423400879,39.3564453125,39.4647064208984,39.3167724609375,38.9028015136719,36.4161071777344,33.5826034545898,31.9269218444824,29.4307479858398,25.0830078125,21.8919162750244,20.8367500305176,23.2516975402832,27.3997478485107,30.2452449798584,33.1419982910156,37.0541114807129,40.2492408752441,38.1239051818848,36.484058380127,38.1280403137207,35.3569755554199,33.3883018493652,-9999,-9999,-9999,-9999,-9999,-9999,-9999,-9999,-9999,-9999,-9999,-9999,-9999,-9999,-9999,-9999
-9999,-9999,-9999,-9999,-9999,-9999,-9999,-9999,27.8680305480957,28.9385662078857,29.1499900817871,29.0191955566406,30.1042156219482,32.187858581543,31.5004901885986,29.6991691589355,31.8432483673096,36.2466011047363,36.2914543151855,34.9836502075195,37.968578338623,40.677074432373,40.1040954589844,39.6967506408691,39.3251533508301,39.0648956298828,39.2627296447754,39.3052864074707,39.076473236084,40.3010139465332,43.1849594116211,44.2305793762207,44.190357208252,44.1591720581055,44.1011962890625,43.9833183288574,43.7032737731934,43.4454002380371,43.2560653686523,43.1237525939941,42.8385429382324,42.6555976867676,42.4970474243164,42.4699859619141,42.3556060791016,42.3760414123535,42.4180717468262,42.4376449584961,42.5048980712891,42.539134979248,40.4961204528809,38.0408821105957,37.9434280395508,38.1266822814941,38.5252113342285,38.5672607421875,38.1249465942383,38.6769332885742,40.2205543518066,41.3853607177734,41.932975769043,42.1946029663086,-9999,-9999,-9999,-9999,-9999,-9999,-9999,-9999,-9999,-9999,-9999,-9999,-9999,-9999,-9999,-9999,-9999,-9999,-9999,-9999,-9999,-9999,-9999,-9999,-9999,-9999,40.1169204711914,39.8052940368652,39.4661521911621,39.259635925293,39.1008758544922,39.0742988586426,39.0678520202637,39.2918510437012,39.3141746520996,37.8496017456055,35.830680847168,32.6124801635742,30.1487998962402,29.0418148040771,25.8071174621582,20.2487258911133,19.9536266326904,22.3714714050293,28.1540622711182,33.7705116271973,35.3127670288086,36.6732978820801,35.097972869873,34.2270698547363,36.7570915222168,34.465950012207,33.2771263122559,-9999,-9999,-9999,-9999,-9999,-9999,-9999,-9999,-9999,-9999,-9999,-9999,-9999,-9999,-9999,-9999
-9999,-9999,-9999,-9999,-9999,-9999,-9999,-9999,26.4032421112061,27.7171039581299,28.649377822876,28.3996429443359,28.5759811401367,29.0053100585938,29.5885238647461,30.4463310241699,33.3739356994629,37.8746795654297,37.7099075317383,37.0011558532715,37.9440765380859,39.3615455627441,40.2841796875,41.0251693725586,41.0354804992676,40.5917510986328,40.2393569946289,39.8366394042969,39.5118064880371,40.3411178588867,42.1165084838867,42.6632537841797,42.5188140869141,42.3881492614746,42.1985244750977,41.9948425292969,41.9218826293945,41.714958190918,41.5062294006348,41.3054389953613,41.1968040466309,41.0170745849609,41.2381706237793,41.9687423706055,42.2642288208008,42.2158966064453,42.1174736022949,41.9824867248535,42.1158027648926,42.2483520507813,41.1875953674316,40.0089797973633,40.2633895874023,40.3899116516113,40.2526550292969,40.0617370605469,39.7717323303223,40.1063232421875,40.9862327575684,41.5392951965332,41.8440132141113,41.9640998840332,-9999,-9999,-9999,-9999,-9999,-9999,-9999,-9999,-9999,-9999,-9999,-9999,-9999,-9999,-9999,-9999,-9999,-9999,-9999,-9999,-9999,-9999,-9999,-9999,-9999,-9999,-9999,-9999,39.0725936889648,38.9070434570313,38.7844581604004,38.7322387695313,38.6882858276367,38.9033851623535,38.9804267883301,38.0398368835449,36.7986755371094,34.4656372070313,32.3921432495117,30.5106906890869,27.8000411987305,23.8063735961914,21.5276374816895,20.4211177825928,24.8024024963379,30.039234161377,31.1826496124268,32.2309913635254,31.6645488739014,31.4841156005859,34.487434387207,31.2429847717285,30.1749839782715,-9999,-9999,-9999,-9999,-9999,-9999,-9999,-9999,-9999,-9999,-9999,-9999,-9999,-9999,-9999,-9999
-9999,-9999,-9999,-9999,-9999,-9999,20.7236957550049,26.0803108215332,26.1419887542725,26.0882053375244,27.6488037109375,28.3575172424316,28.0084953308105,26.0961456298828,27.7607479095459,32.1097564697266,35.9224739074707,39.4484939575195,39.5232810974121,38.4439125061035,37.8789672851563,37.2551460266113,39.9208984375,42.0590782165527,42.0542678833008,41.9758262634277,41.6438598632813,41.2827644348145,40.9009132385254,40.6611595153809,40.3878746032715,40.0929489135742,39.7654037475586,39.5117530822754,39.323413848877,39.1363868713379,38.9562911987305,38.9143562316895,38.866081237793,38.7492370605469,38.6481132507324,38.5154075622559,39.2353744506836,41.1609344482422,41.9626235961914,41.8637161254883,41.6003456115723,41.2435264587402,41.0265579223633,40.816520690918,40.9326171875,41.0718002319336,41.2735176086426,41.4769439697266,41.4772872924805,41.394474029541,41.1306838989258,40.9780578613281,40.999153137207,41.2588729858398,41.7062835693359,-9999,-9999,-9999,-9999,-9999,-9999,-9999,-9999,-9999,-9999,-9999,-9999,-9999,-9999,-9999,-9999,-9999,-9999,-9999,-9999,-9999,-9999,-9999,-9999,-9999,-9999,-9999,-9999,-9999,-9999,-9999,-9999,38.3688125610352,38.3081436157227,38.4180145263672,38.4522132873535,37.9395179748535,37.3812713623047,36.5711250305176,34.826114654541,31.2705860137939,28.977481842041,28.1742286682129,24.608715057373,18.7282257080078,20.495641708374,24.5108699798584,25.8155040740967,27.008903503418,27.3291778564453,28.3168621063232,32.2533721923828,29.927209854126,-9999,-9999,-9999,-9999,-9999,-9999,-9999,-9999,-9999,-9999,-9999,-9999,-9999,-9999,-9999,-9999,-9999
-9999,-9999,-9999,-9999,-9999,-9999,26.1973667144775,26.2175235748291,25.8827438354492,25.8898067474365,26.1209716796875,29.0138969421387,31.1904144287109,31.9914932250977,33.2484436035156,34.8603096008301,37.2771606445313,40.0558776855469,40.1603736877441,39.3441123962402,38.870361328125,38.328742980957,40.414421081543,42.0949249267578,42.0782928466797,41.9300079345703,41.71484375,41.5177040100098,41.1797485351563,40.8068923950195,40.3722839355469,40.110279083252,39.8492279052734,39.5523948669434,39.2757568359375,39.4631614685059,39.7051658630371,39.661922454834,39.5930328369141,39.4285697937012,39.2954368591309,39.2242584228516,39.6128234863281,40.6663055419922,41.1280975341797,41.0764083862305,40.864875793457,40.5551605224609,40.4336433410645,40.3811721801758,40.503345489502,40.6483383178711,40.7435493469238,40.8303413391113,40.8759956359863,40.8615341186523,40.6789360046387,40.556812286377,40.5167541503906,-9999,-9999,-9999,-9999,-9999,-9999,-9999,-9999,-9999,-9999,-9999,-9999,-9999,-9999,-9999,-9999,-9999,-9999,-9999,-9999,-9999,-9999,-9999,-9999,-9999,-9999,-9999,-9999,-9999,-9999,-9999,-9999,-9999,-9999,-9999,37.9032554626465,37.9635734558105,37.9937019348145,37.8158302307129,37.5413360595703,36.9859390258789,35.9505386352539,34.1110458374023,31.8263568878174,29.1789073944092,26.2701263427734,22.8184432983398,21.4911861419678,21.0566139221191,24.1666069030762,27.3430843353271,28.636360168457,29.8286190032959,31.6269378662109,29.4296627044678,30.0352840423584,27.8435153961182,-9999,-9999,-9999,-9999,-9999,-9999,-9999,-9999,-9999,-9999,-9999,-9999,-9999,-9999,-9999
-9999,-9999,-9999,-9999,25.1025238037109,26.8466129302979,26.1443691253662,25.9980430603027,25.8225860595703,25.9680213928223,26.9213237762451,31.075777053833,34.6287727355957,37.4618186950684,38.3463172912598,37.3426055908203,38.3207664489746,40.5081596374512,40.722282409668,40.1609535217285,39.7200584411621,39.2246131896973,40.3465270996094,41.3461380004883,41.4274787902832,41.4809494018555,41.3603286743164,41.2167053222656,41.0360298156738,40.7867698669434,40.5076026916504,40.2180023193359,39.9306030273438,39.615550994873,39.3127136230469,39.9024543762207,40.5869750976563,40.5016136169434,40.4024963378906,40.1968841552734,40.030330657959,39.9991836547852,40.011604309082,40.0969772338867,40.1368980407715,40.139331817627,40.010498046875,39.8100929260254,39.8735122680664,40.0084381103516,40.0519142150879,40.0817489624023,40.0629653930664,40.06103515625,-9999,-9999,-9999,-9999,-9999,-9999,-9999,-9999,-9999,-9999,-9999,-9999,-9999,-9999,-9999,-9999,-9999,-9999,-9999,-9999,-9999,-9999,-9999,-9999,-9999,-9999,-9999,-9999,-9999,-9999,-9999,-9999,-9999,-9999,-9999,-9999,-9999,-9999,-9999,-9999,-9999,37.5044212341309,37.5354385375977,37.674991607666,37.6577529907227,37.170539855957,36.8229598999023,36.6209487915039,34.4000091552734,30.0466079711914,27.8399219512939,26.8123111724854,22.8172206878662,17.7910251617432,23.0686836242676,28.3310356140137,29.91650390625,31.2118816375732,30.9427108764648,22.404899597168,22.7199115753174,27.9551525115967,29.0586566925049,-9999,-9999,-9999,-9999,-9999,-9999,-9999,-9999,-9999,-9999,-9999,-9999,-9999,-9999
-9999,-9999,-9999,-9999,30.5419616699219,28.2336311340332,27.4329109191895,25.7772998809814,26.3672657012939,28.2220611572266,30.3221302032471,33.5715751647949,36.1504211425781,38.1419982910156,39.1509475708008,39.2315406799316,39.6810836791992,40.3711853027344,40.1970443725586,39.7012062072754,39.9673271179199,40.3577461242676,40.753231048584,41.10302734375,41.1159591674805,41.116153717041,41.0730056762695,40.9942893981934,40.852424621582,40.6769943237305,40.4652786254883,40.2710113525391,40.091178894043,39.936393737793,39.7844848632813,39.9908142089844,40.2356109619141,40.0330696105957,39.8243560791016,39.5358810424805,39.2912406921387,39.1788597106934,39.114818572998,39.1215782165527,39.1214218139648,39.1154861450195,39.036075592041,-9999,-9999,-9999,-9999,-9999,-9999,-9999,-9999,-9999,-9999,-9999,-9999,-9999,-9999,-9999,-9999,-9999,-9999,-9999,-9999,-9999,-9999,-9999,-9999,-9999,-9999,-9999,-9999,-9999,-9999,-9999,-9999,-9999,-9999,-9999,-9999,-9999,-9999,-9999,-9999,-9999,-9999,-9999,-9999,-9999,-9999,-9999,-9999,-9999,37.140380859375,37.2554550170898,37.2973365783691,37.1288185119629,36.6716079711914,35.6773300170898,33.4179039001465,29.8011569976807,27.8504123687744,26.6914920806885,22.3828010559082,16.193733215332,19.5825996398926,23.6132278442383,25.1623649597168,26.6045093536377,27.2008838653564,28.001859664917,21.790771484375,26.5728359222412,24.8445453643799,-9999,-9999,-9999,-9999,-9999,-9999,-9999,-9999,-9999,-9999,-9999,-9999,-9999,-9999
-9999,-9999,-9999,-9999,-9999,30.6747455596924,28.6812400817871,28.6865863800049,27.4995536804199,31.2067718505859,34.1210250854492,35.9674072265625,37.5429573059082,38.7661895751953,39.6992988586426,40.4028587341309,40.3770904541016,39.8454704284668,39.5143127441406,39.2597579956055,-9999,-9999,-9999,-9999,-9999,-9999,-9999,-9999,-9999,-9999,-9999,-9999,-9999,40.0145797729492,39.9697303771973,39.8585166931152,39.7386283874512,39.4438209533691,-9999,-9999,-9999,-9999,-9999,-9999,-9999,-9999,-9999,-9999,-9999,-9999,-9999,-9999,-9999,-9999,-9999,-9999,-9999,-9999,-9999,-9999,-9999,-9999,-9999,-9999,-9999,-9999,-9999,-9999,-9999,-9999,-9999,-9999,-9999,-9999,-9999,-9999,-9999,-9999,-9999,-9999,-9999,-9999,-9999,-9999,-9999,-9999,-9999,-9999,-9999,-9999,-9999,-9999,-9999,-9999,-9999,-9999,36.7524108886719,36.8638076782227,36.968620300293,37.0661544799805,36.5885925292969,35.101634979248,33.0443649291992,30.3155479431152,28.3974361419678,26.8722610473633,22.158727645874,15.9370203018188,16.9306335449219,18.7161693572998,20.6348724365234,21.9933776855469,23.4851322174072,24.7673110961914,24.8366279602051,22.2143936157227,-9999,-9999,-9999,-9999,-9999,-9999,-9999,-9999,-9999,-9999,-9999,-9999,-9999,-9999,-9999
-9999,-9999,-9999,-9999,-9999,30.3164043426514,30.4199771881104,30.9679088592529,32.4828643798828,36.2529830932617,38.9944000244141,39.4300842285156,39.8232116699219,40.4268493652344,40.6844024658203,40.5745658874512,40.1935653686523,39.6153869628906,-9999,-9999,-9999,-9999,-9999,-9999,-9999,-9999,-9999,-9999,-9999,-9999,-9999,-9999,-9999,-9999,-9999,-9999,-9999,-9999,-9999,-9999,-9999,-9999,-9999,-9999,-9999,-9999,-9999,-9999,-9999,-9999,-9999,-9999,-9999,-9999,-9999,-9999,-9999,-9999,-9999,-9999,-9999,-9999,-9999,-9999,-9999,-9999,-9999,-9999,-9999,-9999,-9999,-9999,-9999,-9999,-9999,-9999,-9999,-9999,-9999,-9999,-9999,-9999,-9999,-9999,-9999,-9999,-9999,-9999,-9999,-9999,-9999,-9999,-9999,-9999,-9999,-9999,-9999,36.6232566833496,36.7958183288574,36.9009552001953,36.8064842224121,36.3730621337891,35.4475364685059,33.9547653198242,31.2592391967773,27.6530170440674,24.4947299957275,21.3461399078369,18.7030868530273,16.1473064422607,19.577127456665,22.0399513244629,20.5572261810303,20.4962463378906,21.5390949249268,18.9457149505615,-9999,-9999,-9999,-9999,-9999,-9999,-9999,-9999,-9999,-9999,-9999,-9999,-9999,-9999,-9999
-9999,-9999,30.5671329498291,30.47776222229,30.606653213501,30.0855045318604,30.7138118743896,33.3903579711914,36.3694763183594,39.4543380737305,41.6348152160645,41.2843589782715,41.0649871826172,41.2959747314453,41.1081085205078,40.4109878540039,39.7696342468262,-9999,-9999,-9999,-9999,-9999,-9999,-9999,-9999,-9999,-9999,-9999,-9999,-9999,-9999,-9999,-9999,-9999,-9999,-9999,-9999,-9999,-9999,-9999,-9999,-9999,-9999,-9999,-9999,-9999,-9999,-9999,-9999,-9999,-9999,-9999,-9999,-9999,-9999,-9999,-9999,-9999,-9999,-9999,-9999,-9999,-9999,-9999,-9999,-9999,-9999,-9999,-9999,-9999,-9999,-9999,-9999,-9999,-9999,-9999,-9999,-9999,-9999,-9999,-9999,-9999,-9999,-9999,-9999,-9999,-9999,-9999,-9999,-9999,-9999,-9999,-9999,-9999,-9999,-9999,-9999,36.3619918823242,36.5817070007324,36.6829528808594,36.8467025756836,37.1058197021484,36.9800262451172,36.4027214050293,33.8514747619629,29.7738513946533,27.1184482574463,25.019401550293,20.5537700653076,15.664496421814,19.1195602416992,20.9780349731445,17.8435096740723,16.9668045043945,21.1546573638916,17.6022663116455,-9999,-9999,-9999,-9999,-9999,-9999,-9999,-9999,-9999,-9999,-9999,-9999,-9999,-9999,-9999
-9999,-9999,-9999,-9999,30.644437789917,30.2154750823975,31.0482501983643,35.1477546691895,39.0024299621582,40.1589050292969,40.8080177307129,40.6588363647461,40.5463104248047,40.6499176025391,40.3270874023438,39.492301940918,-9999,-9999,-9999,-9999,-9999,-9999,-9999,-9999,-9999,-9999,-9999,-9999,-9999,-9999,-9999,-9999,-9999,-9999,-9999,-9999,-9999,-9999,-9999,-9999,-9999,-9999,-9999,-9999,-9999,-9999,-9999,-9999,-9999,-9999,-9999,-9999,-9999,-9999,-9999,-9999,-9999,-9999,-9999,-9999,-9999,-9999,-9999,-9999,-9999,-9999,-9999,-9999,-9999,-9999,-9999,-9999,-9999,-9999,-9999,-9999,-9999,-9999,-9999,-9999,-9999,-9999,-9999,-9999,-9999,-9999,-9999,-9999,-9999,-9999,-9999,-9999,-9999,-9999,-9999,-9999,-9999,36.0587005615234,36.278377532959,36.3471450805664,36.4991798400879,36.7800102233887,36.9561004638672,36.9839401245117,36.0348510742188,34.3723297119141,30.4713001251221,25.591869354248,23.0130062103271,20.7232151031494,19.0506992340088,17.4220199584961,16.3228912353516,16.008056640625,17.5408535003662,19.0442066192627,-9999,-9999,-9999,-9999,-9999,-9999,-9999,-9999,-9999,-9999,-9999,-9999,-9999,-9999,-9999
-9999,-9999,-9999,-9999,30.8167819976807,30.7646961212158,31.5134429931641,36.1896362304688,40.4540176391602,40.4918365478516,40.2857551574707,40.3740005493164,40.357177734375,40.1565589904785,39.6209754943848,-9999,-9999,-9999,-9999,-9999,-9999,-9999,-9999,-9999,-9999,-9999,-9999,-9999,-9999,-9999,-9999,-9999,-9999,-9999,-9999,-9999,-9999,-9999,-9999,-9999,-9999,-9999,-9999,-9999,-9999,-9999,-9999,-9999,-9999,-9999,-9999,-9999,-9999,-9999,-9999,-9999,-9999,-9999,-9999,-9999,-9999,-9999,-9999,-9999,-9999,-9999,-9999,-9999,-9999,-9999,-9999,-9999,-9999,-9999,-9999,-9999,-9999,-9999,-9999,-9999,-9999,-9999,-9999,-9999,-9999,-9999,-9999,-9999,-9999,-9999,-9999,-9999,-9999,-9999,-9999,-9999,-9999,35.713809967041,35.9420700073242,35.9848556518555,36.0960426330566,36.3079872131348,36.5627593994141,36.8513298034668,36.7634086608887,36.3781318664551,32.1278610229492,25.9746322631836,24.2335548400879,23.1949672698975,18.3658237457275,14.3252058029175,15.2559747695923,15.8703451156616,15.9001989364624,16.7034187316895,13.5716218948364,-9999,-9999,-9999,-9999,-9999,-9999,-9999,-9999,-9999,-9999,-9999,-9999,-9999,-9999
-9999,-9999,-9999,-9999,31.1534557342529,31.1528930664063,32.1833229064941,36.7412033081055,40.3926124572754,40.4308929443359,40.2389526367188,40.576244354248,40.5775146484375,39.8722763061523,39.0279731750488,-9999,-9999,-9999,-9999,-9999,-9999,-9999,-9999,-9999,-9999,-9999,-9999,-9999,-9999,-9999,-9999,-9999,-9999,-9999,-9999,-9999,-9999,-9999,-9999,-9999,-9999,-9999,-9999,-9999,-9999,-9999,-9999,-9999,-9999,-9999,-9999,-9999,-9999,-9999,-9999,-9999,-9999,-9999,-9999,-9999,-9999,-9999,-9999,-9999,-9999,-9999,-9999,-9999,-9999,-9999,-9999,-9999,-9999,-9999,-9999,-9999,-9999,-9999,-9999,-9999,-9999,-9999,-9999,-9999,-9999,-9999,-9999,-9999,-9999,-9999,-9999,-9999,-9999,-9999,-9999,-9999,-9999,35.3158340454102,35.5640563964844,35.5902099609375,35.6177062988281,35.637565612793,35.6827735900879,35.7485961914063,35.7144317626953,35.5884323120117,31.7332649230957,26.173168182373,24.3387222290039,22.8943176269531,17.5440578460693,12.7888460159302,14.8731441497803,16.8482799530029,17.2177314758301,17.7923736572266,18.7136192321777,14.0558252334595,-9999,-9999,-9999,-9999,-9999,-9999,-9999,-9999,-9999,-9999,-9999,-9999,-9999
-9999,-9999,-9999,-9999,26.6937866210938,31.2949085235596,32.1360168457031,35.8643684387207,38.9397010803223,39.1387100219727,39.2054634094238,40.0855865478516,40.383373260498,39.5485916137695,-9999,-9999,-9999,-9999,-9999,-9999,-9999,-9999,-9999,-9999,-9999,-9999,-9999,-9999,-9999,-9999,-9999,-9999,-9999,-9999,-9999,-9999,-9999,-9999,-9999,-9999,-9999,-9999,-9999,-9999,-9999,-9999,-9999,-9999,-9999,-9999,-9999,-9999,-9999,-9999,-9999,-9999,-9999,-9999,-9999,-9999,-9999,-9999,-9999,-9999,-9999,-9999,-9999,-9999,-9999,-9999,-9999,-9999,-9999,-9999,-9999,-9999,-9999,-9999,-9999,-9999,-9999,-9999,-9999,-9999,-9999,-9999,-9999,-9999,-9999,-9999,-9999,-9999,-9999,-9999,-9999,-9999,-9999,34.8813552856445,35.1477394104004,35.1886749267578,35.1859245300293,35.1016082763672,35.098258972168,35.1735916137695,35.0024337768555,34.6772727966309,32.4763526916504,29.5190925598145,26.3776874542236,22.9510269165039,18.5478324890137,14.6324167251587,15.4181814193726,15.976526260376,16.5911865234375,17.3518352508545,18.2476444244385,18.9145889282227,17.0641822814941,16.6110343933105,-9999,-9999,-9999,-9999,-9999,-9999,-9999,-9999,-9999,-9999,-9999
-9999,-9999,-9999,-9999,29.2628154754639,31.3943672180176,32.7026100158691,34.1779441833496,36.1533622741699,36.6624069213867,37.3227844238281,39.0423278808594,39.8724899291992,39.1918106079102,-9999,-9999,-9999,-9999,-9999,-9999,-9999,-9999,-9999,-9999,-9999,-9999,-9999,-9999,-9999,-9999,-9999,-9999,-9999,-9999,-9999,-9999,-9999,-9999,-9999,-9999,-9999,-9999,-9999,-9999,-9999,-9999,-9999,-9999,-9999,-9999,-9999,-9999,-9999,-9999,-9999,-9999,-9999,-9999,-9999,-9999,-9999,-9999,-9999,-9999,-9999,-9999,-9999,-9999,-9999,-9999,-9999,-9999,-9999,-9999,-9999,-9999,-9999,-9999,-9999,-9999,-9999,-9999,-9999,-9999,-9999,-9999,-9999,-9999,-9999,-9999,-9999,-9999,-9999,-9999,-9999,-9999,-9999,-9999,34.6996459960938,34.7800827026367,34.7885437011719,34.6721305847168,34.7502326965332,35.0179710388184,34.5653266906738,33.6469078063965,33.9546737670898,34.5407791137695,29.6244449615479,23.1221771240234,21.2870330810547,19.0488739013672,15.7617053985596,13.5105581283569,14.1573543548584,15.5690813064575,17.7805500030518,18.6932106018066,18.8036251068115,-9999,-9999,-9999,-9999,-9999,-9999,-9999,-9999,-9999,-9999,-9999,-9999
-9999,-9999,-9999,-9999,28.6657752990723,30.6657810211182,30.652795791626,31.2990303039551,32.3965148925781,34.7700996398926,36.9066429138184,38.2846298217773,38.9715919494629,38.7430458068848,-9999,-9999,-9999,-9999,-9999,-9999,-9999,-9999,-9999,-9999,-9999,-9999,-9999,-9999,-9999,-9999,-9999,-9999,-9999,-9999,-9999,-9999,-9999,-9999,-9999,-9999,-9999,-9999,-9999,-9999,-9999,-9999,-9999,-9999,-9999,-9999,-9999,-9999,-9999,-9999,-9999,-9999,-9999,-9999,-9999,-9999,-9999,-9999,-9999,-9999,-9999,-9999,-9999,-9999,-9999,-9999,-9999,-9999,-9999,-9999,-9999,-9999,-9999,-9999,-9999,-9999,-9999,-9999,-9999,-9999,-9999,-9999,-9999,-9999,-9999,-9999,-9999,-9999,-9999,-9999,-9999,-9999,-9999,-9999,34.2913856506348,34.3874778747559,34.409008026123,34.303165435791,34.4312171936035,34.7807312011719,34.5409126281738,33.9316444396973,34.7974166870117,35.9735488891602,30.6374454498291,23.4063053131104,21.9112873077393,20.1170749664307,15.4532527923584,12.0991086959839,12.5265808105469,13.8891344070435,16.9010066986084,23.49489402771,31.8914699554443,29.7521896362305,34.5445747375488,-9999,-9999,-9999,-9999,-9999,-9999,-9999,-9999,-9999,-9999
-9999,-9999,-9999,-9999,-9999,22.0687484741211,27.9919929504395,29.0160789489746,28.7440967559814,33.3533096313477,36.8307571411133,37.4966278076172,37.8608818054199,38.2458114624023,-9999,-9999,-9999,-9999,-9999,-9999,-9999,-9999,-9999,-9999,-9999,-9999,-9999,-9999,-9999,-9999,-9999,-9999,-9999,-9999,-9999,-9999,-9999,-9999,-9999,-9999,-9999,-9999,-9999,-9999,-9999,-9999,-9999,-9999,-9999,-9999,-9999,-9999,-9999,-9999,-9999,-9999,-9999,-9999,-9999,-9999,-9999,-9999,-9999,-9999,-9999,-9999,-9999,-9999,-9999,-9999,-9999,-9999,-9999,-9999,-9999,-9999,-9999,-9999,-9999,-9999,-9999,-9999,-9999,-9999,-9999,-9999,-9999,-9999,-9999,-9999,-9999,-9999,-9999,-9999,-9999,-9999,-9999,-9999,33.8971061706543,33.9984397888184,34.0346298217773,33.9622344970703,34.1245574951172,34.5055198669434,34.6998252868652,34.7725372314453,35.4399261474609,36.1230545043945,30.7966175079346,23.7793922424316,22.0906562805176,19.807222366333,14.9150829315186,11.1577548980713,10.7502117156982,12.2449893951416,16.0923480987549,23.0006580352783,31.6964454650879,34.3982734680176,35.0472373962402,32.2483711242676,-9999,-9999,-9999,-9999,-9999,-9999,-9999,-9999,-9999
-9999,-9999,-9999,-9999,-9999,25.1814670562744,26.46213722229,26.3362560272217,27.6730365753174,33.0151290893555,36.8243217468262,37.180534362793,37.5610313415527,38.048095703125,-9999,-9999,-9999,-9999,-9999,-9999,-9999,-9999,-9999,-9999,-9999,-9999,-9999,-9999,-9999,-9999,-9999,-9999,-9999,-9999,-9999,-9999,-9999,-9999,-9999,-9999,-9999,-9999,-9999,-9999,-9999,-9999,-9999,-9999,-9999,-9999,-9999,-9999,-9999,-9999,-9999,-9999,-9999,-9999,-9999,-9999,-9999,-9999,-9999,-9999,-9999,-9999,-9999,-9999,-9999,-9999,-9999,-9999,-9999,-9999,-9999,-9999,-9999,-9999,-9999,-9999,-9999,-9999,-9999,-9999,-9999,-9999,-9999,-9999,-9999,-9999,-9999,-9999,-9999,-9999,-9999,-9999,-9999,-9999,33.509635925293,33.6188125610352,33.6735763549805,33.645378112793,33.7879905700684,34.0846214294434,34.2897567749023,34.4234085083008,35.128475189209,35.8451538085938,30.7966365814209,24.0523509979248,22.3558521270752,20.1274261474609,14.6959447860718,10.9436044692993,11.551962852478,13.5650405883789,17.0851821899414,22.4611511230469,28.9617309570313,33.324592590332,37.6866493225098,37.8550453186035,-9999,-9999,-9999,-9999,-9999,-9999,-9999,-9999,-9999
-9999,-9999,-9999,-9999,-9999,25.1208820343018,25.1948394775391,26.1440505981445,27.2958965301514,32.9072341918945,36.8796043395996,37.1278076171875,37.4267311096191,37.9138031005859,-9999,-9999,-9999,-9999,-9999,-9999,-9999,-9999,-9999,-9999,-9999,-9999,-9999,-9999,-9999,-9999,-9999,-9999,-9999,-9999,-9999,-9999,-9999,-9999,-9999,-9999,-9999,-9999,-9999,-9999,-9999,-9999,-9999,-9999,-9999,-9999,-9999,-9999,-9999,-9999,-9999,-9999,-9999,-9999,-9999,-9999,-9999,-9999,-9999,-9999,-9999,-9999,-9999,-9999,-9999,-9999,-9999,-9999,-9999,-9999,-9999,-9999,-9999,-9999,-9999,-9999,-9999,-9999,-9999,-9999,-9999,-9999,-9999,-9999,-9999,-9999,-9999,-9999,-9999,-9999,-9999,-9999,-9999,-9999,-9999,33.2366371154785,33.3118057250977,33.3318328857422,33.4431495666504,33.631893157959,33.754695892334,33.8145942687988,34.6510124206543,35.5300712585449,30.7316780090332,24.3150672912598,22.650318145752,20.3508415222168,14.6799259185791,11.0201015472412,13.0866641998291,15.3396558761597,18.3429107666016,21.8720016479492,25.9162654876709,31.2085094451904,37.0978927612305,37.9645805358887,-9999,-9999,-9999,-9999,-9999,-9999,-9999,-9999,-9999
-9999,-9999,-9999,-9999,-9999,-9999,24.2430725097656,24.6989078521729,25.7705154418945,32.2135429382324,36.4071922302246,36.8522186279297,37.1821136474609,-9999,-9999,-9999,-9999,-9999,-9999,-9999,-9999,-9999,-9999,-9999,-9999,-9999,-9999,-9999,-9999,-9999,-9999,-9999,-9999,-9999,-9999,-9999,-9999,-9999,-9999,-9999,-9999,-9999,-9999,-9999,-9999,-9999,-9999,-9999,-9999,-9999,-9999,-9999,-9999,-9999,-9999,-9999,-9999,-9999,-9999,-9999,-9999,-9999,-9999,-9999,-9999,-9999,-9999,-9999,-9999,-9999,-9999,-9999,-9999,-9999,-9999,-9999,-9999,-9999,-9999,-9999,-9999,-9999,-9999,-9999,-9999,-9999,-9999,-9999,-9999,-9999,-9999,-9999,-9999,-9999,-9999,-9999,-9999,-9999,-9999,32.9668807983398,33.0673294067383,33.1277465820313,33.2272834777832,33.3551979064941,33.6772270202637,34.0918769836426,34.6133079528809,35.0140533447266,30.4825038909912,24.5955009460449,22.9878463745117,21.0880966186523,17.7760467529297,15.0102796554565,13.4729156494141,13.4506721496582,15.0612554550171,19.374454498291,25.5369110107422,29.7244300842285,33.0577201843262,33.8829040527344,-9999,-9999,-9999,-9999,-9999,-9999,-9999,-9999,-9999
-9999,-9999,-9999,-9999,-9999,-9999,22.8749847412109,22.5747318267822,24.6899318695068,31.3682708740234,36.0565414428711,36.566780090332,36.9158782958984,-9999,-9999,-9999,-9999,-9999,-9999,-9999,-9999,-9999,-9999,-9999,-9999,-9999,-9999,-9999,-9999,-9999,-9999,-9999,-9999,-9999,-9999,-9999,-9999,-9999,-9999,-9999,-9999,-9999,-9999,-9999,-9999,-9999,-9999,-9999,-9999,-9999,-9999,-9999,-9999,-9999,-9999,-9999,-9999,-9999,-9999,-9999,-9999,-9999,-9999,-9999,-9999,-9999,-9999,-9999,-9999,-9999,-9999,-9999,-9999,-9999,-9999,-9999,-9999,-9999,-9999,-9999,-9999,-9999,-9999,-9999,-9999,-9999,-9999,-9999,-9999,-9999,-9999,-9999,-9999,-9999,-9999,-9999,-9999,-9999,-9999,32.7107124328613,32.8335304260254,32.9250869750977,33.0128479003906,33.0902099609375,33.5993003845215,34.3421211242676,34.562385559082,34.5179977416992,30.2632617950439,24.8524780273438,23.3710460662842,21.8619747161865,20.7009372711182,18.7770481109619,14.2311487197876,11.2912464141846,11.353985786438,16.5675964355469,25.0645198822021,27.6514511108398,28.0491981506348,24.32177734375,17.3518257141113,15.9907636642456,-9999,-9999,-9999,-9999,-9999,-9999,-9999
-9999,-9999,-9999,-9999,-9999,-9999,21.5200347900391,21.8948268890381,23.0882987976074,30.2510223388672,35.3000450134277,36.0229644775391,36.6364097595215,-9999,-9999,-9999,-9999,-9999,-9999,-9999,-9999,-9999,-9999,-9999,-9999,-9999,-9999,-9999,-9999,-9999,-9999,-9999,-9999,-9999,-9999,-9999,-9999,-9999,-9999,-9999,-9999,-9999,-9999,-9999,-9999,-9999,-9999,-9999,-9999,-9999,-9999,-9999,-9999,-9999,-9999,-9999,-9999,-9999,-9999,-9999,-9999,-9999,-9999,-9999,-9999,-9999,-9999,-9999,-9999,-9999,-9999,-9999,-9999,-9999,-9999,-9999,-9999,-9999,-9999,-9999,-9999,-9999,-9999,-9999,-9999,-9999,-9999,-9999,-9999,-9999,-9999,-9999,-9999,-9999,-9999,-9999,-9999,-9999,-9999,32.5769195556641,32.670524597168,32.6953926086426,32.7559242248535,32.8398933410645,33.3295974731445,34.0406684875488,34.2678184509277,34.2789726257324,30.1742115020752,24.9872951507568,23.6127109527588,22.2404670715332,20.9801750183105,18.731388092041,13.9989452362061,11.5760173797607,12.7713747024536,16.0187454223633,20.7300338745117,21.8261756896973,21.397346496582,19.7257671356201,17.5034275054932,13.5457715988159,8.07605743408203,-9999,-9999,-9999,-9999,-9999,-9999
-9999,-9999,-9999,-9999,-9999,-9999,-9999,-9999,-9999,-9999,-9999,-9999,-9999,-9999,-9999,-9999,-9999,-9999,-9999,-9999,-9999,-9999,-9999,-9999,-9999,-9999,-9999,-9999,-9999,-9999,-9999,-9999,-9999,-9999,-9999,-9999,-9999,-9999,-9999,-9999,-9999,-9999,-9999,-9999,-9999,-9999,-9999,-9999,-9999,-9999,-9999,-9999,-9999,-9999,-9999,-9999,-9999,-9999,-9999,-9999,-9999,-9999,-9999,-9999,-9999,-9999,-9999,-9999,-9999,-9999,-9999,-9999,-9999,-9999,-9999,-9999,-9999,-9999,-9999,-9999,-9999,-9999,-9999,-9999,-9999,-9999,-9999,-9999,-9999,-9999,-9999,-9999,-9999,-9999,-9999,-9999,-9999,-9999,-9999,-9999,32.4956474304199,32.4659614562988,32.5093536376953,32.612003326416,33.0954551696777,33.7872047424316,34.0030555725098,33.9931144714355,30.6056003570557,26.4097862243652,24.4951572418213,22.5822315216064,21.2753524780273,18.999979019165,13.7353239059448,11.6734952926636,13.7617063522339,15.2791223526001,16.2958984375,15.8991937637329,14.6270656585693,15.2715845108032,15.7457599639893,9.86862182617188,7.61563158035278,3.06030035018921,-9999,-9999,-9999,-9999,-9999
-9999,-9999,-9999,-9999,-9999,-9999,-9999,-9999,-9999,-9999,-9999,-9999,-9999,-9999,-9999,-9999,-9999,-9999,-9999,-9999,-9999,-9999,-9999,-9999,-9999,-9999,-9999,-9999,-9999,-9999,-9999,-9999,-9999,-9999,-9999,-9999,-9999,-9999,-9999,-9999,-9999,-9999,-9999,-9999,-9999,-9999,-9999,-9999,-9999,-9999,-9999,-9999,-9999,-9999,-9999,-9999,-9999,-9999,-9999,-9999,-9999,-9999,-9999,-9999,-9999,-9999,-9999,-9999,-9999,-9999,-9999,-9999,-9999,-9999,-9999,-9999,-9999,-9999,-9999,-9999,-9999,-9999,-9999,-9999,-9999,-9999,-9999,-9999,-9999,-9999,-9999,-9999,-9999,-9999,-9999,-9999,-9999,-9999,-9999,-9999,32.2845306396484,32.2431640625,32.3117980957031,32.4780235290527,33.0012512207031,33.7166709899902,33.8877220153809,33.8224182128906,33.0418968200684,32.051643371582,27.4440422058105,22.8440818786621,21.5601348876953,19.3117923736572,13.8594160079956,11.4388084411621,13.2526473999023,13.7833061218262,13.4472684860229,12.0528564453125,10.1830501556396,9.94834613800049,9.81392860412598,6.88661193847656,3.35678839683533,3.24979305267334,2.77054500579834,-9999,-9999,-9999,-9999
-9999,-9999,-9999,-9999,-9999,-9999,-9999,-9999,-9999,-9999,-9999,-9999,-9999,-9999,-9999,-9999,-9999,-9999,-9999,-9999,-9999,-9999,-9999,-9999,-9999,-9999,-9999,-9999,-9999,-9999,-9999,-9999,-9999,-9999,-9999,-9999,-9999,-9999,-9999,-9999,-9999,-9999,-9999,-9999,-9999,-9999,-9999,-9999,-9999,-9999,-9999,-9999,-9999,-9999,-9999,-9999,-9999,-9999,-9999,-9999,-9999,-9999,-9999,-9999,-9999,-9999,-9999,-9999,-9999,-9999,-9999,-9999,-9999,-9999,-9999,-9999,-9999,-9999,-9999,-9999,-9999,-9999,-9999,-9999,-9999,-9999,-9999,-9999,-9999,-9999,-9999,-9999,-9999,-9999,-9999,-9999,-9999,-9999,-9999,-9999,32.0915946960449,32.0628318786621,32.1535186767578,32.3664588928223,32.807559967041,33.370662689209,33.625129699707,33.7117500305176,34.5449180603027,35.2607269287109,29.2925834655762,23.0776844024658,21.8677558898926,19.5358276367188,14.1419734954834,11.3663120269775,12.4895553588867,12.260835647583,10.9657011032104,9.26171398162842,7.33311986923218,6.22697401046753,5.17200136184692,4.2142333984375,3.4196457862854,2.75723314285278,2.54750418663025,-9999,-9999,-9999,-9999
-9999,-9999,-9999,-9999,-9999,-9999,-9999,-9999,-9999,-9999,-9999,-9999,-9999,-9999,-9999,-9999,-9999,-9999,-9999,-9999,-9999,-9999,-9999,-9999,-9999,-9999,-9999,-9999,-9999,-9999,-9999,-9999,-9999,-9999,-9999,-9999,-9999,-9999,-9999,-9999,-9999,-9999,-9999,-9999,-9999,-9999,-9999,-9999,-9999,-9999,-9999,-9999,-9999,-9999,-9999,-9999,-9999,-9999,-9999,-9999,-9999,-9999,-9999,-9999,-9999,-9999,-9999,-9999,-9999,-9999,-9999,-9999,-9999,-9999,-9999,-9999,-9999,-9999,-9999,-9999,-9999,-9999,-9999,-9999,-9999,-9999,-9999,-9999,-9999,-9999,-9999,-9999,-9999,-9999,-9999,-9999,-9999,-9999,-9999,-9999,-9999,31.9601783752441,32.0796356201172,32.3023300170898,32.4238014221191,32.4826126098633,33.0651626586914,33.7055206298828,34.6082344055176,35.3280067443848,29.4211139678955,23.296989440918,22.1878108978271,20.0344543457031,14.615008354187,11.5517530441284,12.3727016448975,11.6031351089478,9.49677562713623,8.41377544403076,7.87687397003174,6.37262487411499,3.81965947151184,3.20269179344177,2.8128776550293,2.47692322731018,2.31871199607849,-9999,-9999,3.30537724494934,3.34268021583557
-9999,-9999,-9999,-9999,-9999,-9999,-9999,-9999,-9999,-9999,-9999,-9999,-9999,-9999,-9999,-9999,-9999,-9999,-9999,-9999,-9999,-9999,-9999,-9999,-9999,-9999,-9999,-9999,-9999,-9999,-9999,-9999,-9999,-9999,-9999,-9999,-9999,-9999,-9999,-9999,-9999,-9999,-9999,-9999,-9999,-9999,-9999,-9999,-9999,-9999,-9999,-9999,-9999,-9999,-9999,-9999,-9999,-9999,-9999,-9999,-9999,-9999,-9999,-9999,-9999,-9999,-9999,-9999,-9999,-9999,-9999,-9999,-9999,-9999,-9999,-9999,-9999,-9999,-9999,-9999,-9999,-9999,-9999,-9999,-9999,-9999,-9999,-9999,-9999,-9999,-9999,-9999,-9999,-9999,-9999,-9999,-9999,-9999,-9999,-9999,-9999,-9999,32.0237922668457,32.1998023986816,32.155891418457,31.9702014923096,32.6901245117188,33.5740661621094,34.5713882446289,35.3725090026855,29.5998229980469,23.3435115814209,20.2270641326904,16.7802181243896,12.6324110031128,10.2742977142334,10.8356657028198,9.84463405609131,7.46156215667725,6.91684246063232,7.00015544891357,5.58200550079346,3.1133508682251,2.829270362854,2.7224428653717,2.60182738304138,2.64509654045105,3.00238943099976,3.33799934387207,3.36766862869263,3.37398457527161
-9999,-9999,-9999,-9999,-9999,-9999,-9999,-9999,-9999,-9999,-9999,-9999,-9999,-9999,-9999,-9999,-9999,-9999,-9999,-9999,-9999,-9999,-9999,-9999,-9999,-9999,-9999,-9999,-9999,-9999,-9999,-9999,-9999,-9999,-9999,-9999,-9999,-9999,-9999,-9999,-9999,-9999,-9999,-9999,-9999,-9999,-9999,-9999,-9999,-9999,-9999,-9999,-9999,-9999,-9999,-9999,-9999,-9999,-9999,-9999,-9999,-9999,-9999,-9999,-9999,-9999,-9999,-9999,-9999,-9999,-9999,-9999,-9999,-9999,-9999,-9999,-9999,-9999,-9999,-9999,-9999,-9999,-9999,-9999,-9999,-9999,-9999,-9999,-9999,-9999,-9999,-9999,-9999,-9999,-9999,-9999,-9999,-9999,-9999,-9999,-9999,-9999,-9999,32.0570640563965,32.018798828125,31.9014205932617,32.5118522644043,33.222412109375,34.4393501281738,35.4483070373535,29.88987159729,23.2107200622559,15.4220914840698,8.96045017242432,7.92301034927368,7.39821100234985,7.52365875244141,6.73796558380127,4.68745279312134,4.00024747848511,4.22461605072021,3.8004035949707,3.27729177474976,3.40181994438171,3.11025595664978,3.16786217689514,3.16726160049438,3.20548224449158,3.18616914749146,2.99433279037476,2.84666919708252
-9999,-9999,-9999,-9999,-9999,-9999,-9999,-9999,-9999,-9999,-9999,-9999,-9999,-9999,-9999,-9999,-9999,-9999,-9999,-9999,-9999,-9999,-9999,-9999,-9999,-9999,-9999,-9999,-9999,-9999,-9999,-9999,-9999,-9999,-9999,-9999,-9999,-9999,-9999,-9999,-9999,-9999,-9999,-9999,-9999,-9999,-9999,-9999,-9999,-9999,-9999,-9999,-9999,-9999,-9999,-9999,-9999,-9999,-9999,-9999,-9999,-9999,-9999,-9999,-9999,-9999,-9999,-9999,-9999,-9999,-9999,-9999,-9999,-9999,-9999,-9999,-9999,-9999,-9999,-9999,-9999,-9999,-9999,-9999,-9999,-9999,-9999,-9999,-9999,-9999,-9999,-9999,-9999,-9999,-9999,-9999,-9999,-9999,-9999,-9999,-9999,-9999,-9999,31.9216709136963,31.9692401885986,32.043529510498,32.3997535705566,32.7564239501953,33.8892822265625,34.9075088500977,29.7644596099854,23.3381900787354,13.603214263916,6.19568967819214,6.60587787628174,6.83918571472168,7.00223827362061,6.12044286727905,3.48266172409058,2.69396185874939,2.99208879470825,3.11024880409241,3.18407773971558,3.33554291725159,3.36771202087402,3.23224449157715,3.16328287124634,2.9106650352478,4.48125839233398,9.50259971618652,15.0194187164307
-9999,-9999,-9999,-9999,-9999,-9999,-9999,-9999,-9999,-9999,-9999,-9999,-9999,-9999,-9999,-9999,-9999,-9999,-9999,-9999,-9999,-9999,-9999,-9999,-9999,-9999,-9999,-9999,-9999,-9999,-9999,-9999,-9999,-9999,-9999,-9999,-9999,-9999,-9999,-9999,-9999,-9999,-9999,-9999,-9999,-9999,-9999,-9999,-9999,-9999,-9999,-9999,-9999,-9999,-9999,-9999,-9999,-9999,-9999,-9999,-9999,-9999,-9999,-9999,-9999,-9999,-9999,-9999,-9999,-9999,-9999,-9999,-9999,-9999,-9999,-9999,-9999,-9999,-9999,-9999,-9999,-9999,-9999,-9999,-9999,-9999,-9999,-9999,-9999,-9999,-9999,-9999,-9999,-9999,-9999,-9999,-9999,-9999,-9999,-9999,-9999,-9999,-9999,-9999,31.9915103912354,32.32275390625,32.4711418151855,32.509937286377,33.0664329528809,33.9465408325195,29.3684577941895,22.9986724853516,13.2757415771484,6.41236972808838,7.23034763336182,7.67897176742554,7.72702884674072,6.52866792678833,3.6805157661438,2.57389545440674,2.57440495491028,2.70242404937744,2.59656023979187,2.53629112243652,2.43703126907349,2.49208688735962,2.39375591278076,2.11414051055908,6.65156364440918,20.1864891052246,30.8345851898193
-9999,-9999,-9999,-9999,-9999,-9999,-9999,-9999,-9999,-9999,-9999,-9999,-9999,-9999,-9999,-9999,-9999,-9999,-9999,-9999,-9999,-9999,-9999,-9999,-9999,-9999,-9999,-9999,-9999,-9999,-9999,-9999,-9999,-9999,-9999,-9999,-9999,-9999,-9999,-9999,-9999,-9999,-9999,-9999,-9999,-9999,-9999,-9999,-9999,-9999,-9999,-9999,-9999,-9999,-9999,-9999,-9999,-9999,-9999,-9999,-9999,-9999,-9999,-9999,-9999,-9999,-9999,-9999,-9999,-9999,-9999,-9999,-9999,-9999,-9999,-9999,-9999,-9999,-9999,-9999,-9999,-9999,-9999,-9999,-9999,-9999,-9999,-9999,-9999,-9999,-9999,-9999,-9999,-9999,-9999,-9999,-9999,-9999,-9999,-9999,-9999,-9999,-9999,-9999,-9999,-9999,32.22998046875,32.1354637145996,32.6906356811523,33.2488403320313,30.3531436920166,25.9006900787354,18.9062671661377,13.3464612960815,11.5737228393555,10.4460210800171,10.731653213501,9.90539264678955,8.01905918121338,8.79261302947998,10.9412860870361,10.7565841674805,10.6755332946777,12.2688474655151,14.2298946380615,15.6604566574097,16.6196918487549,16.0852489471436,18.3889560699463,26.2078952789307,32.6791648864746
-9999,-9999,-9999,-9999,-9999,-9999,-9999,-9999,-9999,-9999,-9999,-9999,-9999,-9999,-9999,-9999,-9999,-9999,-9999,-9999,-9999,-9999,-9999,-9999,-9999,-9999,-9999,-9999,-9999,-9999,-9999,-9999,-9999,-9999,-9999,-9999,-9999,-9999,-9999,-9999,-9999,-9999,-9999,-9999,-9999,-9999,-9999,-9999,-9999,-9999,-9999,-9999,-9999,-9999,-9999,-9999,-9999,-9999,-9999,-9999,-9999,-9999,-9999,-9999,-9999,-9999,-9999,-9999,-9999,-9999,-9999,-9999,-9999,-9999,-9999,-9999,-9999,-9999,-9999,-9999,-9999,-9999,-9999,-9999,-9999,-9999,-9999,-9999,-9999,-9999,-9999,-9999,-9999,-9999,-9999,-9999,-9999,-9999,-9999,-9999,-9999,-9999,-9999,-9999,-9999,-9999,-9999,-9999,31.9312419891357,32.1869621276855,31.900749206543,31.1951751708984,27.6166858673096,23.1920413970947,17.8680515289307,14.6011390686035,15.3978071212769,15.5051536560059,14.4833354949951,17.6703968048096,22.5953330993652,22.8879737854004,22.0413608551025,24.8180313110352,27.6643314361572,29.9373111724854,31.595911026001,31.0210075378418,30.6143665313721,30.5879764556885,-9999
-9999,-9999,-9999,-9999,-9999,-9999,-9999,-9999,-9999,-9999,-9999,-9999,-9999,-9999,-9999,-9999,-9999,-9999,-9999,-9999,-9999,-9999,-9999,-9999,-9999,-9999,-9999,-9999,-9999,-9999,-9999,-9999,-9999,-9999,-9999,-9999,-9999,-9999,-9999,-9999,-9999,-9999,-9999,-9999,-9999,-9999,-9999,-9999,-9999,-9999,-9999,-9999,-9999,-9999,-9999,-9999,-9999,-9999,-9999,-9999,-9999,-9999,-9999,-9999,-9999,-9999,-9999,-9999,-9999,-9999,-9999,-9999,-9999,-9999,-9999,-9999,-9999,-9999,-9999,-9999,-9999,-9999,-9999,-9999,-9999,-9999,-9999,-9999,-9999,-9999,-9999,-9999,-9999,-9999,-9999,-9999,-9999,-9999,-9999,-9999,-9999,-9999,-9999,-9999,-9999,-9999,-9999,-9999,-9999,-9999,31.6675033569336,31.4629974365234,29.6464519500732,27.5049057006836,24.6140766143799,22.8480129241943,22.9736022949219,22.7969131469727,22.3489551544189,24.01025390625,26.5963840484619,26.7961692810059,26.3957824707031,27.8695049285889,29.4172706604004,30.7003650665283,31.6499118804932,31.262508392334,-9999,-9999,-9999
-9999,-9999,-9999,-9999,-9999,-9999,-9999,-9999,-9999,-9999,-9999,-9999,-9999,-9999,-9999,-9999,-9999,-9999,-9999,-9999,-9999,-9999,-9999,-9999,-9999,-9999,-9999,-9999,-9999,-9999,-9999,-9999,-9999,-9999,-9999,-9999,-9999,-9999,-9999,-9999,-9999,-9999,-9999,-9999,-9999,-9999,-9999,-9999,-9999,-9999,-9999,-9999,-9999,-9999,-9999,-9999,-9999,-9999,-9999,-9999,-9999,-9999,-9999,-9999,-9999,-9999,-9999,-9999,-9999,-9999,-9999,-9999,-9999,-9999,-9999,-9999,-9999,-9999,-9999,-9999,-9999,-9999,-9999,-9999,-9999,-9999,-9999,-9999,-9999,-9999,-9999,-9999,-9999,-9999,-9999,-9999,-9999,-9999,-9999,-9999,-9999,-9999,-9999,-9999,-9999,-9999,-9999,-9999,-9999,-9999,-9999,-9999,-9999,-9999,-9999,-9999,-9999,-9999,-9999,-9999,-9999,-9999,-9999,-9999,-9999,-9999,-9999,-9999,-9999,-9999,-9999
-9999,-9999,-9999,-9999,-9999,-9999,-9999,-9999,-9999,-9999,-9999,-9999,-9999,-9999,-9999,-9999,-9999,-9999,-9999,-9999,-9999,-9999,-9999,-9999,-9999,-9999,-9999,-9999,-9999,-9999,-9999,-9999,-9999,-9999,-9999,-9999,-9999,-9999,-9999,-9999,-9999,-9999,-9999,-9999,-9999,-9999,-9999,-9999,-9999,-9999,-9999,-9999,-9999,-9999,-9999,-9999,-9999,-9999,-9999,-9999,-9999,-9999,-9999,-9999,-9999,-9999,-9999,-9999,-9999,-9999,-9999,-9999,-9999,-9999,-9999,-9999,-9999,-9999,-9999,-9999,-9999,-9999,-9999,-9999,-9999,-9999,-9999,-9999,-9999,-9999,-9999,-9999,-9999,-9999,-9999,-9999,-9999,-9999,-9999,-9999,-9999,-9999,-9999,-9999,-9999,-9999,-9999,-9999,-9999,-9999,-9999,-9999,-9999,-9999,-9999,-9999,-9999,-9999,-9999,-9999,-9999,-9999,-9999,-9999,-9999,-9999,-9999,-9999,-9999,-9999,-9999

Step,61
Year,5.083333
-9999,-9999,-9999,-9999,-9999,-9999,-9999,-9999,-9999,-9999,-9999,-9999,-9999,-9999,-9999,-9999,-9999,-9999,-9999,-9999,-9999,-9999,-9999,-9999,-9999,-9999,-9999,-9999,-9999,-9999,-9999,-9999,-9999,-9999,-9999,-9999,-9999,-9999,-9999,-9999,-9999,-9999,-9999,-9999,-9999,-9999,-9999,-9999,-9999,-9999,-9999,-9999,-9999,-9999,-9999,-9999,-9999,-9999,-9999,-9999,-9999,-9999,-9999,-9999,-9999,-9999,-9999,-9999,-9999,-9999,-9999,-9999,-9999,-9999,-9999,-9999,-9999,-9999,-9999,-9999,-9999,-9999,-9999,-9999,-9999,-9999,-9999,-9999,-9999,-9999,-9999,-9999,-9999,-9999,-9999,-9999,-9999,-9999,-9999,-9999,-9999,-9999,-9999,-9999,-9999,-9999,-9999,-9999,-9999,-9999,-9999,-9999,-9999,-9999,-9999,-9999,-9999,-9999,-9999,-9999,-9999,-9999,-9999,-9999,-9999,-9999,-9999,-9999,-9999,-9999,-9999
-9999,-9999,-9999,-9999,-9999,-9999,-9999,-9999,-9999,-9999,-9999,-9999,-9999,-9999,-9999,-9999,-9999,-9999,-9999,-9999,-9999,-9999,-9999,-9999,-9999,-9999,-9999,-9999,-9999,-9999,-9999,-9999,-9999,-9999,-9999,-9999,-9999,-9999,-9999,-9999,-9999,-9999,-9999,-9999,-9999,-9999,-9999,-9999,-9999,-9999,-9999,-9999,-9999,-9999,-9999,-9999,-9999,-9999,-9999,-9999,-9999,-9999,-9999,-9999,-9999,-9999,-9999,-9999,-9999,-9999,-9999,-9999,-9999,-9999,-9999,-9999,-9999,-9999,-9999,-9999,-9999,-9999,-9999,-9999,-9999,-9999,-9999,-9999,-9999,-9999,-9999,-9999,-9999,-9999,-9999,-9999,-9999,-9999,-9999,-9999,-9999,-9999,-9999,-9999,-9999,-9999,-9999,-9999,-9999,-9999,-9999,-9999,-9999,-9999,-9999,-9999,-9999,-9999,-9999,-9999,-9999,-9999,-9999,-9999,-9999,-9999,-9999,-9999,-9999,-9999,-9999
-9999,-9999,-9999,-9999,-9999,-9999,-9999,-9999,-9999,-9999,-9999,-9999,-9999,-9999,-9999,-9999,-9999,-9999,-9999,-9999,-9999,-9999,-9999,-9999,-9999,-9999,-9999,-9999,-9999,-9999,-9999,-9999,-9999,-9999,-9999,-9999,-9999,-9999,-9999,-9999,-9999,-9999,-9999,-9999,-9999,-9999,-9999,-9999,-9999,-9999,-9999,-9999,-9999,-9999,-9999,-9999,-9999,-9999,-9999,-9999,-9999,-9999,-9999,-9999,-9999,-9999,-9999,-9999,-9999,-9999,-9999,-9999,-9999,-9999,36.9783782958984,37.9326782226563,-9999,-9999,-9999,-9999,-9999,-9999,-9999,-9999,-9999,-9999,-9999,-9999,-9999,-9999,-9999,-9999,-9999,-9999,-9999,-9999,-9999,-9999,-9999,-9999,-9999,-9999,-9999,-9999,-9999,-9999,-9999,-9999,-9999,-9999,-9999,-9999,-9999,-9999,-9999,-9999,-9999,-9999,-9999,-9999,-9999,-9999,-9999,-9999,-9999,-9999,-9999,-9999,-9999,-9999,-9999
-9999,-9999,-9999,-9999,-9999,-9999,-9999,-9999,-9999,-9999,-9999,-9999,-9999,-9999,-9999,-9999,-9999,-9999,-9999,-9999,-9999,-9999,-9999,-9999,-9999,-9999,-9999,-9999,-9999,-9999,-9999,-9999,-9999,-9999,-9999,-9999,-9999,-9999,-9999,-9999,-9999,-9999,-9999,-9999,-9999,-9999,-9999,-9999,-9999,-9999,-9999,-9999,-9999,-9999,-9999,-9999,-9999,-9999,-9999,-9999,-9999,-9999,-9999,-9999,-9999,-9999,-9999,-9999,-9999,-9999,-9999,-9999,-9999,-9999,38.0905265808105,37.8067855834961,-9999,-9999,-9999,-9999,-9999,-9999,-9999,-9999,-9999,-9999,-9999,-9999,-9999,-9999,-9999,-9999,-9999,-9999,-9999,-9999,-9999,-9999,-9999,-9999,-9999,-9999,-9999,-9999,-9999,-9999,-9999,-9999,-9999,-9999,-9999,-9999,-9999,-9999,-9999,-9999,-9999,-9999,-9999,-9999,-9999,-9999,-9999,-9999,-9999,-9999,-9999,-9999,-9999,-9999,-9999
-9999,-9999,-9999,-9999,-9999,-9999,-9999,-9999,-9999,-9999,-9999,-9999,-9999,-9999,-9999,-9999,-9999,-9999,-9999,-9999,-9999,-9999,-9999,-9999,-9999,-9999,-9999,-9999,-9999,-9999,-9999,-9999,-9999,-9999,-9999,-9999,-9999,-9999,-9999,-9999,-9999,-9999,-9999,-9999,-9999,-9999,-9999,-9999,-9999,-9999,-9999,-9999,-9999,-9999,-9999,-9999,6.17627585360048E-13,1.09025313221878E-08,1.08185904679203E-08,1.08024913458848E-08,-9999,-9999,-9999,-9999,-9999,38.6986656188965,38.1192474365234,39.1887245178223,39.737491607666,37.3594093322754,35.7728843688965,32.7711486816406,32.508903503418,31.9890785217285,35.5892562866211,34.4807434082031,33.0065269470215,-9999,-9999,25.2611694335938,23.9186172485352,23.051383972168,23.6251640319824,30.4347991943359,33.5298347473145,35.5521850585938,35.4670104980469,33.1464042663574,24.9890937805176,-9999,-9999,-9999,-9999,-9999,-9999,-9999,-9999,-9999,-9999,-9999,-9999,-9999,-9999,-9999,-9999,-9999,-9999,-9999,-9999,-9999,-9999,-9999,-9999,-9999,-9999,-9999,-9999,-9999,-9999,-9999,-9999,-9999,-9999,-9999,-9999,-9999,-9999,-9999,-9999,-9999,-9999
-9999,-9999,-9999,-9999,-9999,-9999,-9999,-9999,-9999,-9999,-9999,-9999,-9999,-9999,-9999,-9999,-9999,-9999,-9999,-9999,-9999,-9999,-9999,-9999,-9999,-9999,-9999,-9999,-9999,-9999,-9999,-9999,-9999,-9999,-9999,-9999,-9999,-9999,-9999,-9999,-9999,-9999,-9999,-9999,-9999,-9999,-9999,-9999,-9999,-9999,-9999,-9999,-9999,-9999,-9999,7.13336507918161E-13,2.48522020740438E-08,0.000671791261993349,0.00066804134985432,0.000667304149828851,0.00136917037889361,44.7464447021484,-9999,44.0626525878906,42.2827987670898,41.8939170837402,41.2456893920898,40.7614059448242,40.2794189453125,39.2717895507813,36.2719306945801,35.3577995300293,36.0043907165527,35.0319938659668,34.6532897949219,35.0741195678711,33.8025093078613,33.4311256408691,32.1604080200195,29.6944198608398,26.4109497070313,23.6063270568848,26.6793193817139,29.8279418945313,34.251766204834,36.4116020202637,36.4118309020996,34.0850028991699,28.6800136566162,22.4916725158691,15.9252796173096,-9999,-9999,-9999,-9999,-9999,-9999,-9999,-9999,-9999,-9999,-9999,-9999,-9999,-9999,-9999,-9999,-9999,-9999,-9999,-9999,-9999,-9999,-9999,-9999,-9999,-9999,-9999,-9999,-9999,-9999,-9999,-9999,-9999,-9999,-9999,-9999,-9999,-9999,-9999,-9999
-9999,-9999,-9999,-9999,-9999,-9999,-9999,-9999,-9999,-9999,-9999,-9999,-9999,-9999,-9999,-9999,-9999,-9999,-9999,-9999,-9999,-9999,-9999,-9999,-9999,-9999,-9999,-9999,-9999,-9999,-9999,-9999,-9999,-9999,-9999,-9999,-9999,-9999,-9999,-9999,-9999,-9999,-9999,-9999,-9999,-9999,-9999,-9999,-9999,-9999,-9999,-9999,-9999,-9999,-9999,1.44857281725308E-08,0.000772562401834875,45.8952980041504,45.8382148742676,45.8877983093262,46.0441703796387,45.4065742492676,44.6374473571777,44.6017227172852,42.6921424865723,42.3289108276367,40.6262321472168,40.5110282897949,39.8308334350586,38.5217819213867,37.4770469665527,37.184326171875,36.7784194946289,36.550048828125,36.1508560180664,35.7389183044434,34.8425559997559,33.7311897277832,31.9228782653809,29.6835498809814,26.6639251708984,24.0880794525146,27.3515434265137,31.9078502655029,36.015697479248,37.9228706359863,37.2925186157227,34.7113189697266,29.1773262023926,22.9011917114258,15.9506692886353,13.9264030456543,18.029806137085,-9999,-9999,-9999,-9999,-9999,-9999,-9999,-9999,-9999,29.7089653015137,30.6982669830322,32.8738174438477,-9999,-9999,-9999,-9999,-9999,-9999,-9999,-9999,-9999,-9999,-9999,-9999,-9999,-9999,-9999,-9999,-9999,-9999,-9999,-9999,-9999,-9999,-9999,-9999,-9999,-9999
-9999,-9999,-9999,-9999,-9999,-9999,-9999,-9999,-9999,-9999,-9999,-9999,-9999,-9999,-9999,-9999,-9999,-9999,-9999,-9999,-9999,-9999,-9999,-9999,-9999,-9999,-9999,-9999,-9999,-9999,-9999,39.3537712097168,-9999,-9999,-9999,40.1143531799316,-9999,-9999,-9999,-9999,-9999,-9999,-9999,-9999,-9999,-9999,-9999,-9999,-9999,-9999,-9999,-9999,-9999,-9999,-9999,-9999,-9999,45.4649429321289,45.6904449462891,45.7875366210938,-9999,46.1816787719727,45.5972137451172,44.6761131286621,43.2924842834473,42.1883773803711,41.7403030395508,40.7302551269531,39.9297218322754,37.7249221801758,36.6987724304199,37.9090690612793,38.3407859802246,37.7163124084473,37.173038482666,36.6211853027344,35.8670310974121,34.9796676635742,34.6422157287598,34.5368843078613,32.8251266479492,31.4203281402588,34.7572402954102,36.8055725097656,39.5540351867676,40.7958679199219,39.8026733398438,37.5039520263672,32.9361877441406,29.5515766143799,27.2963676452637,22.6122760772705,16.8584785461426,20.1070861816406,-9999,-9999,-9999,-9999,-9999,-9999,-9999,-9999,34.2227020263672,35.8670234680176,36.4394721984863,33.845329284668,33.4889678955078,-9999,-9999,-9999,-9999,-9999,-9999,-9999,-9999,-9999,-9999,-9999,-9999,-9999,-9999,-9999,-9999,-9999,-9999,-9999,-9999,-9999,-9999,-9999,-9999
-9999,-9999,-9999,-9999,-9999,-9999,-9999,-9999,-9999,-9999,-9999,-9999,-9999,-9999,-9999,-9999,-9999,-9999,-9999,-9999,-9999,-9999,-9999,-9999,-9999,-9999,-9999,-9999,-9999,-9999,38.4652671813965,38.5868072509766,-9999,-9999,40.3336791992188,40.1156959533691,-9999,-9999,36.4468841552734,37.916374206543,-9999,-9999,-9999,-9999,-9999,41.4112319946289,-9999,-9999,-9999,-9999,-9999,-9999,-9999,-9999,-9999,-9999,-9999,-9999,-9999,-9999,-9999,46.0468139648438,46.6086616516113,44.7981033325195,43.1256256103516,42.3242454528809,40.7003974914551,39.928539276123,38.7259368896484,36.5926551818848,35.4743423461914,38.9477386474609,40.0901222229004,39.54248046875,38.6690368652344,37.9785385131836,37.1016578674316,36.1027145385742,37.8442039489746,39.3041839599609,39.7455177307129,38.8505401611328,39.7664642333984,40.7332954406738,41.8807601928711,42.3248100280762,41.4400520324707,39.7055931091309,36.4510879516602,35.5525093078613,36.8093338012695,30.1874027252197,18.03076171875,20.0138034820557,24.3255481719971,-9999,-9999,-9999,-9999,-9999,34.9331588745117,35.216739654541,35.3944702148438,35.9486045837402,36.4981002807617,37.3972969055176,35.9639472961426,32.4857902526855,-9999,-9999,-9999,-9999,-9999,-9999,-9999,-9999,-9999,-9999,-9999,-9999,-9999,-9999,-9999,-9999,-9999,-9999,-9999,-9999,-9999,-9999,-9999
-9999,-9999,-9999,-9999,-9999,-9999,-9999,-9999,-9999,-9999,-9999,-9999,-9999,-9999,-9999,-9999,-9999,-9999,-9999,-9999,-9999,-9999,-9999,38.264533996582,39.3256874084473,-9999,-9999,-9999,-9999,38.591609954834,38.4756164550781,39.0407218933105,38.4385414123535,39.7668380737305,40.1125373840332,39.9361953735352,37.4917030334473,35.8527984619141,35.9159088134766,-9999,38.9356536865234,41.0326805114746,-9999,-9999,40.953987121582,41.3935775756836,41.9547576904297,42.8970260620117,-9999,-9999,-9999,-9999,-9999,-9999,-9999,-9999,-9999,41.6694602966309,43.8758773803711,-9999,-9999,-9999,44.963939666748,44.1114273071289,43.3952598571777,42.5895767211914,41.8765830993652,40.9850273132324,39.5001602172852,35.91845703125,34.536247253418,37.5679168701172,39.7439002990723,40.2098236083984,40.3283843994141,39.3558807373047,38.6757354736328,37.7168350219727,37.8174781799316,39.4796981811523,39.9197616577148,39.945011138916,40.9749565124512,41.838996887207,42.2554359436035,42.3920555114746,42.0292015075684,40.9421768188477,38.3595886230469,36.7470779418945,35.6664123535156,31.1082954406738,24.2105178833008,23.4515151977539,24.199390411377,21.280933380127,20.8372211456299,22.2699165344238,22.8356609344482,24.7831859588623,29.6708068847656,34.8583793640137,35.1388893127441,35.4379615783691,36.5341148376465,37.3049240112305,37.7241363525391,35.7814483642578,33.5526733398438,33.8279609680176,-9999,-9999,-9999,-9999,-9999,-9999,-9999,-9999,-9999,-9999,-9999,-9999,-9999,-9999,-9999,-9999,-9999,-9999,-9999,-9999,-9999
-9999,-9999,-9999,-9999,-9999,-9999,-9999,-9999,-9999,-9999,-9999,-9999,-9999,-9999,-9999,-9999,-9999,-9999,-9999,-9999,-9999,-9999,38.9089660644531,38.5694236755371,38.4389724731445,40.0672035217285,40.6973266601563,37.8352241516113,38.0663414001465,37.6736755371094,38.1521682739258,37.9905128479004,37.8828430175781,37.8924102783203,39.1060218811035,37.564094543457,35.7179260253906,35.1070518493652,35.6172294616699,36.2865982055664,37.5744667053223,39.3426094055176,40.7313117980957,40.7535705566406,41.1374893188477,41.3861389160156,42.4123001098633,42.9451904296875,43.2715225219727,-9999,-9999,-9999,-9999,-9999,-9999,-9999,-9999,39.8339157104492,40.6745872497559,42.5148315429688,-9999,-9999,43.614875793457,44.7859420776367,45.0664024353027,43.9886856079102,42.2847900390625,40.692626953125,38.2361373901367,34.8984909057617,33.7356262207031,37.5412979125977,39.1183547973633,40.8838119506836,41.1386375427246,40.4326515197754,39.8346939086914,39.3298492431641,39.3164291381836,38.6788368225098,39.8864860534668,41.0316162109375,42.0146789550781,42.7085762023926,42.5686454772949,42.4711875915527,42.4744567871094,41.8393516540527,40.366397857666,37.9681015014648,34.4683723449707,31.7571277618408,28.4705848693848,25.85205078125,23.5651073455811,22.285795211792,21.9201488494873,24.0338516235352,24.2361755371094,23.7099189758301,26.1033554077148,32.4487457275391,35.2829933166504,35.8667945861816,36.4436569213867,36.9982109069824,37.843994140625,38.537712097168,36.7315864562988,35.0582122802734,-9999,-9999,-9999,-9999,-9999,-9999,-9999,-9999,-9999,-9999,-9999,-9999,-9999,-9999,-9999,-9999,-9999,-9999,-9999,-9999,-9999
-9999,-9999,-9999,-9999,-9999,-9999,-9999,-9999,-9999,-9999,-9999,-9999,-9999,-9999,-9999,-9999,-9999,-9999,-9999,-9999,-9999,-9999,39.2758979797363,37.3993530273438,37.5546951293945,39.1401596069336,42.0523452758789,41.4496154785156,37.0554237365723,37.6176452636719,37.908519744873,38.2480926513672,37.2933006286621,37.5197334289551,37.7363166809082,36.6244735717773,35.3850212097168,35.0459213256836,34.9503288269043,35.5765266418457,36.9223899841309,38.876350402832,40.2059173583984,40.7909851074219,40.5016784667969,41.2979125976563,41.3320007324219,42.5788383483887,43.3032531738281,42.8266830444336,43.0307273864746,-9999,-9999,-9999,-9999,-9999,-9999,-9999,39.5348739624023,40.6095848083496,42.5964546203613,43.0036468505859,43.4840316772461,43.9185829162598,45.0597457885742,43.583366394043,42.3486595153809,38.3394355773926,35.1299438476563,33.2529335021973,34.5017890930176,38.573299407959,40.7389335632324,41.7627906799316,42.1480484008789,42.1729278564453,41.8727416992188,41.4567718505859,40.9091262817383,40.087085723877,41.091983795166,42.0474052429199,42.3749160766602,42.6199073791504,42.5907745361328,42.5772399902344,42.5840454101563,42.0243988037109,40.8108825683594,38.1431503295898,33.5925903320313,31.9632835388184,30.8102130889893,25.6413669586182,19.3244400024414,20.3684196472168,21.3649520874023,23.0120143890381,24.2468776702881,23.8198738098145,26.3966846466064,33.0789756774902,36.7237205505371,38.5476875305176,37.9488143920898,35.8977317810059,36.6559181213379,38.4500122070313,38.1112785339355,36.0439643859863,38.4228782653809,-9999,-9999,-9999,-9999,-9999,-9999,-9999,-9999,-9999,-9999,-9999,-9999,-9999,-9999,-9999,-9999,-9999,-9999,-9999,-9999
-9999,-9999,-9999,-9999,-9999,-9999,-9999,-9999,-9999,-9999,-9999,-9999,-9999,-9999,-9999,-9999,-9999,-9999,-9999,-9999,-9999,-9999,38.9213066101074,38.841724395752,36.9255104064941,35.8180923461914,42.3068428039551,44.2531356811523,40.5534706115723,38.4014129638672,38.47705078125,38.6529922485352,38.2011604309082,37.9260063171387,37.2707557678223,36.7163619995117,36.2920684814453,35.8390274047852,35.7658271789551,36.351863861084,37.102596282959,38.2509727478027,39.223461151123,39.7432403564453,40.0599746704102,39.9933815002441,40.2168197631836,40.3603515625,41.632194519043,42.6294021606445,42.9773979187012,-9999,-9999,-9999,-9999,40.0490226745605,39.2279357910156,39.0910949707031,39.2356109619141,39.8662796020508,41.0341110229492,42.091667175293,42.9789123535156,44.0986022949219,44.4616279602051,42.3255310058594,40.9030303955078,36.6317405700684,33.710147857666,35.3870429992676,36.6621437072754,40.1013145446777,42.152027130127,43.1553268432617,43.5294151306152,43.342960357666,42.9250869750977,42.4145774841309,41.838737487793,41.2425956726074,41.9813537597656,42.6560821533203,42.5759696960449,42.5219497680664,42.5733108520508,42.602409362793,42.592887878418,42.1481475830078,41.2085037231445,38.7118530273438,34.6707496643066,34.1815338134766,35.4007797241211,29.3420944213867,20.9905395507813,22.1093978881836,23.1955146789551,24.7218780517578,26.024450302124,25.7130317687988,28.0174579620361,34.0159721374512,37.8443145751953,40.5394248962402,39.475471496582,36.1708374023438,37.1763572692871,39.4520530700684,39.9535255432129,39.6370735168457,39.0657119750977,40.5934677124023,-9999,-9999,-9999,-9999,-9999,-9999,-9999,-9999,-9999,-9999,-9999,-9999,-9999,-9999,-9999,-9999,-9999,-9999,-9999
-9999,-9999,-9999,-9999,-9999,-9999,-9999,-9999,-9999,-9999,-9999,-9999,-9999,-9999,-9999,-9999,-9999,-9999,-9999,-9999,-9999,37.8065986633301,39.0091514587402,38.4229431152344,35.644229888916,35.5797538757324,41.8724899291992,44.5523071289063,43.1276206970215,42.2261276245117,41.7983436584473,41.5768356323242,41.2506904602051,40.9733352661133,40.6530532836914,40.241024017334,39.7755966186523,39.4784965515137,39.3259353637695,39.5047874450684,39.2305030822754,37.3731803894043,36.9079818725586,38.3005409240723,38.8670082092285,39.2217445373535,39.4323997497559,39.4422302246094,39.6403961181641,39.897632598877,40.3109245300293,40.0073051452637,40.1097297668457,40.0697784423828,40.1429176330566,39.8175849914551,39.2942504882813,39.1880493164063,39.0205574035645,39.0492134094238,38.3244400024414,38.4806594848633,39.9382286071777,42.6547241210938,44.4172744750977,43.0083656311035,40.1009292602539,35.3940238952637,35.5953559875488,39.5808486938477,42.2429046630859,43.2077903747559,43.7042961120605,43.7134475708008,43.5798835754395,43.336856842041,43.0393295288086,42.7155494689941,42.4189910888672,42.1265716552734,42.2435569763184,42.3664131164551,42.3918228149414,42.4189910888672,42.4534187316895,42.4371795654297,42.3259620666504,42.1042175292969,41.7580108642578,40.9298477172852,39.7452049255371,39.7434577941895,40.1318855285645,37.7309265136719,33.8314514160156,31.299201965332,28.8985385894775,29.9594135284424,31.0088577270508,31.2876968383789,31.9191551208496,35.3416481018066,38.4106025695801,41.4068412780762,41.0633850097656,39.0945587158203,41.0281105041504,43.6705055236816,42.2647895812988,40.0532150268555,40.0855674743652,39.8724365234375,38.4465713500977,37.5496864318848,-9999,-9999,-9999,-9999,-9999,-9999,-9999,-9999,-9999,-9999,-9999,-9999,-9999,-9999,-9999,-9999,-9999
-9999,-9999,-9999,-9999,-9999,-9999,-9999,-9999,-9999,-9999,-9999,-9999,-9999,-9999,-9999,-9999,-9999,-9999,-9999,-9999,-9999,35.8982391357422,35.4413757324219,36.6354217529297,36.1623115539551,37.0115051269531,41.5383224487305,43.8124160766602,43.595458984375,43.2019424438477,42.5747184753418,42.2957153320313,42.1859817504883,42.0015907287598,41.6202583312988,41.2952079772949,40.8301620483398,40.5821914672852,40.3137512207031,40.349178314209,39.8978271484375,38.0845642089844,37.1884574890137,37.6748695373535,38.1669807434082,38.6793479919434,39.32177734375,39.7869911193848,39.5174751281738,39.1408462524414,39.3677711486816,39.6194610595703,39.5706596374512,39.7124404907227,39.5301513671875,39.094669342041,38.3740234375,38.0113906860352,37.6641273498535,36.8044967651367,36.4991302490234,37.8133697509766,38.8387603759766,39.4495277404785,42.8377952575684,42.1105995178223,41.1263389587402,36.253246307373,37.9982757568359,42.2027206420898,44.5835990905762,44.3899230957031,44.1170082092285,43.7481079101563,-9999,-9999,-9999,-9999,-9999,-9999,-9999,42.0801544189453,42.1385765075684,42.1951217651367,42.2437973022461,42.2180061340332,42.0519599914551,41.9333076477051,41.8658142089844,41.8382720947266,41.837516784668,41.8058013916016,41.7685852050781,41.1976928710938,39.693977355957,35.9314575195313,32.2038650512695,33.1167488098145,33.6097793579102,32.3287200927734,31.9445266723633,33.9951934814453,36.5316848754883,39.9653472900391,40.8540496826172,40.4665679931641,42.5016937255859,44.8172454833984,42.4034729003906,39.0763130187988,40.222843170166,39.1631278991699,38.9569778442383,36.6424293518066,36.9745559692383,-9999,-9999,-9999,-9999,-9999,-9999,-9999,-9999,-9999,-9999,-9999,-9999,-9999,-9999,-9999,-9999
-9999,-9999,-9999,-9999,-9999,-9999,-9999,-9999,-9999,-9999,-9999,-9999,-9999,-9999,-9999,-9999,-9999,-9999,-9999,33.8395118713379,34.5881652832031,34.0791854858398,33.4207305908203,33.2612342834473,37.1398124694824,39.8678283691406,40.7425231933594,41.0931930541992,40.7567710876465,40.342643737793,40.0498809814453,39.9418411254883,39.8956832885742,39.5666122436523,39.3020515441895,38.9514122009277,38.5590629577637,38.3078117370605,38.178466796875,38.2369842529297,38.8098564147949,41.0277404785156,41.5125274658203,39.3077583312988,38.5727462768555,39.2116012573242,40.0450401306152,40.9997062683105,39.7707748413086,37.8916435241699,38.1641654968262,38.2582092285156,38.217845916748,38.0473251342773,37.8757514953613,37.2561378479004,35.9190788269043,34.9548072814941,34.4235877990723,35.3976173400879,37.7093238830566,40.1284866333008,42.0707015991211,41.7057952880859,41.5325355529785,39.565559387207,40.828426361084,42.0477752685547,42.1859359741211,43.3475952148438,44.0334243774414,-9999,-9999,-9999,-9999,-9999,-9999,-9999,-9999,-9999,-9999,-9999,-9999,41.796070098877,41.9034233093262,41.9211616516113,41.7698554992676,41.5837821960449,41.3582649230957,41.0967254638672,40.8077239990234,40.7161407470703,40.7079696655273,40.7769737243652,40.8493766784668,37.3532752990723,33.850658416748,34.4394454956055,33.8344383239746,28.9191608428955,26.0219955444336,28.0518226623535,30.4376163482666,33.8538551330566,36.9572868347168,40.3408699035645,41.5444297790527,42.3311729431152,39.8346900939941,36.5302963256836,38.6802864074707,40.2695999145508,40.5048179626465,34.8243522644043,35.7857437133789,-9999,-9999,-9999,-9999,-9999,-9999,-9999,-9999,-9999,-9999,-9999,-9999,-9999,-9999,-9999,-9999
-9999,-9999,-9999,-9999,-9999,-9999,-9999,-9999,-9999,-9999,-9999,-9999,-9999,-9999,-9999,-9999,-9999,-9999,31.7771148681641,32.9593925476074,33.147216796875,35.0584716796875,33.6435623168945,32.7812385559082,36.8512535095215,39.6418380737305,40.4403305053711,40.7782020568848,40.2900619506836,39.8652381896973,39.7671279907227,39.6051483154297,39.6026840209961,39.4300918579102,39.0588226318359,38.901725769043,38.6808891296387,38.5068054199219,38.2461738586426,38.3047294616699,39.2130546569824,42.2111930847168,42.7488250732422,40.620532989502,39.299446105957,39.839672088623,40.560489654541,41.5679244995117,39.7690277099609,37.125919342041,36.4580612182617,36.1264533996582,35.8182640075684,35.7752838134766,36.7419357299805,37.0015449523926,35.5948600769043,34.4641876220703,34.00439453125,35.8992004394531,39.2546539306641,41.5386238098145,43.0022888183594,43.2364730834961,43.1325035095215,42.8905982971191,42.5036430358887,43.1379203796387,-9999,-9999,-9999,-9999,-9999,-9999,-9999,-9999,-9999,-9999,-9999,-9999,-9999,-9999,-9999,-9999,-9999,41.5963554382324,41.4773406982422,41.2812995910645,41.0006866455078,40.6317596435547,40.200325012207,40.0387153625488,39.980224609375,40.2798347473145,40.6425971984863,38.2777519226074,35.8805961608887,35.0556907653809,33.4701538085938,28.5607566833496,24.7057151794434,23.9017791748047,24.7028617858887,27.9837112426758,33.1021766662598,37.5976295471191,38.695442199707,38.9415817260742,38.3972091674805,37.6086273193359,38.4840126037598,39.3913879394531,38.504810333252,35.590690612793,35.2452163696289,-9999,-9999,-9999,-9999,-9999,-9999,-9999,-9999,-9999,-9999,-9999,-9999,-9999,-9999,-9999,-9999
-9999,-9999,-9999,-9999,-9999,-9999,-9999,-9999,-9999,-9999,-9999,-9999,33.2870140075684,32.003044128418,-9999,31.5669403076172,33.0572280883789,34.5890007019043,33.9435958862305,31.3950119018555,34.065544128418,37.0207672119141,36.0296859741211,35.1862144470215,35.8505249023438,37.205207824707,40.6685676574707,42.4245147705078,42.1500816345215,41.952751159668,41.7067070007324,41.7228851318359,41.7066650390625,41.6271705627441,41.1188507080078,41.1070137023926,41.280403137207,41.0089950561523,40.5925827026367,40.4692993164063,40.6315879821777,40.7172546386719,41.0763092041016,40.7051544189453,40.6956100463867,41.3226623535156,41.1444396972656,41.5410957336426,40.0023803710938,37.2987861633301,34.7506790161133,32.3339500427246,32.0601654052734,32.560115814209,35.7437934875488,37.5324478149414,36.4726333618164,35.7748146057129,36.3779792785645,38.7306213378906,41.4251747131348,42.6472091674805,43.2734832763672,43.3791732788086,43.3610191345215,43.1858406066895,43.0180625915527,-9999,-9999,-9999,-9999,-9999,-9999,-9999,-9999,-9999,-9999,-9999,-9999,-9999,-9999,-9999,-9999,-9999,-9999,-9999,41.1744689941406,41.019172668457,40.7715682983398,40.4118309020996,39.9736061096191,39.7291412353516,39.5559730529785,39.7280197143555,39.9544792175293,39.075496673584,37.9912300109863,35.324161529541,32.3849563598633,30.8341426849365,27.9558734893799,22.6442222595215,20.8922386169434,23.0385799407959,27.1816310882568,32.3287620544434,33.7182006835938,34.5688819885254,38.2057113647461,41.3678588867188,39.5576362609863,38.3737030029297,39.7014923095703,36.0989952087402,34.1767196655273,-9999,-9999,-9999,-9999,-9999,-9999,-9999,-9999,-9999,-9999,-9999,-9999,-9999,-9999,-9999,-9999
-9999,-9999,-9999,-9999,-9999,-9999,-9999,-9999,-9999,-9999,30.9567546844482,32.7123413085938,34.3166313171387,31.9296817779541,31.6818733215332,29.5877456665039,31.6752147674561,36.060863494873,35.4286689758301,33.0523834228516,36.0056419372559,38.918098449707,38.387767791748,37.8304252624512,37.3018074035645,37.5364151000977,40.6836433410645,42.0636215209961,41.5454559326172,41.9771995544434,42.9490814208984,43.2041778564453,43.4926605224609,43.0347900390625,42.7775001525879,42.5273056030273,42.8243598937988,42.3393058776855,42.2057991027832,41.9050445556641,41.6952514648438,41.3490028381348,41.3962707519531,41.5058975219727,41.4766235351563,41.6548805236816,42.2867088317871,42.2974853515625,41.4751319885254,39.5160179138184,36.8616371154785,33.7346496582031,33.5646209716797,33.8506164550781,36.3879318237305,37.8695068359375,37.596607208252,38.0461540222168,38.2265968322754,39.8617210388184,41.8279724121094,42.5990829467773,42.9157905578613,42.9598426818848,42.9384880065918,42.8519134521484,-9999,-9999,-9999,-9999,-9999,-9999,-9999,-9999,-9999,-9999,-9999,-9999,-9999,-9999,-9999,-9999,-9999,-9999,-9999,-9999,-9999,40.714729309082,40.4648666381836,40.1261787414551,39.7256965637207,39.4790344238281,39.2875518798828,39.3553733825684,39.4613800048828,39.3170623779297,38.9039115905762,36.4120712280273,33.5848197937012,31.9506702423096,29.3804893493652,24.9851303100586,22.2080574035645,20.715353012085,23.3192081451416,26.9831123352051,30.3630104064941,33.1620559692383,36.9418411254883,40.2880020141602,38.1745719909668,36.4439697265625,37.7619934082031,35.4188232421875,33.3969841003418,-9999,-9999,-9999,-9999,-9999,-9999,-9999,-9999,-9999,-9999,-9999,-9999,-9999,-9999,-9999,-9999
-9999,-9999,-9999,-9999,-9999,-9999,-9999,-9999,27.9417457580566,28.8193302154541,29.0417213439941,29.0324974060059,30.1209678649902,32.2336006164551,31.4731616973877,29.7015972137451,31.7740306854248,36.3502464294434,36.1777191162109,34.8903694152832,37.6624641418457,40.4269828796387,40.1620140075684,39.856876373291,39.6584396362305,39.3270568847656,39.114574432373,39.5826187133789,39.0754470825195,40.3673133850098,43.3425598144531,44.2390899658203,44.2642860412598,44.2235870361328,44.1001739501953,43.9985885620117,43.7341194152832,43.4489250183105,43.2762908935547,43.105583190918,42.8811798095703,42.6644592285156,42.5100555419922,42.472240447998,42.387882232666,42.3511009216309,42.4203720092773,42.4648475646973,42.5158843994141,42.5422668457031,40.5032577514648,38.0308303833008,38.1100730895996,38.3018379211426,38.4768371582031,38.6926918029785,38.3112716674805,38.680850982666,40.2234687805176,41.385498046875,41.932544708252,42.1939926147461,-9999,-9999,-9999,-9999,-9999,-9999,-9999,-9999,-9999,-9999,-9999,-9999,-9999,-9999,-9999,-9999,-9999,-9999,-9999,-9999,-9999,-9999,-9999,-9999,-9999,-9999,40.116527557373,39.8048973083496,39.4657363891602,39.259334564209,39.1006088256836,39.0739555358887,39.0688056945801,39.2890396118164,39.3147354125977,37.8505058288574,35.8345642089844,32.6056022644043,30.1531238555908,29.0863437652588,25.7420520782471,20.1298675537109,20.0714893341064,22.5225734710693,28.4557609558105,33.7270889282227,35.2999076843262,36.6330909729004,35.1481857299805,34.2191772460938,36.411060333252,34.6143569946289,33.5737190246582,-9999,-9999,-9999,-9999,-9999,-9999,-9999,-9999,-9999,-9999,-9999,-9999,-9999,-9999,-9999,-9999
-9999,-9999,-9999,-9999,-9999,-9999,-9999,-9999,26.1571273803711,27.6301517486572,28.7523040771484,28.3126811981201,28.5689315795898,28.9802207946777,29.5320625305176,30.5285549163818,33.5049934387207,37.5781898498535,37.5477828979492,36.5884208679199,37.9359436035156,39.4587936401367,40.4137268066406,40.9514808654785,40.8079605102539,40.5692977905273,40.2210845947266,39.7992820739746,39.5061988830566,40.3517227172852,42.1262969970703,42.6750755310059,42.508960723877,42.3890151977539,42.2054748535156,42.0018272399902,41.9105529785156,41.6979026794434,41.5371627807617,41.2982749938965,41.1896667480469,41.0187759399414,41.2396965026855,41.9882507324219,42.258960723877,42.2172393798828,42.1214447021484,41.9858551025391,42.114429473877,42.2504348754883,41.1966247558594,40.0087509155273,40.2493591308594,40.3892211914063,40.2705917358398,40.0539360046387,39.7633209228516,40.1064987182617,40.9868698120117,41.539176940918,41.8437652587891,41.9636764526367,-9999,-9999,-9999,-9999,-9999,-9999,-9999,-9999,-9999,-9999,-9999,-9999,-9999,-9999,-9999,-9999,-9999,-9999,-9999,-9999,-9999,-9999,-9999,-9999,-9999,-9999,-9999,-9999,39.0721702575684,38.9066162109375,38.7840232849121,38.7319526672363,38.688060760498,38.9032249450684,38.9799423217773,38.0390663146973,36.7993469238281,34.4645919799805,32.392463684082,30.5113010406494,27.8001022338867,23.7391777038574,21.6798210144043,20.1663494110107,24.630651473999,29.9258880615234,31.3073959350586,32.2152290344238,31.6547679901123,31.4985084533691,34.504566192627,31.1256122589111,30.3381042480469,-9999,-9999,-9999,-9999,-9999,-9999,-9999,-9999,-9999,-9999,-9999,-9999,-9999,-9999,-9999,-9999
-9999,-9999,-9999,-9999,-9999,-9999,20.7069816589355,26.079870223999,26.3174800872803,26.189640045166,27.6709213256836,28.4903221130371,27.8974857330322,26.0365657806396,27.5885467529297,32.2946319580078,35.7796287536621,39.2787742614746,39.4848747253418,38.43505859375,37.8635902404785,37.1987228393555,39.9623413085938,41.9997177124023,42.0525016784668,41.9723472595215,41.6254501342773,41.2880172729492,40.8985137939453,40.659065246582,40.3780364990234,40.0839157104492,39.7601623535156,39.5070877075195,39.3202323913574,39.1367263793945,38.9488296508789,38.9079399108887,38.8678359985352,38.7438774108887,38.6483497619629,38.5165061950684,39.2405128479004,41.1595573425293,41.9678001403809,41.8537406921387,41.599479675293,41.2432594299316,41.027904510498,40.8170433044434,40.9354782104492,41.0687713623047,41.268383026123,41.4776763916016,41.4798126220703,41.4048004150391,41.1320571899414,40.9775238037109,40.9989547729492,41.2585983276367,41.7058792114258,-9999,-9999,-9999,-9999,-9999,-9999,-9999,-9999,-9999,-9999,-9999,-9999,-9999,-9999,-9999,-9999,-9999,-9999,-9999,-9999,-9999,-9999,-9999,-9999,-9999,-9999,-9999,-9999,-9999,-9999,-9999,-9999,38.3683662414551,38.3076858520508,38.4176368713379,38.451602935791,37.9372673034668,37.3813819885254,36.5713768005371,34.8261032104492,31.2770004272461,28.9774398803711,28.1955337524414,24.726053237915,18.723840713501,20.3771591186523,24.422248840332,25.9193840026855,26.9688472747803,27.3182849884033,28.2885608673096,32.2148132324219,30.1668338775635,-9999,-9999,-9999,-9999,-9999,-9999,-9999,-9999,-9999,-9999,-9999,-9999,-9999,-9999,-9999,-9999,-9999
-9999,-9999,-9999,-9999,-9999,-9999,26.1574153900146,26.1753463745117,25.8439178466797,25.9708137512207,26.0261936187744,29.0854339599609,31.2556858062744,32.221752166748,33.295768737793,34.7912063598633,37.2635612487793,40.1085777282715,40.1765213012695,39.3253326416016,38.8575859069824,38.3203506469727,40.4150085449219,42.1057395935059,42.0793724060059,41.9284210205078,41.7200355529785,41.5252647399902,41.1726150512695,40.8045501708984,40.3669929504395,40.1114921569824,39.8456192016602,39.5614891052246,39.2778930664063,39.4648399353027,39.7077407836914,39.653980255127,39.5876960754395,39.4383163452148,39.2977142333984,39.2244415283203,39.6110305786133,40.6722602844238,41.1272010803223,41.0769081115723,40.8631973266602,40.5526809692383,40.4378318786621,40.3814010620117,40.5034561157227,40.6470260620117,40.7410888671875,40.828369140625,40.877555847168,40.8614311218262,40.6786308288574,40.5563735961914,40.5163269042969,-9999,-9999,-9999,-9999,-9999,-9999,-9999,-9999,-9999,-9999,-9999,-9999,-9999,-9999,-9999,-9999,-9999,-9999,-9999,-9999,-9999,-9999,-9999,-9999,-9999,-9999,-9999,-9999,-9999,-9999,-9999,-9999,-9999,-9999,-9999,37.9028053283691,37.9630928039551,37.9932670593262,37.8155212402344,37.5410499572754,36.9856262207031,35.9501838684082,34.1102256774902,31.8252716064453,29.1877727508545,26.3836650848389,22.8486366271973,21.581033706665,21.0697460174561,24.2409076690674,27.4869842529297,28.5643882751465,29.8885517120361,31.6256046295166,29.0898475646973,29.7931537628174,28.0851459503174,-9999,-9999,-9999,-9999,-9999,-9999,-9999,-9999,-9999,-9999,-9999,-9999,-9999,-9999,-9999
-9999,-9999,-9999,-9999,25.1271686553955,26.7364959716797,26.1071681976318,26.006031036377,25.8200950622559,25.9252510070801,26.7880821228027,30.9835090637207,34.8116874694824,37.4499893188477,38.3489723205566,37.3307456970215,38.3226509094238,40.5035781860352,40.7229232788086,40.2003173828125,39.7204246520996,39.2250175476074,40.351432800293,41.3466949462891,41.4286308288574,41.4785957336426,41.3653526306152,41.2147636413574,41.0379409790039,40.7841796875,40.5029373168945,40.218620300293,39.9290008544922,39.6114463806152,39.3128623962402,39.8979530334473,40.5855560302734,40.4961738586426,40.4013061523438,40.1963500976563,40.0284461975098,39.9965133666992,40.0085220336914,40.0968551635742,40.1367645263672,40.1380310058594,40.0115051269531,39.8099899291992,39.873348236084,40.0081176757813,40.0515327453613,40.081298828125,40.0627593994141,40.0605926513672,-9999,-9999,-9999,-9999,-9999,-9999,-9999,-9999,-9999,-9999,-9999,-9999,-9999,-9999,-9999,-9999,-9999,-9999,-9999,-9999,-9999,-9999,-9999,-9999,-9999,-9999,-9999,-9999,-9999,-9999,-9999,-9999,-9999,-9999,-9999,-9999,-9999,-9999,-9999,-9999,-9999,37.5039443969727,37.5349540710449,37.6747093200684,37.6563949584961,37.1682929992676,36.8253784179688,36.6198539733887,34.3989410400391,30.0429077148438,27.8132705688477,26.7551651000977,22.810037612915,17.8092994689941,23.1341896057129,28.4139442443848,29.9269905090332,31.3484973907471,30.9027118682861,22.3108463287354,22.6942558288574,28.2498989105225,29.0291938781738,-9999,-9999,-9999,-9999,-9999,-9999,-9999,-9999,-9999,-9999,-9999,-9999,-9999,-9999
-9999,-9999,-9999,-9999,30.707202911377,28.2550392150879,27.4082412719727,25.8314723968506,26.177360534668,28.1009330749512,30.265811920166,33.5877532958984,36.1571578979492,38.1442451477051,39.160472869873,39.2328453063965,39.6830368041992,40.3750419616699,40.1923484802246,39.7077713012695,39.9619407653809,40.3555603027344,40.7529754638672,41.1007385253906,41.1117897033691,41.1156692504883,41.0718612670898,40.9921607971191,40.8520240783691,40.6756477355957,40.4653053283691,40.2705917358398,40.0908241271973,39.9359321594238,39.7838020324707,39.9892730712891,40.2363510131836,40.0357780456543,39.824275970459,39.5358963012695,39.2906379699707,39.1794204711914,39.114330291748,39.1210708618164,39.1209411621094,39.1148567199707,39.0356369018555,-9999,-9999,-9999,-9999,-9999,-9999,-9999,-9999,-9999,-9999,-9999,-9999,-9999,-9999,-9999,-9999,-9999,-9999,-9999,-9999,-9999,-9999,-9999,-9999,-9999,-9999,-9999,-9999,-9999,-9999,-9999,-9999,-9999,-9999,-9999,-9999,-9999,-9999,-9999,-9999,-9999,-9999,-9999,-9999,-9999,-9999,-9999,-9999,-9999,37.1399040222168,37.2550506591797,37.2971000671387,37.1283569335938,36.6713600158691,35.6789093017578,33.4082832336426,29.8125839233398,27.8703861236572,26.7221012115479,22.4413928985596,16.2274570465088,19.6511325836182,23.5629653930664,25.1002330780029,26.55348777771,27.1900844573975,28.0814952850342,21.6800231933594,26.869592666626,24.7124214172363,-9999,-9999,-9999,-9999,-9999,-9999,-9999,-9999,-9999,-9999,-9999,-9999,-9999,-9999
-9999,-9999,-9999,-9999,-9999,30.6783409118652,28.6910629272461,28.7441711425781,27.8016948699951,31.1871585845947,34.1192512512207,35.967643737793,37.545238494873,38.7652893066406,39.699649810791,40.4013671875,40.3776245117188,39.8449440002441,39.5145378112793,39.2591094970703,-9999,-9999,-9999,-9999,-9999,-9999,-9999,-9999,-9999,-9999,-9999,-9999,-9999,40.0141105651855,39.9694900512695,39.8585319519043,39.7382507324219,39.4433326721191,-9999,-9999,-9999,-9999,-9999,-9999,-9999,-9999,-9999,-9999,-9999,-9999,-9999,-9999,-9999,-9999,-9999,-9999,-9999,-9999,-9999,-9999,-9999,-9999,-9999,-9999,-9999,-9999,-9999,-9999,-9999,-9999,-9999,-9999,-9999,-9999,-9999,-9999,-9999,-9999,-9999,-9999,-9999,-9999,-9999,-9999,-9999,-9999,-9999,-9999,-9999,-9999,-9999,-9999,-9999,-9999,-9999,-9999,36.7519340515137,36.8633193969727,36.9682579040527,37.0657615661621,36.5887908935547,35.1013412475586,33.0440673828125,30.3218879699707,28.3951263427734,26.8644714355469,22.2436828613281,15.9238147735596,16.9346237182617,18.9374237060547,20.5015735626221,22.1651077270508,23.4496002197266,24.7300338745117,24.7416305541992,22.3748893737793,-9999,-9999,-9999,-9999,-9999,-9999,-9999,-9999,-9999,-9999,-9999,-9999,-9999,-9999,-9999
-9999,-9999,-9999,-9999,-9999,30.3666801452637,30.2712154388428,31.0163269042969,32.5599899291992,36.2706642150879,39.0044250488281,39.4352531433105,39.8249359130859,40.4234008789063,40.6841697692871,40.5705108642578,40.1930313110352,39.6148414611816,-9999,-9999,-9999,-9999,-9999,-9999,-9999,-9999,-9999,-9999,-9999,-9999,-9999,-9999,-9999,-9999,-9999,-9999,-9999,-9999,-9999,-9999,-9999,-9999,-9999,-9999,-9999,-9999,-9999,-9999,-9999,-9999,-9999,-9999,-9999,-9999,-9999,-9999,-9999,-9999,-9999,-9999,-9999,-9999,-9999,-9999,-9999,-9999,-9999,-9999,-9999,-9999,-9999,-9999,-9999,-9999,-9999,-9999,-9999,-9999,-9999,-9999,-9999,-9999,-9999,-9999,-9999,-9999,-9999,-9999,-9999,-9999,-9999,-9999,-9999,-9999,-9999,-9999,-9999,36.6227874755859,36.7953224182129,36.9006996154785,36.806282043457,36.3727493286133,35.4460182189941,33.9537544250488,31.2617073059082,27.6354141235352,24.5001258850098,21.3828449249268,18.7768478393555,16.0130977630615,19.7403526306152,22.0587863922119,20.5877895355225,20.4503765106201,21.5023345947266,19.0316829681396,-9999,-9999,-9999,-9999,-9999,-9999,-9999,-9999,-9999,-9999,-9999,-9999,-9999,-9999,-9999
-9999,-9999,30.5818271636963,30.4528121948242,30.6630821228027,30.0041103363037,30.6348648071289,33.6119003295898,36.3937492370605,39.473217010498,41.6371231079102,41.2844047546387,41.0640411376953,41.2944717407227,41.1074295043945,40.4104347229004,39.7690734863281,-9999,-9999,-9999,-9999,-9999,-9999,-9999,-9999,-9999,-9999,-9999,-9999,-9999,-9999,-9999,-9999,-9999,-9999,-9999,-9999,-9999,-9999,-9999,-9999,-9999,-9999,-9999,-9999,-9999,-9999,-9999,-9999,-9999,-9999,-9999,-9999,-9999,-9999,-9999,-9999,-9999,-9999,-9999,-9999,-9999,-9999,-9999,-9999,-9999,-9999,-9999,-9999,-9999,-9999,-9999,-9999,-9999,-9999,-9999,-9999,-9999,-9999,-9999,-9999,-9999,-9999,-9999,-9999,-9999,-9999,-9999,-9999,-9999,-9999,-9999,-9999,-9999,-9999,-9999,-9999,36.3615303039551,36.5813751220703,36.6826324462891,36.8463973999023,37.1055793762207,36.979679107666,36.4025039672852,33.8489036560059,29.7742004394531,27.1222686767578,24.9759922027588,20.6631126403809,15.6223707199097,19.0785713195801,21.1234321594238,17.9537906646729,16.8974742889404,21.0961055755615,17.8252029418945,-9999,-9999,-9999,-9999,-9999,-9999,-9999,-9999,-9999,-9999,-9999,-9999,-9999,-9999,-9999
-9999,-9999,-9999,-9999,30.6834468841553,30.1463050842285,30.8094043731689,35.1295776367188,39.0903053283691,40.1648101806641,40.8093032836914,40.6582336425781,40.5459289550781,40.6490783691406,40.3265228271484,39.4917411804199,-9999,-9999,-9999,-9999,-9999,-9999,-9999,-9999,-9999,-9999,-9999,-9999,-9999,-9999,-9999,-9999,-9999,-9999,-9999,-9999,-9999,-9999,-9999,-9999,-9999,-9999,-9999,-9999,-9999,-9999,-9999,-9999,-9999,-9999,-9999,-9999,-9999,-9999,-9999,-9999,-9999,-9999,-9999,-9999,-9999,-9999,-9999,-9999,-9999,-9999,-9999,-9999,-9999,-9999,-9999,-9999,-9999,-9999,-9999,-9999,-9999,-9999,-9999,-9999,-9999,-9999,-9999,-9999,-9999,-9999,-9999,-9999,-9999,-9999,-9999,-9999,-9999,-9999,-9999,-9999,-9999,36.0582389831543,36.2780456542969,36.3467864990234,36.4988861083984,36.7797546386719,36.955867767334,36.9837608337402,36.0348320007324,34.3740310668945,30.4409713745117,25.520975112915,22.9192733764648,20.79612159729,18.8865394592285,17.4158210754395,16.0982265472412,16.0098285675049,17.4466247558594,18.9871101379395,-9999,-9999,-9999,-9999,-9999,-9999,-9999,-9999,-9999,-9999,-9999,-9999,-9999,-9999,-9999
-9999,-9999,-9999,-9999,30.8486404418945,30.7586059570313,31.4947547912598,36.5499610900879,40.4555206298828,40.4809951782227,40.2856407165527,40.3739547729492,40.3566513061523,40.1559524536133,39.6203956604004,-9999,-9999,-9999,-9999,-9999,-9999,-9999,-9999,-9999,-9999,-9999,-9999,-9999,-9999,-9999,-9999,-9999,-9999,-9999,-9999,-9999,-9999,-9999,-9999,-9999,-9999,-9999,-9999,-9999,-9999,-9999,-9999,-9999,-9999,-9999,-9999,-9999,-9999,-9999,-9999,-9999,-9999,-9999,-9999,-9999,-9999,-9999,-9999,-9999,-9999,-9999,-9999,-9999,-9999,-9999,-9999,-9999,-9999,-9999,-9999,-9999,-9999,-9999,-9999,-9999,-9999,-9999,-9999,-9999,-9999,-9999,-9999,-9999,-9999,-9999,-9999,-9999,-9999,-9999,-9999,-9999,-9999,35.7133560180664,35.9417037963867,35.9845809936523,36.0957260131836,36.3077621459961,36.5625190734863,36.8510856628418,36.7626838684082,36.3845748901367,32.1240577697754,25.9681205749512,24.2976474761963,23.1571674346924,18.4941787719727,14.3471527099609,15.1786155700684,15.8501052856445,15.8856992721558,16.6726570129395,13.6464347839355,-9999,-9999,-9999,-9999,-9999,-9999,-9999,-9999,-9999,-9999,-9999,-9999,-9999,-9999
-9999,-9999,-9999,-9999,31.1519432067871,31.0962181091309,32.077522277832,36.687068939209,40.4176940917969,40.4315567016602,40.2414970397949,40.5754928588867,40.5769500732422,39.873462677002,39.0274047851563,-9999,-9999,-9999,-9999,-9999,-9999,-9999,-9999,-9999,-9999,-9999,-9999,-9999,-9999,-9999,-9999,-9999,-9999,-9999,-9999,-9999,-9999,-9999,-9999,-9999,-9999,-9999,-9999,-9999,-9999,-9999,-9999,-9999,-9999,-9999,-9999,-9999,-9999,-9999,-9999,-9999,-9999,-9999,-9999,-9999,-9999,-9999,-9999,-9999,-9999,-9999,-9999,-9999,-9999,-9999,-9999,-9999,-9999,-9999,-9999,-9999,-9999,-9999,-9999,-9999,-9999,-9999,-9999,-9999,-9999,-9999,-9999,-9999,-9999,-9999,-9999,-9999,-9999,-9999,-9999,-9999,-9999,35.3153877258301,35.563591003418,35.5898742675781,35.6173934936523,35.6373138427734,35.6811447143555,35.7484016418457,35.7143363952637,35.5879173278809,31.734167098999,26.1709976196289,24.3453311920166,22.8345813751221,17.4213027954102,12.6973962783813,15.1272888183594,16.6375102996826,17.2705612182617,17.8640899658203,18.6375942230225,14.108606338501,-9999,-9999,-9999,-9999,-9999,-9999,-9999,-9999,-9999,-9999,-9999,-9999,-9999
-9999,-9999,-9999,-9999,26.6926975250244,31.2600002288818,32.3396339416504,35.9594039916992,38.9216079711914,39.1397666931152,39.2032890319824,40.0839538574219,40.3830986022949,39.5482635498047,-9999,-9999,-9999,-9999,-9999,-9999,-9999,-9999,-9999,-9999,-9999,-9999,-9999,-9999,-9999,-9999,-9999,-9999,-9999,-9999,-9999,-9999,-9999,-9999,-9999,-9999,-9999,-9999,-9999,-9999,-9999,-9999,-9999,-9999,-9999,-9999,-9999,-9999,-9999,-9999,-9999,-9999,-9999,-9999,-9999,-9999,-9999,-9999,-9999,-9999,-9999,-9999,-9999,-9999,-9999,-9999,-9999,-9999,-9999,-9999,-9999,-9999,-9999,-9999,-9999,-9999,-9999,-9999,-9999,-9999,-9999,-9999,-9999,-9999,-9999,-9999,-9999,-9999,-9999,-9999,-9999,-9999,-9999,34.8809051513672,35.1472816467285,35.1883087158203,35.1853218078613,35.1011734008789,35.0979423522949,35.1734008789063,35.0023384094238,34.6774482727051,32.4751663208008,29.5193271636963,26.3781147003174,23.0024852752686,18.5230274200439,14.7588605880737,15.3532838821411,15.8547735214233,16.6334648132324,17.3404903411865,18.3733196258545,18.9465599060059,16.8441867828369,16.7694549560547,-9999,-9999,-9999,-9999,-9999,-9999,-9999,-9999,-9999,-9999,-9999
-9999,-9999,-9999,-9999,29.2565116882324,31.3973712921143,32.6108856201172,34.2202072143555,36.0269470214844,36.66552734375,37.3268356323242,39.0404281616211,39.8711357116699,39.1912422180176,-9999,-9999,-9999,-9999,-9999,-9999,-9999,-9999,-9999,-9999,-9999,-9999,-9999,-9999,-9999,-9999,-9999,-9999,-9999,-9999,-9999,-9999,-9999,-9999,-9999,-9999,-9999,-9999,-9999,-9999,-9999,-9999,-9999,-9999,-9999,-9999,-9999,-9999,-9999,-9999,-9999,-9999,-9999,-9999,-9999,-9999,-9999,-9999,-9999,-9999,-9999,-9999,-9999,-9999,-9999,-9999,-9999,-9999,-9999,-9999,-9999,-9999,-9999,-9999,-9999,-9999,-9999,-9999,-9999,-9999,-9999,-9999,-9999,-9999,-9999,-9999,-9999,-9999,-9999,-9999,-9999,-9999,-9999,-9999,34.6991882324219,34.7798042297363,34.7881927490234,34.6717720031738,34.7499847412109,35.0177230834961,34.565258026123,33.646728515625,33.9545364379883,34.546989440918,29.6204872131348,23.1043910980225,21.1983699798584,19.03737449646,15.6809740066528,13.6135597229004,14.25377368927,15.5607614517212,17.7189083099365,18.8738498687744,18.8797168731689,-9999,-9999,-9999,-9999,-9999,-9999,-9999,-9999,-9999,-9999,-9999,-9999
-9999,-9999,-9999,-9999,28.6370239257813,30.6548309326172,30.6092395782471,31.3145427703857,32.6802177429199,34.7531394958496,36.9033508300781,38.2825889587402,38.9712104797363,38.7416458129883,-9999,-9999,-9999,-9999,-9999,-9999,-9999,-9999,-9999,-9999,-9999,-9999,-9999,-9999,-9999,-9999,-9999,-9999,-9999,-9999,-9999,-9999,-9999,-9999,-9999,-9999,-9999,-9999,-9999,-9999,-9999,-9999,-9999,-9999,-9999,-9999,-9999,-9999,-9999,-9999,-9999,-9999,-9999,-9999,-9999,-9999,-9999,-9999,-9999,-9999,-9999,-9999,-9999,-9999,-9999,-9999,-9999,-9999,-9999,-9999,-9999,-9999,-9999,-9999,-9999,-9999,-9999,-9999,-9999,-9999,-9999,-9999,-9999,-9999,-9999,-9999,-9999,-9999,-9999,-9999,-9999,-9999,-9999,-9999,34.2909355163574,34.3870964050293,34.4086952209473,34.302906036377,34.4309120178223,34.7804679870605,34.5407180786133,33.9313583374023,34.7955513000488,35.9756507873535,30.6445999145508,23.3536987304688,22.0380115509033,20.009162902832,15.6098928451538,12.0970058441162,12.3291063308716,13.787371635437,16.9522895812988,23.4474716186523,32.0655174255371,29.7708606719971,34.3705825805664,-9999,-9999,-9999,-9999,-9999,-9999,-9999,-9999,-9999,-9999
-9999,-9999,-9999,-9999,-9999,22.0929374694824,28.1052341461182,29.0136451721191,28.7149810791016,33.3342781066895,36.8335342407227,37.4981956481934,37.8603706359863,38.2451553344727,-9999,-9999,-9999,-9999,-9999,-9999,-9999,-9999,-9999,-9999,-9999,-9999,-9999,-9999,-9999,-9999,-9999,-9999,-9999,-9999,-9999,-9999,-9999,-9999,-9999,-9999,-9999,-9999,-9999,-9999,-9999,-9999,-9999,-9999,-9999,-9999,-9999,-9999,-9999,-9999,-9999,-9999,-9999,-9999,-9999,-9999,-9999,-9999,-9999,-9999,-9999,-9999,-9999,-9999,-9999,-9999,-9999,-9999,-9999,-9999,-9999,-9999,-9999,-9999,-9999,-9999,-9999,-9999,-9999,-9999,-9999,-9999,-9999,-9999,-9999,-9999,-9999,-9999,-9999,-9999,-9999,-9999,-9999,-9999,33.8966484069824,33.9981460571289,34.0342750549316,33.9619216918945,34.1241989135742,34.505184173584,34.6995811462402,34.7720794677734,35.4376640319824,36.121898651123,30.7905902862549,23.7744178771973,22.1058616638184,19.9308929443359,14.8444652557373,11.0589618682861,10.8425207138062,12.2629137039185,16.052921295166,23.0876998901367,31.7827529907227,33.7186317443848,35.7728614807129,31.9768905639648,-9999,-9999,-9999,-9999,-9999,-9999,-9999,-9999,-9999
-9999,-9999,-9999,-9999,-9999,25.14674949646,26.4787006378174,26.2588405609131,27.744987487793,32.9693260192871,36.8052711486816,37.1784439086914,37.5605621337891,38.0473213195801,-9999,-9999,-9999,-9999,-9999,-9999,-9999,-9999,-9999,-9999,-9999,-9999,-9999,-9999,-9999,-9999,-9999,-9999,-9999,-9999,-9999,-9999,-9999,-9999,-9999,-9999,-9999,-9999,-9999,-9999,-9999,-9999,-9999,-9999,-9999,-9999,-9999,-9999,-9999,-9999,-9999,-9999,-9999,-9999,-9999,-9999,-9999,-9999,-9999,-9999,-9999,-9999,-9999,-9999,-9999,-9999,-9999,-9999,-9999,-9999,-9999,-9999,-9999,-9999,-9999,-9999,-9999,-9999,-9999,-9999,-9999,-9999,-9999,-9999,-9999,-9999,-9999,-9999,-9999,-9999,-9999,-9999,-9999,-9999,33.5091819763184,33.6185150146484,33.673225402832,33.6450157165527,33.7876663208008,34.084358215332,34.289421081543,34.4231376647949,35.1282157897949,35.8475532531738,30.796272277832,24.0519237518311,22.3454818725586,20.0086688995361,14.8065690994263,11.0466327667236,11.6406373977661,13.4564876556396,17.0456390380859,22.5537815093994,28.8838691711426,33.4832077026367,37.1936874389648,37.2886276245117,-9999,-9999,-9999,-9999,-9999,-9999,-9999,-9999,-9999
-9999,-9999,-9999,-9999,-9999,25.1555347442627,25.2109527587891,26.1183376312256,27.4513282775879,33.1125717163086,36.8321380615234,37.125560760498,37.4303932189941,37.9130477905273,-9999,-9999,-9999,-9999,-9999,-9999,-9999,-9999,-9999,-9999,-9999,-9999,-9999,-9999,-9999,-9999,-9999,-9999,-9999,-9999,-9999,-9999,-9999,-9999,-9999,-9999,-9999,-9999,-9999,-9999,-9999,-9999,-9999,-9999,-9999,-9999,-9999,-9999,-9999,-9999,-9999,-9999,-9999,-9999,-9999,-9999,-9999,-9999,-9999,-9999,-9999,-9999,-9999,-9999,-9999,-9999,-9999,-9999,-9999,-9999,-9999,-9999,-9999,-9999,-9999,-9999,-9999,-9999,-9999,-9999,-9999,-9999,-9999,-9999,-9999,-9999,-9999,-9999,-9999,-9999,-9999,-9999,-9999,-9999,-9999,33.2361717224121,33.3115005493164,33.3315620422363,33.4427337646484,33.6315650939941,33.7543411254883,33.8144187927246,34.6508140563965,35.5301704406738,30.7318820953369,24.3151874542236,22.6327362060547,20.3227005004883,14.6701707839966,11.0569868087769,12.9708576202393,15.4266700744629,18.2695541381836,22.0113525390625,26.0596485137939,31.229341506958,36.8398132324219,37.8097724914551,-9999,-9999,-9999,-9999,-9999,-9999,-9999,-9999,-9999
-9999,-9999,-9999,-9999,-9999,-9999,24.3200416564941,24.5769309997559,25.8433418273926,32.0692481994629,36.4017372131348,36.8506774902344,37.1806297302246,-9999,-9999,-9999,-9999,-9999,-9999,-9999,-9999,-9999,-9999,-9999,-9999,-9999,-9999,-9999,-9999,-9999,-9999,-9999,-9999,-9999,-9999,-9999,-9999,-9999,-9999,-9999,-9999,-9999,-9999,-9999,-9999,-9999,-9999,-9999,-9999,-9999,-9999,-9999,-9999,-9999,-9999,-9999,-9999,-9999,-9999,-9999,-9999,-9999,-9999,-9999,-9999,-9999,-9999,-9999,-9999,-9999,-9999,-9999,-9999,-9999,-9999,-9999,-9999,-9999,-9999,-9999,-9999,-9999,-9999,-9999,-9999,-9999,-9999,-9999,-9999,-9999,-9999,-9999,-9999,-9999,-9999,-9999,-9999,-9999,-9999,32.9664077758789,33.0670013427734,33.1274261474609,33.2269897460938,33.3549118041992,33.6769065856934,34.0915489196777,34.6131134033203,35.0140190124512,30.4820384979248,24.598596572876,22.9696521759033,21.0282077789307,17.8495712280273,14.9745283126831,13.6765556335449,13.4631233215332,14.835298538208,19.3264808654785,25.5782794952393,29.5027923583984,32.6812973022461,33.6751861572266,-9999,-9999,-9999,-9999,-9999,-9999,-9999,-9999,-9999
-9999,-9999,-9999,-9999,-9999,-9999,22.8701305389404,22.6185455322266,24.6667289733887,31.3493003845215,36.0575981140137,36.5664863586426,36.9153289794922,-9999,-9999,-9999,-9999,-9999,-9999,-9999,-9999,-9999,-9999,-9999,-9999,-9999,-9999,-9999,-9999,-9999,-9999,-9999,-9999,-9999,-9999,-9999,-9999,-9999,-9999,-9999,-9999,-9999,-9999,-9999,-9999,-9999,-9999,-9999,-9999,-9999,-9999,-9999,-9999,-9999,-9999,-9999,-9999,-9999,-9999,-9999,-9999,-9999,-9999,-9999,-9999,-9999,-9999,-9999,-9999,-9999,-9999,-9999,-9999,-9999,-9999,-9999,-9999,-9999,-9999,-9999,-9999,-9999,-9999,-9999,-9999,-9999,-9999,-9999,-9999,-9999,-9999,-9999,-9999,-9999,-9999,-9999,-9999,-9999,-9999,32.7102394104004,32.8332405090332,32.9248008728027,33.0124473571777,33.08984375,33.5990104675293,34.3418998718262,34.5620307922363,34.518196105957,30.2633323669434,24.850269317627,23.3712120056152,21.8668746948242,20.6432247161865,18.6825675964355,14.0967178344727,11.4588832855225,11.2861232757568,16.5009288787842,25.0132141113281,27.5400905609131,27.9211292266846,23.9347324371338,17.6238651275635,16.0335884094238,-9999,-9999,-9999,-9999,-9999,-9999,-9999
-9999,-9999,-9999,-9999,-9999,-9999,21.5377578735352,21.914234161377,23.0560340881348,30.2511959075928,35.3000640869141,36.022705078125,36.6358871459961,-9999,-9999,-9999,-9999,-9999,-9999,-9999,-9999,-9999,-9999,-9999,-9999,-9999,-9999,-9999,-9999,-9999,-9999,-9999,-9999,-9999,-9999,-9999,-9999,-9999,-9999,-9999,-9999,-9999,-9999,-9999,-9999,-9999,-9999,-9999,-9999,-9999,-9999,-9999,-9999,-9999,-9999,-9999,-9999,-9999,-9999,-9999,-9999,-9999,-9999,-9999,-9999,-9999,-9999,-9999,-9999,-9999,-9999,-9999,-9999,-9999,-9999,-9999,-9999,-9999,-9999,-9999,-9999,-9999,-9999,-9999,-9999,-9999,-9999,-9999,-9999,-9999,-9999,-9999,-9999,-9999,-9999,-9999,-9999,-9999,-9999,32.5764350891113,32.6701469421387,32.6950912475586,32.7556190490723,32.8395805358887,33.3293495178223,34.0403671264648,34.2688598632813,34.2796516418457,30.1752376556396,24.9870624542236,23.6247882843018,22.2397594451904,20.972484588623,18.6774311065674,13.9200716018677,11.6141328811646,12.8599948883057,16.016263961792,20.7649402618408,21.927677154541,21.4475975036621,19.7261085510254,17.2553882598877,13.6482839584351,8.07977199554443,-9999,-9999,-9999,-9999,-9999,-9999
-9999,-9999,-9999,-9999,-9999,-9999,-9999,-9999,-9999,-9999,-9999,-9999,-9999,-9999,-9999,-9999,-9999,-9999,-9999,-9999,-9999,-9999,-9999,-9999,-9999,-9999,-9999,-9999,-9999,-9999,-9999,-9999,-9999,-9999,-9999,-9999,-9999,-9999,-9999,-9999,-9999,-9999,-9999,-9999,-9999,-9999,-9999,-9999,-9999,-9999,-9999,-9999,-9999,-9999,-9999,-9999,-9999,-9999,-9999,-9999,-9999,-9999,-9999,-9999,-9999,-9999,-9999,-9999,-9999,-9999,-9999,-9999,-9999,-9999,-9999,-9999,-9999,-9999,-9999,-9999,-9999,-9999,-9999,-9999,-9999,-9999,-9999,-9999,-9999,-9999,-9999,-9999,-9999,-9999,-9999,-9999,-9999,-9999,-9999,-9999,32.4951553344727,32.4655532836914,32.5090217590332,32.6117706298828,33.0951461791992,33.7869338989258,34.0028419494629,33.9931793212891,30.6053714752197,26.4096202850342,24.49489402771,22.5814819335938,21.2699508666992,18.9164352416992,13.8080205917358,11.580171585083,13.67347240448,15.1780424118042,16.2965602874756,15.8740463256836,14.6509819030762,15.0205478668213,15.7084426879883,10.0883007049561,7.65063953399658,3.05374503135681,-9999,-9999,-9999,-9999,-9999
-9999,-9999,-9999,-9999,-9999,-9999,-9999,-9999,-9999,-9999,-9999,-9999,-9999,-9999,-9999,-9999,-9999,-9999,-9999,-9999,-9999,-9999,-9999,-9999,-9999,-9999,-9999,-9999,-9999,-9999,-9999,-9999,-9999,-9999,-9999,-9999,-9999,-9999,-9999,-9999,-9999,-9999,-9999,-9999,-9999,-9999,-9999,-9999,-9999,-9999,-9999,-9999,-9999,-9999,-9999,-9999,-9999,-9999,-9999,-9999,-9999,-9999,-9999,-9999,-9999,-9999,-9999,-9999,-9999,-9999,-9999,-9999,-9999,-9999,-9999,-9999,-9999,-9999,-9999,-9999,-9999,-9999,-9999,-9999,-9999,-9999,-9999,-9999,-9999,-9999,-9999,-9999,-9999,-9999,-9999,-9999,-9999,-9999,-9999,-9999,32.2840232849121,32.2428703308105,32.3115119934082,32.4776191711426,33.0009651184082,33.7163772583008,33.8875694274902,33.8223495483398,33.0417327880859,32.0510368347168,27.4444808959961,22.8439311981201,21.5038833618164,19.1217346191406,13.9295253753662,11.4200916290283,13.1582479476929,13.664891242981,13.4537544250488,12.1390342712402,10.2473669052124,9.67801666259766,9.64724445343018,6.7411413192749,3.33191227912903,3.25117349624634,2.76448559761047,-9999,-9999,-9999,-9999
-9999,-9999,-9999,-9999,-9999,-9999,-9999,-9999,-9999,-9999,-9999,-9999,-9999,-9999,-9999,-9999,-9999,-9999,-9999,-9999,-9999,-9999,-9999,-9999,-9999,-9999,-9999,-9999,-9999,-9999,-9999,-9999,-9999,-9999,-9999,-9999,-9999,-9999,-9999,-9999,-9999,-9999,-9999,-9999,-9999,-9999,-9999,-9999,-9999,-9999,-9999,-9999,-9999,-9999,-9999,-9999,-9999,-9999,-9999,-9999,-9999,-9999,-9999,-9999,-9999,-9999,-9999,-9999,-9999,-9999,-9999,-9999,-9999,-9999,-9999,-9999,-9999,-9999,-9999,-9999,-9999,-9999,-9999,-9999,-9999,-9999,-9999,-9999,-9999,-9999,-9999,-9999,-9999,-9999,-9999,-9999,-9999,-9999,-9999,-9999,32.0910911560059,32.0623168945313,32.1531753540039,32.3661117553711,32.807258605957,33.3702659606934,33.6248817443848,33.7118263244629,34.5447769165039,35.2605247497559,29.2924919128418,23.0778903961182,21.8447132110596,19.5437278747559,14.0980224609375,11.427788734436,12.5242671966553,12.3242435455322,10.9824695587158,9.19208717346191,7.28715085983276,6.27860307693481,5.20264482498169,4.32452917098999,3.47075223922729,2.76864171028137,2.52031135559082,-9999,-9999,-9999,-9999
-9999,-9999,-9999,-9999,-9999,-9999,-9999,-9999,-9999,-9999,-9999,-9999,-9999,-9999,-9999,-9999,-9999,-9999,-9999,-9999,-9999,-9999,-9999,-9999,-9999,-9999,-9999,-9999,-9999,-9999,-9999,-9999,-9999,-9999,-9999,-9999,-9999,-9999,-9999,-9999,-9999,-9999,-9999,-9999,-9999,-9999,-9999,-9999,-9999,-9999,-9999,-9999,-9999,-9999,-9999,-9999,-9999,-9999,-9999,-9999,-9999,-9999,-9999,-9999,-9999,-9999,-9999,-9999,-9999,-9999,-9999,-9999,-9999,-9999,-9999,-9999,-9999,-9999,-9999,-9999,-9999,-9999,-9999,-9999,-9999,-9999,-9999,-9999,-9999,-9999,-9999,-9999,-9999,-9999,-9999,-9999,-9999,-9999,-9999,-9999,-9999,31.9596538543701,32.0792541503906,32.3020362854004,32.4235191345215,32.4822692871094,33.0650787353516,33.7057113647461,34.6081657409668,35.3278541564941,29.4209232330322,23.2964305877686,22.1879272460938,19.9089298248291,14.5743131637573,11.6704349517822,12.4241390228271,11.5765151977539,9.57322978973389,8.40908432006836,7.86776685714722,6.19430685043335,3.74681520462036,3.22458815574646,2.83144974708557,2.53938794136047,2.26161003112793,-9999,-9999,3.2933611869812,3.34045314788818
-9999,-9999,-9999,-9999,-9999,-9999,-9999,-9999,-9999,-9999,-9999,-9999,-9999,-9999,-9999,-9999,-9999,-9999,-9999,-9999,-9999,-9999,-9999,-9999,-9999,-9999,-9999,-9999,-9999,-9999,-9999,-9999,-9999,-9999,-9999,-9999,-9999,-9999,-9999,-9999,-9999,-9999,-9999,-9999,-9999,-9999,-9999,-9999,-9999,-9999,-9999,-9999,-9999,-9999,-9999,-9999,-9999,-9999,-9999,-9999,-9999,-9999,-9999,-9999,-9999,-9999,-9999,-9999,-9999,-9999,-9999,-9999,-9999,-9999,-9999,-9999,-9999,-9999,-9999,-9999,-9999,-9999,-9999,-9999,-9999,-9999,-9999,-9999,-9999,-9999,-9999,-9999,-9999,-9999,-9999,-9999,-9999,-9999,-9999,-9999,-9999,-9999,32.0233497619629,32.199405670166,32.155647277832,31.9699001312256,32.6900177001953,33.574047088623,34.5714797973633,35.3725395202637,29.5998058319092,23.3420314788818,20.167106628418,16.8154582977295,12.6523408889771,10.3299961090088,10.7885150909424,9.86274528503418,7.51898765563965,6.85305690765381,7.04811000823975,5.52221536636353,2.95478820800781,2.80323553085327,2.67633152008057,2.59927725791931,2.58384609222412,2.97636103630066,3.25077128410339,3.29117441177368,3.36127257347107
-9999,-9999,-9999,-9999,-9999,-9999,-9999,-9999,-9999,-9999,-9999,-9999,-9999,-9999,-9999,-9999,-9999,-9999,-9999,-9999,-9999,-9999,-9999,-9999,-9999,-9999,-9999,-9999,-9999,-9999,-9999,-9999,-9999,-9999,-9999,-9999,-9999,-9999,-9999,-9999,-9999,-9999,-9999,-9999,-9999,-9999,-9999,-9999,-9999,-9999,-9999,-9999,-9999,-9999,-9999,-9999,-9999,-9999,-9999,-9999,-9999,-9999,-9999,-9999,-9999,-9999,-9999,-9999,-9999,-9999,-9999,-9999,-9999,-9999,-9999,-9999,-9999,-9999,-9999,-9999,-9999,-9999,-9999,-9999,-9999,-9999,-9999,-9999,-9999,-9999,-9999,-9999,-9999,-9999,-9999,-9999,-9999,-9999,-9999,-9999,-9999,-9999,-9999,32.0565986633301,32.0184020996094,31.901050567627,32.5115661621094,33.2226524353027,34.4393692016602,35.4472541809082,29.8846912384033,23.2370433807373,15.4200191497803,8.9550666809082,7.89696598052979,7.26167345046997,7.63395261764526,6.82605695724487,4.67720890045166,4.03969621658325,4.2806248664856,3.84003090858459,3.45105695724487,3.29351568222046,3.28377485275269,3.127521276474,3.18972373008728,3.22778272628784,3.15663075447083,3.01330161094666,2.84060001373291
-9999,-9999,-9999,-9999,-9999,-9999,-9999,-9999,-9999,-9999,-9999,-9999,-9999,-9999,-9999,-9999,-9999,-9999,-9999,-9999,-9999,-9999,-9999,-9999,-9999,-9999,-9999,-9999,-9999,-9999,-9999,-9999,-9999,-9999,-9999,-9999,-9999,-9999,-9999,-9999,-9999,-9999,-9999,-9999,-9999,-9999,-9999,-9999,-9999,-9999,-9999,-9999,-9999,-9999,-9999,-9999,-9999,-9999,-9999,-9999,-9999,-9999,-9999,-9999,-9999,-9999,-9999,-9999,-9999,-9999,-9999,-9999,-9999,-9999,-9999,-9999,-9999,-9999,-9999,-9999,-9999,-9999,-9999,-9999,-9999,-9999,-9999,-9999,-9999,-9999,-9999,-9999,-9999,-9999,-9999,-9999,-9999,-9999,-9999,-9999,-9999,-9999,-9999,31.9210720062256,31.9687671661377,32.043270111084,32.3994255065918,32.7555313110352,33.8885345458984,34.9075889587402,29.7677440643311,23.33860206604,13.6581878662109,6.13747930526733,6.53301191329956,6.75722599029541,6.9083948135376,5.97434949874878,3.60212397575378,2.73021769523621,2.96759533882141,3.07055044174194,3.29875230789185,3.35094475746155,3.32587599754333,3.25841975212097,3.32784461975098,2.92617106437683,4.48746204376221,9.48274993896484,15.021294593811
-9999,-9999,-9999,-9999,-9999,-9999,-9999,-9999,-9999,-9999,-9999,-9999,-9999,-9999,-9999,-9999,-9999,-9999,-9999,-9999,-9999,-9999,-9999,-9999,-9999,-9999,-9999,-9999,-9999,-9999,-9999,-9999,-9999,-9999,-9999,-9999,-9999,-9999,-9999,-9999,-9999,-9999,-9999,-9999,-9999,-9999,-9999,-9999,-9999,-9999,-9999,-9999,-9999,-9999,-9999,-9999,-9999,-9999,-9999,-9999,-9999,-9999,-9999,-9999,-9999,-9999,-9999,-9999,-9999,-9999,-9999,-9999,-9999,-9999,-9999,-9999,-9999,-9999,-9999,-9999,-9999,-9999,-9999,-9999,-9999,-9999,-9999,-9999,-9999,-9999,-9999,-9999,-9999,-9999,-9999,-9999,-9999,-9999,-9999,-9999,-9999,-9999,-9999,-9999,31.9908752441406,32.3220138549805,32.4711036682129,32.5096588134766,33.0649070739746,33.9445915222168,29.3682956695557,22.8061275482178,13.4475650787354,6.49454164505005,7.29995965957642,7.59214019775391,7.68127822875977,6.59449052810669,3.68882298469543,2.56051683425903,2.67603182792664,2.7684645652771,2.77954411506653,2.62270092964172,2.478595495224,2.47157144546509,2.37383961677551,2.11814403533936,6.65124416351318,20.1875286102295,30.8342552185059
-9999,-9999,-9999,-9999,-9999,-9999,-9999,-9999,-9999,-9999,-9999,-9999,-9999,-9999,-9999,-9999,-9999,-9999,-9999,-9999,-9999,-9999,-9999,-9999,-9999,-9999,-9999,-9999,-9999,-9999,-9999,-9999,-9999,-9999,-9999,-9999,-9999,-9999,-9999,-9999,-9999,-9999,-9999,-9999,-9999,-9999,-9999,-9999,-9999,-9999,-9999,-9999,-9999,-9999,-9999,-9999,-9999,-9999,-9999,-9999,-9999,-9999,-9999,-9999,-9999,-9999,-9999,-9999,-9999,-9999,-9999,-9999,-9999,-9999,-9999,-9999,-9999,-9999,-9999,-9999,-9999,-9999,-9999,-9999,-9999,-9999,-9999,-9999,-9999,-9999,-9999,-9999,-9999,-9999,-9999,-9999,-9999,-9999,-9999,-9999,-9999,-9999,-9999,-9999,-9999,-9999,32.2293167114258,32.1346778869629,32.6895790100098,33.25048828125,30.3478908538818,25.8286209106445,18.7790393829346,13.3433456420898,11.5074739456177,10.4953660964966,10.7025413513184,9.94299125671387,8.07736778259277,8.74068164825439,11.1399583816528,11.1557960510254,10.5132284164429,12.1604433059692,14.2259101867676,15.6564655303955,16.6196975708008,16.0848445892334,18.3884963989258,26.2075119018555,32.6788558959961
-9999,-9999,-9999,-9999,-9999,-9999,-9999,-9999,-9999,-9999,-9999,-9999,-9999,-9999,-9999,-9999,-9999,-9999,-9999,-9999,-9999,-9999,-9999,-9999,-9999,-9999,-9999,-9999,-9999,-9999,-9999,-9999,-9999,-9999,-9999,-9999,-9999,-9999,-9999,-9999,-9999,-9999,-9999,-9999,-9999,-9999,-9999,-9999,-9999,-9999,-9999,-9999,-9999,-9999,-9999,-9999,-9999,-9999,-9999,-9999,-9999,-9999,-9999,-9999,-9999,-9999,-9999,-9999,-9999,-9999,-9999,-9999,-9999,-9999,-9999,-9999,-9999,-9999,-9999,-9999,-9999,-9999,-9999,-9999,-9999,-9999,-9999,-9999,-9999,-9999,-9999,-9999,-9999,-9999,-9999,-9999,-9999,-9999,-9999,-9999,-9999,-9999,-9999,-9999,-9999,-9999,-9999,-9999,31.9305458068848,32.1861228942871,31.8968772888184,31.1872367858887,27.6162624359131,23.1899490356445,17.7978134155273,14.6065330505371,15.3980665206909,15.4991493225098,14.479564666748,17.6775455474854,22.5946578979492,22.8910636901855,22.0489616394043,24.8187580108643,27.663631439209,29.9367637634277,31.5955963134766,31.0205879211426,30.6140403747559,30.5875663757324,-9999
-9999,-9999,-9999,-9999,-9999,-9999,-9999,-9999,-9999,-9999,-9999,-9999,-9999,-9999,-9999,-9999,-9999,-9999,-9999,-9999,-9999,-9999,-9999,-9999,-9999,-9999,-9999,-9999,-9999,-9999,-9999,-9999,-9999,-9999,-9999,-9999,-9999,-9999,-9999,-9999,-9999,-9999,-9999,-9999,-9999,-9999,-9999,-9999,-9999,-9999,-9999,-9999,-9999,-9999,-9999,-9999,-9999,-9999,-9999,-9999,-9999,-9999,-9999,-9999,-9999,-9999,-9999,-9999,-9999,-9999,-9999,-9999,-9999,-9999,-9999,-9999,-9999,-9999,-9999,-9999,-9999,-9999,-9999,-9999,-9999,-9999,-9999,-9999,-9999,-9999,-9999,-9999,-9999,-9999,-9999,-9999,-9999,-9999,-9999,-9999,-9999,-9999,-9999,-9999,-9999,-9999,-9999,-9999,-9999,-9999,31.6667613983154,31.4642219543457,29.6456108093262,27.5029487609863,24.611743927002,22.8469982147217,22.9701633453369,22.7952938079834,22.3478488922119,24.0095176696777,26.5954933166504,26.7954444885254,26.3953914642334,27.8686866760254,29.4167194366455,30.6998424530029,31.6494274139404,31.2620391845703,-9999,-9999,-9999
-9999,-9999,-9999,-9999,-9999,-9999,-9999,-9999,-9999,-9999,-9999,-9999,-9999,-9999,-9999,-9999,-9999,-9999,-9999,-9999,-9999,-9999,-9999,-9999,-9999,-9999,-9999,-9999,-9999,-9999,-9999,-9999,-9999,-9999,-9999,-9999,-9999,-9999,-9999,-9999,-9999,-9999,-9999,-9999,-9999,-9999,-9999,-9999,-9999,-9999,-9999,-9999,-9999,-9999,-9999,-9999,-9999,-9999,-9999,-9999,-9999,-9999,-9999,-9999,-9999,-9999,-9999,-9999,-9999,-9999,-9999,-9999,-9999,-9999,-9999,-9999,-9999,-9999,-9999,-9999,-9999,-9999,-9999,-9999,-9999,-9999,-9999,-9999,-9999,-9999,-9999,-9999,-9999,-9999,-9999,-9999,-9999,-9999,-9999,-9999,-9999,-9999,-9999,-9999,-9999,-9999,-9999,-9999,-9999,-9999,-9999,-9999,-9999,-9999,-9999,-9999,-9999,-9999,-9999,-9999,-9999,-9999,-9999,-9999,-9999,-9999,-9999,-9999,-9999,-9999,-9999
-9999,-9999,-9999,-9999,-9999,-9999,-9999,-9999,-9999,-9999,-9999,-9999,-9999,-9999,-9999,-9999,-9999,-9999,-9999,-9999,-9999,-9999,-9999,-9999,-9999,-9999,-9999,-9999,-9999,-9999,-9999,-9999,-9999,-9999,-9999,-9999,-9999,-9999,-9999,-9999,-9999,-9999,-9999,-9999,-9999,-9999,-9999,-9999,-9999,-9999,-9999,-9999,-9999,-9999,-9999,-9999,-9999,-9999,-9999,-9999,-9999,-9999,-9999,-9999,-9999,-9999,-9999,-9999,-9999,-9999,-9999,-9999,-9999,-9999,-9999,-9999,-9999,-9999,-9999,-9999,-9999,-9999,-9999,-9999,-9999,-9999,-9999,-9999,-9999,-9999,-9999,-9999,-9999,-9999,-9999,-9999,-9999,-9999,-9999,-9999,-9999,-9999,-9999,-9999,-9999,-9999,-9999,-9999,-9999,-9999,-9999,-9999,-9999,-9999,-9999,-9999,-9999,-9999,-9999,-9999,-9999,-9999,-9999,-9999,-9999,-9999,-9999,-9999,-9999,-9999,-9999

Step,73
Year,6.083333
-9999,-9999,-9999,-9999,-9999,-9999,-9999,-9999,-9999,-9999,-9999,-9999,-9999,-9999,-9999,-9999,-9999,-9999,-9999,-9999,-9999,-9999,-9999,-9999,-9999,-9999,-9999,-9999,-9999,-9999,-9999,-9999,-9999,-9999,-9999,-9999,-9999,-9999,-9999,-9999,-9999,-9999,-9999,-9999,-9999,-9999,-9999,-9999,-9999,-9999,-9999,-9999,-9999,-9999,-9999,-9999,-9999,-9999,-9999,-9999,-9999,-9999,-9999,-9999,-9999,-9999,-9999,-9999,-9999,-9999,-9999,-9999,-9999,-9999,-9999,-9999,-9999,-9999,-9999,-9999,-9999,-9999,-9999,-9999,-9999,-9999,-9999,-9999,-9999,-9999,-9999,-9999,-9999,-9999,-9999,-9999,-9999,-9999,-9999,-9999,-9999,-9999,-9999,-9999,-9999,-9999,-9999,-9999,-9999,-9999,-9999,-9999,-9999,-9999,-9999,-9999,-9999,-9999,-9999,-9999,-9999,-9999,-9999,-9999,-9999,-9999,-9999,-9999,-9999,-9999,-9999
-9999,-9999,-9999,-9999,-9999,-9999,-9999,-9999,-9999,-9999,-9999,-9999,-9999,-9999,-9999,-9999,-9999,-9999,-9999,-9999,-9999,-9999,-9999,-9999,-9999,-9999,-9999,-9999,-9999,-9999,-9999,-9999,-9999,-9999,-9999,-9999,-9999,-9999,-9999,-9999,-9999,-9999,-9999,-9999,-9999,-9999,-9999,-9999,-9999,-9999,-9999,-9999,-9999,-9999,-9999,-9999,-9999,-9999,-9999,-9999,-9999,-9999,-9999,-9999,-9999,-9999,-9999,-9999,-9999,-9999,-9999,-9999,-9999,-9999,-9999,-9999,-9999,-9999,-9999,-9999,-9999,-9999,-9999,-9999,-9999,-9999,-9999,-9999,-9999,-9999,-9999,-9999,-9999,-9999,-9999,-9999,-9999,-9999,-9999,-9999,-9999,-9999,-9999,-9999,-9999,-9999,-9999,-9999,-9999,-9999,-9999,-9999,-9999,-9999,-9999,-9999,-9999,-9999,-9999,-9999,-9999,-9999,-9999,-9999,-9999,-9999,-9999,-9999,-9999,-9999,-9999
-9999,-9999,-9999,-9999,-9999,-9999,-9999,-9999,-9999,-9999,-9999,-9999,-9999,-9999,-9999,-9999,-9999,-9999,-9999,-9999,-9999,-9999,-9999,-9999,-9999,-9999,-9999,-9999,-9999,-9999,-9999,-9999,-9999,-9999,-9999,-9999,-9999,-9999,-9999,-9999,-9999,-9999,-9999,-9999,-9999,-9999,-9999,-9999,-9999,-9999,-9999,-9999,-9999,-9999,-9999,-9999,-9999,-9999,-9999,-9999,-9999,-9999,-9999,-9999,-9999,-9999,-9999,-9999,-9999,-9999,-9999,-9999,-9999,-9999,37.1899147033691,37.8641090393066,-9999,-9999,-9999,-9999,-9999,-9999,-9999,-9999,-9999,-9999,-9999,-9999,-9999,-9999,-9999,-9999,-9999,-9999,-9999,-9999,-9999,-9999,-9999,-9999,-9999,-9999,-9999,-9999,-9999,-9999,-9999,-9999,-9999,-9999,-9999,-9999,-9999,-9999,-9999,-9999,-9999,-9999,-9999,-9999,-9999,-9999,-9999,-9999,-9999,-9999,-9999,-9999,-9999,-9999,-9999
-9999,-9999,-9999,-9999,-9999,-9999,-9999,-9999,-9999,-9999,-9999,-9999,-9999,-9999,-9999,-9999,-9999,-9999,-9999,-9999,-9999,-9999,-9999,-9999,-9999,-9999,-9999,-9999,-9999,-9999,-9999,-9999,-9999,-9999,-9999,-9999,-9999,-9999,-9999,-9999,-9999,-9999,-9999,-9999,-9999,-9999,-9999,-9999,-9999,-9999,-9999,-9999,-9999,-9999,-9999,-9999,-9999,-9999,-9999,-9999,-9999,-9999,-9999,-9999,-9999,-9999,-9999,-9999,-9999,-9999,-9999,-9999,-9999,-9999,38.234260559082,37.8150253295898,-9999,-9999,-9999,-9999,-9999,-9999,-9999,-9999,-9999,-9999,-9999,-9999,-9999,-9999,-9999,-9999,-9999,-9999,-9999,-9999,-9999,-9999,-9999,-9999,-9999,-9999,-9999,-9999,-9999,-9999,-9999,-9999,-9999,-9999,-9999,-9999,-9999,-9999,-9999,-9999,-9999,-9999,-9999,-9999,-9999,-9999,-9999,-9999,-9999,-9999,-9999,-9999,-9999,-9999,-9999
-9999,-9999,-9999,-9999,-9999,-9999,-9999,-9999,-9999,-9999,-9999,-9999,-9999,-9999,-9999,-9999,-9999,-9999,-9999,-9999,-9999,-9999,-9999,-9999,-9999,-9999,-9999,-9999,-9999,-9999,-9999,-9999,-9999,-9999,-9999,-9999,-9999,-9999,-9999,-9999,-9999,-9999,-9999,-9999,-9999,-9999,-9999,-9999,-9999,-9999,-9999,-9999,-9999,-9999,-9999,-9999,6.17658918802833E-13,1.09029709705055E-08,1.08193196624029E-08,1.08037125912119E-08,-9999,-9999,-9999,-9999,-9999,38.6968803405762,38.570873260498,39.3265075683594,40.0866928100586,37.1326675415039,35.8105010986328,32.7051963806152,32.5021018981934,31.9717292785645,35.6295890808105,34.4048347473145,33.0220832824707,-9999,-9999,25.2213172912598,23.9280433654785,23.0097770690918,23.6753883361816,30.4645462036133,33.5341682434082,35.5398941040039,35.4483070373535,33.1858329772949,25.0162315368652,-9999,-9999,-9999,-9999,-9999,-9999,-9999,-9999,-9999,-9999,-9999,-9999,-9999,-9999,-9999,-9999,-9999,-9999,-9999,-9999,-9999,-9999,-9999,-9999,-9999,-9999,-9999,-9999,-9999,-9999,-9999,-9999,-9999,-9999,-9999,-9999,-9999,-9999,-9999,-9999,-9999,-9999
-9999,-9999,-9999,-9999,-9999,-9999,-9999,-9999,-9999,-9999,-9999,-9999,-9999,-9999,-9999,-9999,-9999,-9999,-9999,-9999,-9999,-9999,-9999,-9999,-9999,-9999,-9999,-9999,-9999,-9999,-9999,-9999,-9999,-9999,-9999,-9999,-9999,-9999,-9999,-9999,-9999,-9999,-9999,-9999,-9999,-9999,-9999,-9999,-9999,-9999,-9999,-9999,-9999,-9999,-9999,7.13372611850505E-13,2.4853338942421E-08,0.000671805930323899,0.000668068765662611,0.00066735566360876,0.00136938563082367,44.7477493286133,-9999,44.0636558532715,42.2131423950195,41.9468154907227,41.5288734436035,40.4638214111328,39.8721351623535,39.4184036254883,36.2311515808105,35.393424987793,36.0456695556641,35.0188941955566,34.6443672180176,35.067756652832,33.8084335327148,33.389087677002,32.2080383300781,29.6855926513672,26.4468765258789,23.6324577331543,26.707592010498,29.8282432556152,34.0165977478027,36.4870452880859,36.2824554443359,34.0182571411133,28.5697193145752,22.5026550292969,15.9547176361084,-9999,-9999,-9999,-9999,-9999,-9999,-9999,-9999,-9999,-9999,-9999,-9999,-9999,-9999,-9999,-9999,-9999,-9999,-9999,-9999,-9999,-9999,-9999,-9999,-9999,-9999,-9999,-9999,-9999,-9999,-9999,-9999,-9999,-9999,-9999,-9999,-9999,-9999,-9999,-9999
-9999,-9999,-9999,-9999,-9999,-9999,-9999,-9999,-9999,-9999,-9999,-9999,-9999,-9999,-9999,-9999,-9999,-9999,-9999,-9999,-9999,-9999,-9999,-9999,-9999,-9999,-9999,-9999,-9999,-9999,-9999,-9999,-9999,-9999,-9999,-9999,-9999,-9999,-9999,-9999,-9999,-9999,-9999,-9999,-9999,-9999,-9999,-9999,-9999,-9999,-9999,-9999,-9999,-9999,-9999,1.44862921658273E-08,0.000772579107433558,45.8944816589355,45.8376045227051,45.8876800537109,46.0451736450195,45.4171104431152,44.6476249694824,44.6067047119141,42.7900047302246,42.0466156005859,41.1191673278809,40.5805778503418,39.8560409545898,38.5476760864258,37.4455223083496,37.1362609863281,36.8005828857422,36.5370635986328,36.1368255615234,35.7383804321289,34.8625221252441,33.7043838500977,31.8257007598877,29.5753993988037,26.7371406555176,24.1410465240479,27.4621334075928,31.9515209197998,35.955509185791,37.9160995483398,37.7055206298828,35.2359161376953,29.2732372283936,22.8974761962891,15.8886489868164,13.8850383758545,18.0744037628174,-9999,-9999,-9999,-9999,-9999,-9999,-9999,-9999,-9999,29.5254364013672,30.7338905334473,32.7836608886719,-9999,-9999,-9999,-9999,-9999,-9999,-9999,-9999,-9999,-9999,-9999,-9999,-9999,-9999,-9999,-9999,-9999,-9999,-9999,-9999,-9999,-9999,-9999,-9999,-9999,-9999
-9999,-9999,-9999,-9999,-9999,-9999,-9999,-9999,-9999,-9999,-9999,-9999,-9999,-9999,-9999,-9999,-9999,-9999,-9999,-9999,-9999,-9999,-9999,-9999,-9999,-9999,-9999,-9999,-9999,-9999,-9999,38.9942855834961,-9999,-9999,-9999,39.7965507507324,-9999,-9999,-9999,-9999,-9999,-9999,-9999,-9999,-9999,-9999,-9999,-9999,-9999,-9999,-9999,-9999,-9999,-9999,-9999,-9999,-9999,45.464111328125,45.6895599365234,45.7873001098633,-9999,46.1094245910645,45.7461700439453,44.7041702270508,42.9117126464844,42.167423248291,41.6471290588379,40.7905883789063,39.976936340332,37.6240081787109,36.8247489929199,38.0931053161621,38.1489067077637,37.7593078613281,37.0432243347168,36.5859603881836,35.9238700866699,34.8973236083984,34.5745429992676,34.6740303039551,32.925121307373,31.5100440979004,34.7552452087402,36.8056373596191,39.5499229431152,40.7935638427734,39.7954177856445,37.497730255127,32.7927398681641,29.5114841461182,27.4636516571045,22.7317066192627,16.7288436889648,20.0635547637939,-9999,-9999,-9999,-9999,-9999,-9999,-9999,-9999,34.1275253295898,36.3877639770508,36.2388229370117,34.3443756103516,33.6503982543945,-9999,-9999,-9999,-9999,-9999,-9999,-9999,-9999,-9999,-9999,-9999,-9999,-9999,-9999,-9999,-9999,-9999,-9999,-9999,-9999,-9999,-9999,-9999,-9999
-9999,-9999,-9999,-9999,-9999,-9999,-9999,-9999,-9999,-9999,-9999,-9999,-9999,-9999,-9999,-9999,-9999,-9999,-9999,-9999,-9999,-9999,-9999,-9999,-9999,-9999,-9999,-9999,-9999,-9999,38.4709854125977,38.4469947814941,-9999,-9999,40.4806823730469,39.3079376220703,-9999,-9999,36.2432975769043,38.1206359863281,-9999,-9999,-9999,-9999,-9999,41.4091949462891,-9999,-9999,-9999,-9999,-9999,-9999,-9999,-9999,-9999,-9999,-9999,-9999,-9999,-9999,-9999,46.0212020874023,46.671745300293,44.7709121704102,42.718318939209,42.3921852111816,40.81591796875,40.0409889221191,38.681468963623,36.6122894287109,35.4051132202148,38.531421661377,39.8645324707031,39.3594093322754,38.6544494628906,37.9351921081543,37.4228363037109,36.3353271484375,37.9781112670898,39.219799041748,39.7270736694336,38.8417587280273,39.7667961120605,40.7342796325684,41.8848876953125,42.3262557983398,41.4486694335938,39.7134780883789,36.4720230102539,35.6810569763184,36.5570335388184,30.3174591064453,18.1913585662842,20.070499420166,24.306604385376,-9999,-9999,-9999,-9999,-9999,34.9516296386719,35.137996673584,35.5405464172363,36.2443542480469,37.360538482666,37.3298072814941,35.9506683349609,32.676399230957,-9999,-9999,-9999,-9999,-9999,-9999,-9999,-9999,-9999,-9999,-9999,-9999,-9999,-9999,-9999,-9999,-9999,-9999,-9999,-9999,-9999,-9999,-9999
-9999,-9999,-9999,-9999,-9999,-9999,-9999,-9999,-9999,-9999,-9999,-9999,-9999,-9999,-9999,-9999,-9999,-9999,-9999,-9999,-9999,-9999,-9999,38.6148338317871,39.2150611877441,-9999,-9999,-9999,-9999,38.7284088134766,38.6215553283691,38.4050827026367,38.8199234008789,39.7573165893555,40.1783065795898,39.5425643920898,37.3259162902832,35.8424301147461,35.9208221435547,-9999,38.6523246765137,40.9174880981445,-9999,-9999,40.5987739562988,41.4809684753418,41.9482688903809,42.8939247131348,-9999,-9999,-9999,-9999,-9999,-9999,-9999,-9999,-9999,41.010498046875,43.8478851318359,-9999,-9999,-9999,44.3546752929688,44.8372344970703,44.1473236083984,41.8790664672852,42.0180740356445,40.9845695495605,39.4613761901855,35.854663848877,34.4573059082031,37.7958984375,39.5422286987305,40.2813491821289,40.1449508666992,39.7250137329102,38.7067832946777,37.6659545898438,37.8716354370117,39.4378547668457,39.918327331543,39.9498825073242,40.9725456237793,41.8327369689941,42.2552375793457,42.3966445922852,42.038028717041,40.9336738586426,38.3553047180176,36.6835517883301,35.8714408874512,31.2052726745605,24.2268199920654,23.3275299072266,24.2275733947754,21.3104228973389,20.8429203033447,22.2736320495605,22.8205165863037,24.8534278869629,29.5843200683594,34.9755706787109,35.1444625854492,35.3854293823242,36.3374366760254,37.5833129882813,38.216194152832,35.7949676513672,33.7347068786621,34.4389305114746,-9999,-9999,-9999,-9999,-9999,-9999,-9999,-9999,-9999,-9999,-9999,-9999,-9999,-9999,-9999,-9999,-9999,-9999,-9999,-9999,-9999
-9999,-9999,-9999,-9999,-9999,-9999,-9999,-9999,-9999,-9999,-9999,-9999,-9999,-9999,-9999,-9999,-9999,-9999,-9999,-9999,-9999,-9999,38.6618576049805,38.4313926696777,38.2834548950195,39.3402709960938,40.5859069824219,37.9811210632324,37.8641548156738,38.0225982666016,38.0573425292969,37.7143898010254,38.4792823791504,38.1603050231934,38.531566619873,37.429500579834,35.3827362060547,35.376091003418,35.4419059753418,36.2353553771973,37.3103256225586,39.5241355895996,41.0550880432129,41.1651306152344,41.0687866210938,41.3530960083008,42.6435012817383,42.9866828918457,43.3160667419434,-9999,-9999,-9999,-9999,-9999,-9999,-9999,-9999,39.7321968078613,40.4040451049805,42.530517578125,-9999,-9999,43.5670166015625,44.7283782958984,44.806396484375,43.9665374755859,42.602481842041,40.7646446228027,38.161003112793,34.9183616638184,33.6396598815918,37.4730033874512,39.1740760803223,40.8974533081055,41.2022514343262,40.3838348388672,39.9243812561035,39.3029518127441,39.3137550354004,38.6722946166992,39.8910102844238,41.0375442504883,42.0131721496582,42.7087898254395,42.5683326721191,42.4758110046387,42.471809387207,41.8443946838379,40.3670845031738,37.9563751220703,34.7079544067383,31.8850879669189,28.8341827392578,25.8394336700439,23.5064582824707,22.2932205200195,21.9191493988037,24.0292778015137,24.255485534668,23.6686305999756,26.0825366973877,32.4226760864258,35.3578033447266,35.8029327392578,36.4132614135742,37.0862579345703,37.8585319519043,38.5732421875,36.9544982910156,35.0843963623047,-9999,-9999,-9999,-9999,-9999,-9999,-9999,-9999,-9999,-9999,-9999,-9999,-9999,-9999,-9999,-9999,-9999,-9999,-9999,-9999,-9999
-9999,-9999,-9999,-9999,-9999,-9999,-9999,-9999,-9999,-9999,-9999,-9999,-9999,-9999,-9999,-9999,-9999,-9999,-9999,-9999,-9999,-9999,39.144832611084,37.9991226196289,37.5617218017578,39.1374053955078,42.1712379455566,41.2971534729004,36.7978820800781,36.8595581054688,37.7788276672363,37.7265586853027,37.0438613891602,37.3645515441895,37.4030990600586,36.61962890625,35.2896156311035,35.0721168518066,34.7706680297852,35.6168022155762,36.8962821960449,38.8932762145996,40.149227142334,40.4425010681152,41.0581893920898,41.1726493835449,41.3706550598145,42.4140357971191,42.8674163818359,42.8947944641113,42.9695434570313,-9999,-9999,-9999,-9999,-9999,-9999,-9999,39.2757759094238,40.4797325134277,42.2389526367188,42.8385925292969,44.1001815795898,44.5545387268066,44.9970054626465,43.7468681335449,42.1746978759766,38.4527053833008,35.0621223449707,33.2544593811035,34.5974502563477,38.5846748352051,40.7050666809082,41.8180541992188,42.1478958129883,42.1800575256348,41.8692665100098,41.45458984375,40.9082107543945,40.0858001708984,41.0921363830566,42.0448760986328,42.3722305297852,42.6188507080078,42.591724395752,42.5766677856445,42.5836944580078,42.0259552001953,40.8048324584961,38.1300010681152,33.5795974731445,31.6721057891846,30.8744354248047,25.6433715820313,19.4374809265137,20.3608055114746,21.3651142120361,23.0041389465332,24.2748222351074,23.8072547912598,26.4622001647949,33.0750389099121,36.7326812744141,38.5085601806641,37.944580078125,35.9959526062012,36.6319122314453,38.4262199401855,38.6384658813477,36.1229972839355,38.4881858825684,-9999,-9999,-9999,-9999,-9999,-9999,-9999,-9999,-9999,-9999,-9999,-9999,-9999,-9999,-9999,-9999,-9999,-9999,-9999,-9999
-9999,-9999,-9999,-9999,-9999,-9999,-9999,-9999,-9999,-9999,-9999,-9999,-9999,-9999,-9999,-9999,-9999,-9999,-9999,-9999,-9999,-9999,39.0555038452148,38.867244720459,36.5889091491699,35.9146766662598,42.0792541503906,44.1607322692871,40.2427940368652,38.1651954650879,38.7890739440918,38.5876426696777,38.0772285461426,37.7510643005371,37.3530693054199,36.6339988708496,36.2340469360352,35.9508323669434,35.7947883605957,36.3677406311035,37.0774612426758,38.3090286254883,39.3031539916992,39.7449836730957,39.9719390869141,40.0621528625488,40.3052215576172,40.3525009155273,41.333137512207,42.786003112793,43.0985107421875,-9999,-9999,-9999,-9999,40.0105667114258,39.3359870910645,39.1407661437988,39.4983062744141,39.8890266418457,41.1095085144043,42.0430946350098,43.022777557373,44.5824089050293,44.8606300354004,42.5330963134766,41.1055145263672,36.6355667114258,33.9969520568848,35.3912010192871,36.6627960205078,40.0931549072266,42.1541175842285,43.1609802246094,43.5401000976563,43.346794128418,42.9313201904297,42.3995170593262,41.837776184082,41.2428588867188,41.9812850952148,42.6574935913086,42.5748748779297,42.5225601196289,42.5728340148926,42.6012573242188,42.5926055908203,42.1503143310547,41.2073173522949,38.707202911377,34.6744041442871,34.1967735290527,35.3846206665039,29.3977756500244,20.8771286010742,22.0136566162109,23.1978359222412,24.7757797241211,25.7961330413818,25.5274143218994,28.1591262817383,33.9187202453613,37.8752136230469,40.5304565429688,39.4704360961914,36.1359481811523,37.1110572814941,39.4215469360352,40.1440887451172,39.3912963867188,39.1069259643555,40.6136932373047,-9999,-9999,-9999,-9999,-9999,-9999,-9999,-9999,-9999,-9999,-9999,-9999,-9999,-9999,-9999,-9999,-9999,-9999,-9999
-9999,-9999,-9999,-9999,-9999,-9999,-9999,-9999,-9999,-9999,-9999,-9999,-9999,-9999,-9999,-9999,-9999,-9999,-9999,-9999,-9999,37.6074371337891,38.8976287841797,38.4218444824219,35.767822265625,35.5962524414063,41.9223480224609,44.5037422180176,43.139232635498,42.2325057983398,41.885627746582,41.5035400390625,41.238452911377,40.9715957641602,40.7173805236816,40.2668876647949,39.8226547241211,39.4294281005859,39.2738075256348,39.5355339050293,39.2177619934082,37.39013671875,36.944766998291,38.337574005127,38.8707237243652,39.2169952392578,39.4062690734863,39.3817710876465,39.5845527648926,39.7310905456543,40.0269050598145,40.392951965332,40.2167739868164,40.2737808227539,39.9729080200195,39.9302291870117,39.3967437744141,39.1426277160645,39.0866432189941,38.9510917663574,38.2386894226074,38.5090179443359,39.9225463867188,42.5398864746094,44.2158699035645,42.8344345092773,40.1813888549805,35.2605895996094,35.5832672119141,39.5721549987793,42.2521362304688,43.2121925354004,43.6982955932617,43.7089233398438,43.5785522460938,43.3349685668945,43.031982421875,42.7166976928711,42.4201240539551,42.1263275146484,42.2436904907227,42.3651237487793,42.391414642334,42.4186401367188,42.4530029296875,42.4367713928223,42.3254470825195,42.1037063598633,41.7574462890625,40.9288291931152,39.7384986877441,39.7408409118652,40.1369552612305,37.7169609069824,33.6575889587402,31.4173908233643,28.7674007415771,29.9363555908203,31.1927909851074,30.8374042510986,32.2220840454102,35.3787002563477,38.3567123413086,41.3207397460938,41.1779251098633,39.0607147216797,41.072566986084,43.6831245422363,42.3095817565918,40.0791778564453,40.5388031005859,39.8574295043945,38.6890068054199,37.852180480957,-9999,-9999,-9999,-9999,-9999,-9999,-9999,-9999,-9999,-9999,-9999,-9999,-9999,-9999,-9999,-9999,-9999
-9999,-9999,-9999,-9999,-9999,-9999,-9999,-9999,-9999,-9999,-9999,-9999,-9999,-9999,-9999,-9999,-9999,-9999,-9999,-9999,-9999,35.904613494873,35.5277481079102,36.7198143005371,36.1670570373535,37.0000076293945,41.533088684082,43.7499351501465,43.556755065918,43.1971817016602,42.615406036377,42.3246994018555,42.1755714416504,41.9674530029297,41.6118316650391,41.262077331543,40.8145217895508,40.5103034973145,40.3476600646973,40.3941307067871,39.846134185791,38.0866241455078,37.1426582336426,37.6406440734863,38.1564407348633,38.7466468811035,39.2286033630371,39.7827377319336,39.4715995788574,39.1496124267578,39.5248641967773,39.6078071594238,39.4943008422852,39.6208305358887,39.4682807922363,39.028392791748,38.3785133361816,38.0273933410645,37.6177635192871,36.7880363464355,36.6437911987305,37.5678787231445,38.8929557800293,39.4643821716309,42.7901229858398,42.1644706726074,41.5937423706055,36.1545753479004,38.011661529541,42.2031402587891,44.5854263305664,44.388614654541,44.1165161132813,43.7461585998535,-9999,-9999,-9999,-9999,-9999,-9999,-9999,42.0797538757324,42.1381721496582,42.1947288513184,42.243408203125,42.2176132202148,42.0515289306641,41.932746887207,41.8656234741211,41.8366317749023,41.8365669250488,41.805606842041,41.7643737792969,41.2074432373047,39.6741218566895,35.8187255859375,32.0938034057617,33.386157989502,33.8907279968262,32.4425315856934,32.0705833435059,33.9383888244629,36.6170082092285,39.9477119445801,40.8385925292969,40.532958984375,42.5185585021973,44.8023223876953,42.2606773376465,39.1737327575684,39.858341217041,39.4269332885742,38.5448532104492,36.852970123291,37.5183029174805,-9999,-9999,-9999,-9999,-9999,-9999,-9999,-9999,-9999,-9999,-9999,-9999,-9999,-9999,-9999,-9999
-9999,-9999,-9999,-9999,-9999,-9999,-9999,-9999,-9999,-9999,-9999,-9999,-9999,-9999,-9999,-9999,-9999,-9999,-9999,33.8528594970703,34.6268882751465,34.0333213806152,33.5094947814941,33.3346176147461,37.0478019714355,39.8860359191895,40.6904067993164,41.1425704956055,40.7624588012695,40.3441581726074,40.0152015686035,39.9041709899902,39.9057350158691,39.5827751159668,39.2867240905762,38.9073066711426,38.5515365600586,38.3715400695801,38.1708030700684,38.1511497497559,38.7663955688477,41.0213012695313,41.4464416503906,39.2948875427246,38.5488052368164,39.2028198242188,40.0552253723145,41.0190086364746,39.8042984008789,37.8669052124023,38.1624641418457,38.3631019592285,38.1165313720703,37.9988098144531,37.8943481445313,37.2619743347168,35.8872947692871,34.9626998901367,34.296142578125,35.3819580078125,37.5918769836426,40.1373672485352,42.072322845459,41.7554054260254,41.1405868530273,39.5463485717773,40.8182945251465,42.0468215942383,42.1853713989258,43.3501930236816,44.0330467224121,-9999,-9999,-9999,-9999,-9999,-9999,-9999,-9999,-9999,-9999,-9999,-9999,41.7956695556641,41.9030265808105,41.9207611083984,41.7694549560547,41.5833740234375,41.3588256835938,41.0964279174805,40.8074111938477,40.7188377380371,40.7041893005371,40.7716865539551,40.8496856689453,37.3444175720215,33.8708038330078,34.4049873352051,33.9069213867188,29.1029682159424,26.3983058929443,27.7548522949219,30.4329643249512,33.8802261352539,37.2417488098145,40.3583297729492,41.5084800720215,42.3655891418457,39.8420219421387,36.6862716674805,38.6539535522461,40.3919296264648,40.4696426391602,35.1421928405762,36.4347381591797,-9999,-9999,-9999,-9999,-9999,-9999,-9999,-9999,-9999,-9999,-9999,-9999,-9999,-9999,-9999,-9999
-9999,-9999,-9999,-9999,-9999,-9999,-9999,-9999,-9999,-9999,-9999,-9999,-9999,-9999,-9999,-9999,-9999,-9999,31.776180267334,32.9731178283691,33.0905914306641,35.0888061523438,33.5745315551758,32.7642517089844,36.856559753418,39.6147117614746,40.4050712585449,40.7446823120117,40.2640533447266,39.9267272949219,39.6926574707031,39.651496887207,39.5964851379395,39.3775596618652,38.9691543579102,38.8607139587402,38.6417770385742,38.5228729248047,38.1834259033203,38.3673248291016,39.2526702880859,42.2478637695313,42.5977363586426,40.5713768005371,39.3523406982422,39.9208908081055,40.5437164306641,41.5288047790527,39.8415985107422,37.1303634643555,36.4240226745605,36.0688514709473,35.8565406799316,35.7460327148438,36.7364234924316,36.9735450744629,35.5744972229004,34.3463478088379,33.924861907959,36.3141632080078,39.2645988464355,41.5287246704102,43.0041694641113,43.2408866882324,43.1307411193848,42.883960723877,42.5074310302734,43.1372184753418,-9999,-9999,-9999,-9999,-9999,-9999,-9999,-9999,-9999,-9999,-9999,-9999,-9999,-9999,-9999,-9999,-9999,41.5959625244141,41.476936340332,41.2809066772461,40.9999923706055,40.6313934326172,40.2003555297852,40.0369987487793,39.9802780151367,40.2779846191406,40.6478843688965,38.2775573730469,35.8834037780762,35.0434951782227,33.6030197143555,28.6006679534912,24.8367881774902,23.9133644104004,24.7517204284668,27.8297500610352,32.5513648986816,37.6559638977051,38.7026176452637,38.9264259338379,38.399715423584,37.6629066467285,38.3901748657227,39.8428993225098,39.3156814575195,36.1554336547852,35.0554084777832,-9999,-9999,-9999,-9999,-9999,-9999,-9999,-9999,-9999,-9999,-9999,-9999,-9999,-9999,-9999,-9999
-9999,-9999,-9999,-9999,-9999,-9999,-9999,-9999,-9999,-9999,-9999,-9999,33.3074722290039,31.919864654541,-9999,31.5926189422607,33.0602035522461,34.6008338928223,33.9504241943359,31.347785949707,34.0941162109375,37.034122467041,36.0890426635742,35.1185188293457,35.8369598388672,37.1543846130371,40.5800094604492,42.477725982666,42.321403503418,41.8487434387207,41.6846809387207,41.7233390808105,41.7737083435059,41.5738677978516,41.2024536132813,41.3150825500488,40.9386291503906,41.0232734680176,40.8706207275391,40.4675102233887,40.3887023925781,41.2719116210938,41.0762557983398,40.8095703125,40.6524391174316,40.959342956543,41.7859001159668,41.3792610168457,39.8029823303223,37.2171478271484,34.7973518371582,32.3123817443848,32.0210113525391,32.5143661499023,35.7265815734863,37.5695953369141,36.4852676391602,35.9498596191406,36.2643241882324,38.732364654541,41.4243125915527,42.6502418518066,43.2732734680176,43.382209777832,43.3676109313965,43.1846046447754,43.017448425293,-9999,-9999,-9999,-9999,-9999,-9999,-9999,-9999,-9999,-9999,-9999,-9999,-9999,-9999,-9999,-9999,-9999,-9999,-9999,41.1740684509277,41.0187797546387,40.7709579467773,40.411262512207,39.973201751709,39.7288627624512,39.5556678771973,39.7277450561523,39.9540252685547,39.0725326538086,37.9914970397949,35.3210678100586,32.4193916320801,30.8676795959473,27.8840274810791,22.6128101348877,21.1113548278809,23.1651763916016,27.6725292205811,32.232723236084,33.5673599243164,34.5545845031738,38.1927719116211,41.3474578857422,39.6108818054199,38.3348922729492,39.3338470458984,36.6481742858887,34.7874870300293,-9999,-9999,-9999,-9999,-9999,-9999,-9999,-9999,-9999,-9999,-9999,-9999,-9999,-9999,-9999,-9999
-9999,-9999,-9999,-9999,-9999,-9999,-9999,-9999,-9999,-9999,30.9792098999023,32.8684959411621,34.3800277709961,31.934326171875,31.6853904724121,29.5276622772217,31.6956768035889,36.0480194091797,35.442626953125,33.049674987793,35.8779258728027,39.0944519042969,38.2672576904297,37.6142120361328,37.1972312927246,37.7713890075684,40.3373489379883,41.8857154846191,41.4679870605469,41.9629554748535,43.0155448913574,43.4822044372559,43.0731201171875,43.2741584777832,42.9326324462891,42.5159111022949,42.5688667297363,42.4195709228516,42.0929908752441,41.8449554443359,41.6553993225098,41.4448051452637,41.4687805175781,41.3882865905762,41.6515312194824,41.6900024414063,42.0711326599121,42.2579803466797,41.3534164428711,39.4718818664551,36.8514556884766,33.7507858276367,33.6268539428711,33.8662872314453,36.2872200012207,38.1693000793457,37.5067443847656,38.0694313049316,38.1640586853027,39.8632278442383,41.8257598876953,42.5987701416016,42.9162368774414,42.9595565795898,42.9400215148926,42.8512382507324,-9999,-9999,-9999,-9999,-9999,-9999,-9999,-9999,-9999,-9999,-9999,-9999,-9999,-9999,-9999,-9999,-9999,-9999,-9999,-9999,-9999,40.7143363952637,40.4644737243652,40.1255569458008,39.7250862121582,39.4790115356445,39.2861328125,39.3560218811035,39.4618339538574,39.3155212402344,38.8974189758301,36.420711517334,33.5873947143555,31.9466114044189,29.4038505554199,25.0051822662354,21.8389549255371,20.9079189300537,23.2510795593262,27.1378345489502,30.4194889068604,33.1874961853027,37.048454284668,40.2430458068848,38.2101135253906,36.4474487304688,38.1307792663574,35.4949226379395,33.3995132446289,-9999,-9999,-9999,-9999,-9999,-9999,-9999,-9999,-9999,-9999,-9999,-9999,-9999,-9999,-9999,-9999
-9999,-9999,-9999,-9999,-9999,-9999,-9999,-9999,27.8126831054688,28.6835041046143,29.0865364074707,29.1191005706787,30.1650848388672,32.2529563903809,31.4671173095703,29.7034130096436,31.8453388214111,36.3290939331055,36.2154579162598,35.1389312744141,37.661979675293,40.8571929931641,40.3467445373535,39.3215560913086,39.332389831543,39.1849746704102,39.1932983398438,39.2854499816895,39.0915565490723,40.2781944274902,43.1859931945801,44.2368316650391,44.154167175293,44.1384582519531,44.1838340759277,43.9175987243652,43.7005310058594,43.3965301513672,43.3549499511719,43.1202239990234,42.8813667297363,42.6299018859863,42.5200347900391,42.4475173950195,42.384765625,42.3520278930664,42.4064445495605,42.4678916931152,42.5185852050781,42.5525016784668,40.499095916748,38.0406799316406,38.1367797851563,38.2179527282715,38.4196128845215,38.5295906066895,38.2726860046387,38.6813354492188,40.2240333557129,41.385368347168,41.9318466186523,42.1935806274414,-9999,-9999,-9999,-9999,-9999,-9999,-9999,-9999,-9999,-9999,-9999,-9999,-9999,-9999,-9999,-9999,-9999,-9999,-9999,-9999,-9999,-9999,-9999,-9999,-9999,-9999,40.1161193847656,39.8044967651367,39.4653282165527,39.2587776184082,39.1001739501953,39.0731925964355,39.0665588378906,39.2910003662109,39.3143463134766,37.8460464477539,35.8340911865234,32.6124954223633,30.1490154266357,29.0860500335693,25.9187259674072,20.1394329071045,19.8210754394531,22.4982948303223,28.3909378051758,33.5925674438477,35.2468719482422,36.6335144042969,35.2006492614746,34.1361694335938,36.5306396484375,34.5499267578125,33.3630828857422,-9999,-9999,-9999,-9999,-9999,-9999,-9999,-9999,-9999,-9999,-9999,-9999,-9999,-9999,-9999,-9999
-9999,-9999,-9999,-9999,-9999,-9999,-9999,-9999,26.2984104156494,27.614070892334,28.7428169250488,28.2791633605957,28.4899272918701,29.0428314208984,29.5637397766113,30.535285949707,33.4199562072754,37.407829284668,37.6608924865723,37.0043907165527,37.7402725219727,39.3634643554688,40.3643112182617,41.0025749206543,40.8574638366699,40.5613632202148,40.2270622253418,39.834342956543,39.5156402587891,40.343635559082,42.1178283691406,42.672908782959,42.5143203735352,42.4067344665527,42.2026023864746,41.9983520507813,41.9177856445313,41.6967430114746,41.5375366210938,41.2913093566895,41.1830863952637,41.0186233520508,41.2418441772461,41.980583190918,42.2679214477539,42.2115821838379,42.1243171691895,41.993236541748,42.1061172485352,42.2550239562988,41.1945915222168,40.0107421875,40.2573852539063,40.3770599365234,40.2659683227539,40.0492782592773,39.7699241638184,40.1100120544434,40.9866790771484,41.5344429016113,41.8434906005859,41.9632568359375,-9999,-9999,-9999,-9999,-9999,-9999,-9999,-9999,-9999,-9999,-9999,-9999,-9999,-9999,-9999,-9999,-9999,-9999,-9999,-9999,-9999,-9999,-9999,-9999,-9999,-9999,-9999,-9999,39.0717468261719,38.9061851501465,38.7835731506348,38.7314949035645,38.6878433227539,38.9028854370117,38.9783325195313,38.0359878540039,36.7995910644531,34.4655380249023,32.3928527832031,30.5155906677246,27.8328666687012,23.781494140625,21.5232887268066,20.2955570220947,25.0108051300049,30.0907497406006,31.3346462249756,32.1738052368164,31.586742401123,31.5183773040771,34.6047439575195,31.3204326629639,30.345817565918,-9999,-9999,-9999,-9999,-9999,-9999,-9999,-9999,-9999,-9999,-9999,-9999,-9999,-9999,-9999,-9999
-9999,-9999,-9999,-9999,-9999,-9999,20.7833290100098,26.1121444702148,26.2151527404785,26.2266674041748,27.6140270233154,28.3626861572266,28.0480308532715,26.0805568695068,27.3357105255127,32.3127098083496,35.9824523925781,39.1495628356934,39.4512672424316,38.4626579284668,37.8008613586426,37.2439422607422,39.9550476074219,42.0611038208008,42.0042343139648,41.9790153503418,41.6040954589844,41.2887344360352,40.9088973999023,40.6585578918457,40.3780899047852,40.0921974182129,39.7656326293945,39.5165977478027,39.3203506469727,39.147876739502,38.9499626159668,38.9125709533691,38.8655891418457,38.7514686584473,38.650218963623,38.5169792175293,39.241771697998,41.1631774902344,41.9701271057129,41.8621215820313,41.6008186340332,41.2492752075195,41.0257339477539,40.8193016052246,40.9269981384277,41.076171875,41.2776908874512,41.4738693237305,41.4801826477051,41.3954696655273,41.1333656311035,40.9787254333496,40.9987182617188,41.2582740783691,41.7054672241211,-9999,-9999,-9999,-9999,-9999,-9999,-9999,-9999,-9999,-9999,-9999,-9999,-9999,-9999,-9999,-9999,-9999,-9999,-9999,-9999,-9999,-9999,-9999,-9999,-9999,-9999,-9999,-9999,-9999,-9999,-9999,-9999,38.3679008483887,38.3072280883789,38.4172172546387,38.451358795166,37.938850402832,37.3807258605957,36.5711669921875,34.8260879516602,31.2769546508789,28.9731845855713,28.2757377624512,24.683256149292,18.5127601623535,20.3107452392578,24.5819721221924,25.7698860168457,26.9609241485596,27.3104419708252,28.3438606262207,32.2749252319336,30.1649494171143,-9999,-9999,-9999,-9999,-9999,-9999,-9999,-9999,-9999,-9999,-9999,-9999,-9999,-9999,-9999,-9999,-9999
-9999,-9999,-9999,-9999,-9999,-9999,26.1309814453125,26.1469917297363,25.888786315918,26.0211887359619,26.0251998901367,28.9829654693604,31.0888290405273,31.9265193939209,33.2986259460449,34.8198699951172,37.3660659790039,40.0704040527344,40.1734161376953,39.3478126525879,38.8566398620605,38.3289222717285,40.412670135498,42.091381072998,42.0813598632813,41.9197959899902,41.7176513671875,41.524227142334,41.1719284057617,40.8044090270996,40.3722534179688,40.1103439331055,39.8481254577637,39.5602836608887,39.275520324707,39.4582176208496,39.708568572998,39.6596832275391,39.5871963500977,39.4350357055664,39.2981376647949,39.224437713623,39.6094551086426,40.6723251342773,41.1278114318848,41.0737762451172,40.866886138916,40.5495452880859,40.4360733032227,40.3809585571289,40.5021553039551,40.6496124267578,40.743278503418,40.8302955627441,40.8776550292969,40.8612022399902,40.6777992248535,40.5559730529785,40.5158958435059,-9999,-9999,-9999,-9999,-9999,-9999,-9999,-9999,-9999,-9999,-9999,-9999,-9999,-9999,-9999,-9999,-9999,-9999,-9999,-9999,-9999,-9999,-9999,-9999,-9999,-9999,-9999,-9999,-9999,-9999,-9999,-9999,-9999,-9999,-9999,37.9023208618164,37.9626121520996,37.9928207397461,37.8148880004883,37.5409049987793,36.9851760864258,35.9499778747559,34.1004791259766,31.8218612670898,29.181812286377,26.288969039917,22.743824005127,21.4619655609131,21.0050849914551,24.3777751922607,27.4090881347656,28.6898307800293,29.8466186523438,31.5326728820801,29.1671905517578,30.0894145965576,27.7662658691406,-9999,-9999,-9999,-9999,-9999,-9999,-9999,-9999,-9999,-9999,-9999,-9999,-9999,-9999,-9999
-9999,-9999,-9999,-9999,25.0984687805176,26.6737194061279,26.2419872283936,25.9927825927734,25.8481845855713,25.9258460998535,26.9557666778564,31.2601661682129,34.6369781494141,37.4625358581543,38.3439178466797,37.3155059814453,38.3250312805176,40.5088500976563,40.7170639038086,40.1981239318848,39.7211685180664,39.2274742126465,40.3529357910156,41.3438949584961,41.4336242675781,41.4739761352539,41.364673614502,41.2231407165527,41.0359725952148,40.7846527099609,40.5051422119141,40.2188529968262,39.9294929504395,39.6107368469238,39.3124847412109,39.9003143310547,40.5812530517578,40.4967575073242,40.4004325866699,40.195384979248,40.0260238647461,39.9984550476074,40.0113983154297,40.096565246582,40.136833190918,40.1388053894043,40.0110740661621,39.8093032836914,39.8727836608887,40.0075836181641,40.0510368347168,40.0808792114258,40.0625801086426,40.0601387023926,-9999,-9999,-9999,-9999,-9999,-9999,-9999,-9999,-9999,-9999,-9999,-9999,-9999,-9999,-9999,-9999,-9999,-9999,-9999,-9999,-9999,-9999,-9999,-9999,-9999,-9999,-9999,-9999,-9999,-9999,-9999,-9999,-9999,-9999,-9999,-9999,-9999,-9999,-9999,-9999,-9999,37.5034561157227,37.5344581604004,37.6741676330566,37.6570739746094,37.1699028015137,36.8273811340332,36.6193733215332,34.3999252319336,30.0434951782227,27.8020267486572,26.7287425994873,22.9293766021729,17.8680267333984,23.0351581573486,28.2085132598877,29.9185829162598,31.2658424377441,30.9502601623535,22.2387008666992,22.7256278991699,28.100191116333,28.9756813049316,-9999,-9999,-9999,-9999,-9999,-9999,-9999,-9999,-9999,-9999,-9999,-9999,-9999,-9999
-9999,-9999,-9999,-9999,30.5257148742676,28.3095474243164,27.3396663665771,25.7562255859375,26.389331817627,27.9658107757568,30.5334587097168,33.5591201782227,36.1527214050293,38.1434593200684,39.1597480773926,39.2389450073242,39.6827011108398,40.3722457885742,40.1976470947266,39.7057876586914,39.9666061401367,40.3548316955566,40.7519989013672,41.1015663146973,41.1148529052734,41.1154747009277,41.0712661743164,40.9922637939453,40.8514289855957,40.6758651733398,40.4639625549316,40.2698860168457,40.0903778076172,39.9354476928711,39.7827491760254,39.9887771606445,40.2359275817871,40.0351486206055,39.8229827880859,39.5353813171387,39.2902183532715,39.1789360046387,39.1139106750488,39.1189613342285,39.1199111938477,39.1144981384277,39.0351219177246,-9999,-9999,-9999,-9999,-9999,-9999,-9999,-9999,-9999,-9999,-9999,-9999,-9999,-9999,-9999,-9999,-9999,-9999,-9999,-9999,-9999,-9999,-9999,-9999,-9999,-9999,-9999,-9999,-9999,-9999,-9999,-9999,-9999,-9999,-9999,-9999,-9999,-9999,-9999,-9999,-9999,-9999,-9999,-9999,-9999,-9999,-9999,-9999,-9999,37.1394004821777,37.2545356750488,37.2966117858887,37.1279525756836,36.6708030700684,35.6772766113281,33.4174919128418,29.8173999786377,27.8642692565918,26.7726516723633,22.3383331298828,16.1670017242432,19.4566097259521,23.4345207214355,25.1470108032227,26.5256462097168,27.2880840301514,28.1478118896484,21.7302513122559,26.4473533630371,24.8178577423096,-9999,-9999,-9999,-9999,-9999,-9999,-9999,-9999,-9999,-9999,-9999,-9999,-9999,-9999
-9999,-9999,-9999,-9999,-9999,30.6893253326416,28.6460151672363,28.6666393280029,27.479679107666,31.2198734283447,34.1104965209961,35.9632186889648,37.5418891906738,38.7649345397949,39.7009925842285,40.4026298522949,40.3690910339355,39.8442573547363,39.5139312744141,39.2585334777832,-9999,-9999,-9999,-9999,-9999,-9999,-9999,-9999,-9999,-9999,-9999,-9999,-9999,40.013614654541,39.9688453674316,39.8579902648926,39.737720489502,39.442798614502,-9999,-9999,-9999,-9999,-9999,-9999,-9999,-9999,-9999,-9999,-9999,-9999,-9999,-9999,-9999,-9999,-9999,-9999,-9999,-9999,-9999,-9999,-9999,-9999,-9999,-9999,-9999,-9999,-9999,-9999,-9999,-9999,-9999,-9999,-9999,-9999,-9999,-9999,-9999,-9999,-9999,-9999,-9999,-9999,-9999,-9999,-9999,-9999,-9999,-9999,-9999,-9999,-9999,-9999,-9999,-9999,-9999,-9999,36.7514343261719,36.8628273010254,36.9677505493164,37.0654106140137,36.5883636474609,35.1010704040527,33.0436553955078,30.3219509124756,28.3940544128418,26.8599014282227,22.1971378326416,15.9040575027466,17.0645332336426,18.8117713928223,20.4738616943359,22.0057792663574,23.4291191101074,24.7619609832764,24.878303527832,22.0356483459473,-9999,-9999,-9999,-9999,-9999,-9999,-9999,-9999,-9999,-9999,-9999,-9999,-9999,-9999,-9999
-9999,-9999,-9999,-9999,-9999,30.3131313323975,30.3317012786865,31.157154083252,32.4468994140625,36.2473564147949,39.002815246582,39.4340591430664,39.8219604492188,40.4258270263672,40.683765411377,40.5734558105469,40.1892356872559,39.6144180297852,-9999,-9999,-9999,-9999,-9999,-9999,-9999,-9999,-9999,-9999,-9999,-9999,-9999,-9999,-9999,-9999,-9999,-9999,-9999,-9999,-9999,-9999,-9999,-9999,-9999,-9999,-9999,-9999,-9999,-9999,-9999,-9999,-9999,-9999,-9999,-9999,-9999,-9999,-9999,-9999,-9999,-9999,-9999,-9999,-9999,-9999,-9999,-9999,-9999,-9999,-9999,-9999,-9999,-9999,-9999,-9999,-9999,-9999,-9999,-9999,-9999,-9999,-9999,-9999,-9999,-9999,-9999,-9999,-9999,-9999,-9999,-9999,-9999,-9999,-9999,-9999,-9999,-9999,-9999,36.6222991943359,36.7948341369629,36.9002914428711,36.8059196472168,36.3723449707031,35.445728302002,33.9534454345703,31.2512760162354,27.6360111236572,24.4813060760498,21.3785190582275,18.682861328125,16.1159858703613,19.9151554107666,22.1071624755859,20.5555000305176,20.4659881591797,21.5898246765137,19.0899028778076,-9999,-9999,-9999,-9999,-9999,-9999,-9999,-9999,-9999,-9999,-9999,-9999,-9999,-9999,-9999
-9999,-9999,30.6183967590332,30.5494995117188,30.5416660308838,30.1345863342285,30.7264060974121,33.4799194335938,36.3726425170898,39.468677520752,41.6363677978516,41.2821960449219,41.0640754699707,41.2946014404297,41.1080741882324,40.4098587036133,39.7686004638672,-9999,-9999,-9999,-9999,-9999,-9999,-9999,-9999,-9999,-9999,-9999,-9999,-9999,-9999,-9999,-9999,-9999,-9999,-9999,-9999,-9999,-9999,-9999,-9999,-9999,-9999,-9999,-9999,-9999,-9999,-9999,-9999,-9999,-9999,-9999,-9999,-9999,-9999,-9999,-9999,-9999,-9999,-9999,-9999,-9999,-9999,-9999,-9999,-9999,-9999,-9999,-9999,-9999,-9999,-9999,-9999,-9999,-9999,-9999,-9999,-9999,-9999,-9999,-9999,-9999,-9999,-9999,-9999,-9999,-9999,-9999,-9999,-9999,-9999,-9999,-9999,-9999,-9999,-9999,-9999,36.3610382080078,36.580867767334,36.6822090148926,36.8460388183594,37.1052894592285,36.9794654846191,36.4022521972656,33.8513298034668,29.7782936096191,27.0869007110596,25.0266418457031,20.7448616027832,15.7448129653931,18.9461936950684,21.0251483917236,17.9504013061523,16.9359397888184,21.2132720947266,17.7806701660156,-9999,-9999,-9999,-9999,-9999,-9999,-9999,-9999,-9999,-9999,-9999,-9999,-9999,-9999,-9999
-9999,-9999,-9999,-9999,30.6958389282227,30.1637134552002,30.6994476318359,35.2995910644531,39.0688209533691,40.1669273376465,40.8068618774414,40.6580963134766,40.5444412231445,40.6487274169922,40.3259315490723,39.4911613464355,-9999,-9999,-9999,-9999,-9999,-9999,-9999,-9999,-9999,-9999,-9999,-9999,-9999,-9999,-9999,-9999,-9999,-9999,-9999,-9999,-9999,-9999,-9999,-9999,-9999,-9999,-9999,-9999,-9999,-9999,-9999,-9999,-9999,-9999,-9999,-9999,-9999,-9999,-9999,-9999,-9999,-9999,-9999,-9999,-9999,-9999,-9999,-9999,-9999,-9999,-9999,-9999,-9999,-9999,-9999,-9999,-9999,-9999,-9999,-9999,-9999,-9999,-9999,-9999,-9999,-9999,-9999,-9999,-9999,-9999,-9999,-9999,-9999,-9999,-9999,-9999,-9999,-9999,-9999,-9999,-9999,36.057746887207,36.2775535583496,36.3463935852051,36.4985122680664,36.7794303894043,36.9555435180664,36.9835510253906,36.0340270996094,34.3735656738281,30.4694747924805,25.5554141998291,22.9328365325928,20.6279220581055,19.0680065155029,17.3162841796875,16.1349620819092,15.978515625,17.4342651367188,18.9140758514404,-9999,-9999,-9999,-9999,-9999,-9999,-9999,-9999,-9999,-9999,-9999,-9999,-9999,-9999,-9999
-9999,-9999,-9999,-9999,30.8034534454346,30.8651084899902,31.5193481445313,36.4448089599609,40.4445457458496,40.4898986816406,40.2821350097656,40.3733024597168,40.3560943603516,40.1553497314453,39.6198120117188,-9999,-9999,-9999,-9999,-9999,-9999,-9999,-9999,-9999,-9999,-9999,-9999,-9999,-9999,-9999,-9999,-9999,-9999,-9999,-9999,-9999,-9999,-9999,-9999,-9999,-9999,-9999,-9999,-9999,-9999,-9999,-9999,-9999,-9999,-9999,-9999,-9999,-9999,-9999,-9999,-9999,-9999,-9999,-9999,-9999,-9999,-9999,-9999,-9999,-9999,-9999,-9999,-9999,-9999,-9999,-9999,-9999,-9999,-9999,-9999,-9999,-9999,-9999,-9999,-9999,-9999,-9999,-9999,-9999,-9999,-9999,-9999,-9999,-9999,-9999,-9999,-9999,-9999,-9999,-9999,-9999,-9999,35.7128868103027,35.9411697387695,35.9841156005859,36.0953674316406,36.3074188232422,36.5622100830078,36.8509330749512,36.7624702453613,36.3864479064941,32.1119728088379,25.9695663452148,24.2974033355713,23.1700859069824,18.5392570495605,14.3813486099243,15.2531518936157,15.90651512146,15.8682403564453,16.7240428924561,13.5890445709229,-9999,-9999,-9999,-9999,-9999,-9999,-9999,-9999,-9999,-9999,-9999,-9999,-9999,-9999
-9999,-9999,-9999,-9999,31.1536884307861,31.0870475769043,32.1094360351563,36.4817352294922,40.4148178100586,40.4308013916016,40.2344360351563,40.5749893188477,40.5761032104492,39.8727531433105,39.0268058776855,-9999,-9999,-9999,-9999,-9999,-9999,-9999,-9999,-9999,-9999,-9999,-9999,-9999,-9999,-9999,-9999,-9999,-9999,-9999,-9999,-9999,-9999,-9999,-9999,-9999,-9999,-9999,-9999,-9999,-9999,-9999,-9999,-9999,-9999,-9999,-9999,-9999,-9999,-9999,-9999,-9999,-9999,-9999,-9999,-9999,-9999,-9999,-9999,-9999,-9999,-9999,-9999,-9999,-9999,-9999,-9999,-9999,-9999,-9999,-9999,-9999,-9999,-9999,-9999,-9999,-9999,-9999,-9999,-9999,-9999,-9999,-9999,-9999,-9999,-9999,-9999,-9999,-9999,-9999,-9999,-9999,-9999,35.3149070739746,35.5631065368652,35.5895042419434,35.6169395446777,35.636905670166,35.6822280883789,35.7481002807617,35.7140808105469,35.5878715515137,31.7337760925293,26.1708602905273,24.3417720794678,22.9301624298096,17.5442409515381,12.7124290466309,15.3644781112671,16.7176475524902,17.317361831665,17.6883544921875,18.7367076873779,14.1594333648682,-9999,-9999,-9999,-9999,-9999,-9999,-9999,-9999,-9999,-9999,-9999,-9999,-9999
-9999,-9999,-9999,-9999,26.6907768249512,31.202220916748,32.1397361755371,36.0733833312988,38.9232025146484,39.1312828063965,39.2054214477539,40.0834808349609,40.3820915222168,39.5473976135254,-9999,-9999,-9999,-9999,-9999,-9999,-9999,-9999,-9999,-9999,-9999,-9999,-9999,-9999,-9999,-9999,-9999,-9999,-9999,-9999,-9999,-9999,-9999,-9999,-9999,-9999,-9999,-9999,-9999,-9999,-9999,-9999,-9999,-9999,-9999,-9999,-9999,-9999,-9999,-9999,-9999,-9999,-9999,-9999,-9999,-9999,-9999,-9999,-9999,-9999,-9999,-9999,-9999,-9999,-9999,-9999,-9999,-9999,-9999,-9999,-9999,-9999,-9999,-9999,-9999,-9999,-9999,-9999,-9999,-9999,-9999,-9999,-9999,-9999,-9999,-9999,-9999,-9999,-9999,-9999,-9999,-9999,-9999,34.8804206848145,35.1467933654785,35.1879501342773,35.185173034668,35.1009750366211,35.0976142883301,35.1730308532715,35.0022888183594,34.677433013916,32.4766159057617,29.5182209014893,26.3788051605225,22.9453716278076,18.5752029418945,14.7203130722046,15.3590183258057,15.9779853820801,16.4982223510742,17.3810405731201,18.331169128418,18.8596591949463,16.9890060424805,16.5324516296387,-9999,-9999,-9999,-9999,-9999,-9999,-9999,-9999,-9999,-9999,-9999
-9999,-9999,-9999,-9999,29.2807216644287,31.3845691680908,32.6058311462402,34.1936988830566,36.1266136169434,36.6578750610352,37.328426361084,39.041934967041,39.8712692260742,39.190601348877,-9999,-9999,-9999,-9999,-9999,-9999,-9999,-9999,-9999,-9999,-9999,-9999,-9999,-9999,-9999,-9999,-9999,-9999,-9999,-9999,-9999,-9999,-9999,-9999,-9999,-9999,-9999,-9999,-9999,-9999,-9999,-9999,-9999,-9999,-9999,-9999,-9999,-9999,-9999,-9999,-9999,-9999,-9999,-9999,-9999,-9999,-9999,-9999,-9999,-9999,-9999,-9999,-9999,-9999,-9999,-9999,-9999,-9999,-9999,-9999,-9999,-9999,-9999,-9999,-9999,-9999,-9999,-9999,-9999,-9999,-9999,-9999,-9999,-9999,-9999,-9999,-9999,-9999,-9999,-9999,-9999,-9999,-9999,-9999,34.6987075805664,34.7794151306152,34.7877731323242,34.6713714599609,34.7495460510254,35.0172729492188,34.565013885498,33.6464309692383,33.9540176391602,34.5471572875977,29.6297626495361,23.111083984375,21.1893615722656,19.007833480835,15.6498794555664,13.5635356903076,14.2570915222168,15.6149730682373,17.7198925018311,18.6152839660645,18.9567718505859,-9999,-9999,-9999,-9999,-9999,-9999,-9999,-9999,-9999,-9999,-9999,-9999
-9999,-9999,-9999,-9999,28.6574668884277,30.6823310852051,30.5039539337158,31.5353736877441,32.6689491271973,34.7426338195801,36.9025459289551,38.2835350036621,38.970531463623,38.7416610717773,-9999,-9999,-9999,-9999,-9999,-9999,-9999,-9999,-9999,-9999,-9999,-9999,-9999,-9999,-9999,-9999,-9999,-9999,-9999,-9999,-9999,-9999,-9999,-9999,-9999,-9999,-9999,-9999,-9999,-9999,-9999,-9999,-9999,-9999,-9999,-9999,-9999,-9999,-9999,-9999,-9999,-9999,-9999,-9999,-9999,-9999,-9999,-9999,-9999,-9999,-9999,-9999,-9999,-9999,-9999,-9999,-9999,-9999,-9999,-9999,-9999,-9999,-9999,-9999,-9999,-9999,-9999,-9999,-9999,-9999,-9999,-9999,-9999,-9999,-9999,-9999,-9999,-9999,-9999,-9999,-9999,-9999,-9999,-9999,34.2904434204102,34.3866577148438,34.408317565918,34.3024673461914,34.4305381774902,34.7800369262695,34.5404281616211,33.9310722351074,34.7952766418457,35.9751853942871,30.6372833251953,23.4076957702637,21.9919872283936,20.1118392944336,15.524621963501,12.0825653076172,12.493088722229,13.8347616195679,16.9529685974121,23.5466403961182,32.0779838562012,29.8649387359619,34.3854293823242,-9999,-9999,-9999,-9999,-9999,-9999,-9999,-9999,-9999,-9999
-9999,-9999,-9999,-9999,-9999,22.1595191955566,28.0673179626465,29.2424240112305,28.7224712371826,33.3449859619141,36.833381652832,37.4977760314941,37.8601493835449,38.2445259094238,-9999,-9999,-9999,-9999,-9999,-9999,-9999,-9999,-9999,-9999,-9999,-9999,-9999,-9999,-9999,-9999,-9999,-9999,-9999,-9999,-9999,-9999,-9999,-9999,-9999,-9999,-9999,-9999,-9999,-9999,-9999,-9999,-9999,-9999,-9999,-9999,-9999,-9999,-9999,-9999,-9999,-9999,-9999,-9999,-9999,-9999,-9999,-9999,-9999,-9999,-9999,-9999,-9999,-9999,-9999,-9999,-9999,-9999,-9999,-9999,-9999,-9999,-9999,-9999,-9999,-9999,-9999,-9999,-9999,-9999,-9999,-9999,-9999,-9999,-9999,-9999,-9999,-9999,-9999,-9999,-9999,-9999,-9999,-9999,33.8961601257324,33.9977035522461,34.0338935852051,33.9614906311035,34.1238212585449,34.5048065185547,34.6992530822754,34.7720489501953,35.4374046325684,36.1220092773438,30.7930545806885,23.7721900939941,22.1139316558838,19.898078918457,14.9896869659424,10.9381542205811,10.6366338729858,12.2936754226685,16.09255027771,23.1308536529541,31.4365730285645,34.0726318359375,35.0920486450195,32.1199722290039,-9999,-9999,-9999,-9999,-9999,-9999,-9999,-9999,-9999
-9999,-9999,-9999,-9999,-9999,25.1505908966064,26.4461097717285,26.1243572235107,27.8224849700928,33.114185333252,36.8101577758789,37.1708030700684,37.5605926513672,38.0467109680176,-9999,-9999,-9999,-9999,-9999,-9999,-9999,-9999,-9999,-9999,-9999,-9999,-9999,-9999,-9999,-9999,-9999,-9999,-9999,-9999,-9999,-9999,-9999,-9999,-9999,-9999,-9999,-9999,-9999,-9999,-9999,-9999,-9999,-9999,-9999,-9999,-9999,-9999,-9999,-9999,-9999,-9999,-9999,-9999,-9999,-9999,-9999,-9999,-9999,-9999,-9999,-9999,-9999,-9999,-9999,-9999,-9999,-9999,-9999,-9999,-9999,-9999,-9999,-9999,-9999,-9999,-9999,-9999,-9999,-9999,-9999,-9999,-9999,-9999,-9999,-9999,-9999,-9999,-9999,-9999,-9999,-9999,-9999,-9999,33.5086936950684,33.6179885864258,33.6728172302246,33.6445083618164,33.7872123718262,34.0839462280273,34.2889671325684,34.4229545593262,35.127857208252,35.8474502563477,30.795482635498,24.0527877807617,22.2979774475098,20.118595123291,14.7829904556274,10.9374494552612,11.7928524017334,13.5755643844604,17.0611457824707,22.5321922302246,29.1255912780762,33.5806274414063,37.0853271484375,37.8003044128418,-9999,-9999,-9999,-9999,-9999,-9999,-9999,-9999,-9999
-9999,-9999,-9999,-9999,-9999,25.1415824890137,25.1710624694824,26.1979560852051,27.3014373779297,32.8560447692871,36.869327545166,37.1301231384277,37.431884765625,37.9116172790527,-9999,-9999,-9999,-9999,-9999,-9999,-9999,-9999,-9999,-9999,-9999,-9999,-9999,-9999,-9999,-9999,-9999,-9999,-9999,-9999,-9999,-9999,-9999,-9999,-9999,-9999,-9999,-9999,-9999,-9999,-9999,-9999,-9999,-9999,-9999,-9999,-9999,-9999,-9999,-9999,-9999,-9999,-9999,-9999,-9999,-9999,-9999,-9999,-9999,-9999,-9999,-9999,-9999,-9999,-9999,-9999,-9999,-9999,-9999,-9999,-9999,-9999,-9999,-9999,-9999,-9999,-9999,-9999,-9999,-9999,-9999,-9999,-9999,-9999,-9999,-9999,-9999,-9999,-9999,-9999,-9999,-9999,-9999,-9999,-9999,33.2356719970703,33.3110160827637,33.3311347961426,33.4422454833984,33.6311454772949,33.7540092468262,33.814208984375,34.6505928039551,35.5303840637207,30.7315044403076,24.3111324310303,22.6281547546387,20.3761043548584,14.738694190979,10.9536876678467,13.1253871917725,15.2902307510376,18.2781028747559,22.0035285949707,25.6888999938965,31.455020904541,36.6922950744629,37.7939186096191,-9999,-9999,-9999,-9999,-9999,-9999,-9999,-9999,-9999
-9999,-9999,-9999,-9999,-9999,-9999,24.2461109161377,24.8222846984863,25.8630104064941,32.2163696289063,36.3991088867188,36.8426094055176,37.1801338195801,-9999,-9999,-9999,-9999,-9999,-9999,-9999,-9999,-9999,-9999,-9999,-9999,-9999,-9999,-9999,-9999,-9999,-9999,-9999,-9999,-9999,-9999,-9999,-9999,-9999,-9999,-9999,-9999,-9999,-9999,-9999,-9999,-9999,-9999,-9999,-9999,-9999,-9999,-9999,-9999,-9999,-9999,-9999,-9999,-9999,-9999,-9999,-9999,-9999,-9999,-9999,-9999,-9999,-9999,-9999,-9999,-9999,-9999,-9999,-9999,-9999,-9999,-9999,-9999,-9999,-9999,-9999,-9999,-9999,-9999,-9999,-9999,-9999,-9999,-9999,-9999,-9999,-9999,-9999,-9999,-9999,-9999,-9999,-9999,-9999,-9999,32.9659042358398,33.0665588378906,33.1269760131836,33.2265014648438,33.3544998168945,33.6764793395996,34.0911445617676,34.6127815246582,35.0133056640625,30.4813671112061,24.5945777893066,22.9930686950684,21.062032699585,17.8416156768799,15.0653228759766,13.5628242492676,13.506724357605,14.8559350967407,19.25390625,25.5606937408447,29.5612297058105,32.6486206054688,33.865421295166,-9999,-9999,-9999,-9999,-9999,-9999,-9999,-9999,-9999
-9999,-9999,-9999,-9999,-9999,-9999,22.8815574645996,22.5207443237305,24.6032829284668,31.2342052459717,36.0593032836914,36.5648612976074,36.9140472412109,-9999,-9999,-9999,-9999,-9999,-9999,-9999,-9999,-9999,-9999,-9999,-9999,-9999,-9999,-9999,-9999,-9999,-9999,-9999,-9999,-9999,-9999,-9999,-9999,-9999,-9999,-9999,-9999,-9999,-9999,-9999,-9999,-9999,-9999,-9999,-9999,-9999,-9999,-9999,-9999,-9999,-9999,-9999,-9999,-9999,-9999,-9999,-9999,-9999,-9999,-9999,-9999,-9999,-9999,-9999,-9999,-9999,-9999,-9999,-9999,-9999,-9999,-9999,-9999,-9999,-9999,-9999,-9999,-9999,-9999,-9999,-9999,-9999,-9999,-9999,-9999,-9999,-9999,-9999,-9999,-9999,-9999,-9999,-9999,-9999,-9999,32.7097282409668,32.8327598571777,32.9242362976074,33.0120697021484,33.0893974304199,33.5986480712891,34.3414154052734,34.5618743896484,34.5175743103027,30.2616119384766,24.8488807678223,23.3703002929688,21.8629627227783,20.7040157318115,18.6489524841309,14.0749998092651,11.3851432800293,11.291841506958,16.5410804748535,25.1606178283691,27.6710433959961,27.8536624908447,24.0214385986328,17.6661415100098,15.9926118850708,-9999,-9999,-9999,-9999,-9999,-9999,-9999
-9999,-9999,-9999,-9999,-9999,-9999,21.563627243042,21.9426116943359,23.146484375,30.2585754394531,35.2949333190918,36.0222816467285,36.6355361938477,-9999,-9999,-9999,-9999,-9999,-9999,-9999,-9999,-9999,-9999,-9999,-9999,-9999,-9999,-9999,-9999,-9999,-9999,-9999,-9999,-9999,-9999,-9999,-9999,-9999,-9999,-9999,-9999,-9999,-9999,-9999,-9999,-9999,-9999,-9999,-9999,-9999,-9999,-9999,-9999,-9999,-9999,-9999,-9999,-9999,-9999,-9999,-9999,-9999,-9999,-9999,-9999,-9999,-9999,-9999,-9999,-9999,-9999,-9999,-9999,-9999,-9999,-9999,-9999,-9999,-9999,-9999,-9999,-9999,-9999,-9999,-9999,-9999,-9999,-9999,-9999,-9999,-9999,-9999,-9999,-9999,-9999,-9999,-9999,-9999,-9999,32.5759239196777,32.6695671081543,32.6946029663086,32.7551383972168,32.8391189575195,33.3289451599121,34.0399932861328,34.2686195373535,34.2785873413086,30.173412322998,24.9884643554688,23.6243209838867,22.2422065734863,20.9878005981445,18.6822109222412,13.9455060958862,11.599723815918,12.8671207427979,16.0448322296143,20.7837142944336,21.8974475860596,21.447021484375,19.8059616088867,17.2871322631836,13.3979682922363,8.07180118560791,-9999,-9999,-9999,-9999,-9999,-9999
-9999,-9999,-9999,-9999,-9999,-9999,-9999,-9999,-9999,-9999,-9999,-9999,-9999,-9999,-9999,-9999,-9999,-9999,-9999,-9999,-9999,-9999,-9999,-9999,-9999,-9999,-9999,-9999,-9999,-9999,-9999,-9999,-9999,-9999,-9999,-9999,-9999,-9999,-9999,-9999,-9999,-9999,-9999,-9999,-9999,-9999,-9999,-9999,-9999,-9999,-9999,-9999,-9999,-9999,-9999,-9999,-9999,-9999,-9999,-9999,-9999,-9999,-9999,-9999,-9999,-9999,-9999,-9999,-9999,-9999,-9999,-9999,-9999,-9999,-9999,-9999,-9999,-9999,-9999,-9999,-9999,-9999,-9999,-9999,-9999,-9999,-9999,-9999,-9999,-9999,-9999,-9999,-9999,-9999,-9999,-9999,-9999,-9999,-9999,-9999,32.4946250915527,32.4650993347168,32.5086097717285,32.6112976074219,33.0947303771973,33.7865371704102,34.0026702880859,33.992748260498,30.6048488616943,26.4088191986084,24.49462890625,22.594087600708,21.2685718536377,18.8265533447266,13.6303701400757,11.547966003418,14.033073425293,15.2236137390137,16.2771892547607,15.8934955596924,14.7868461608887,15.0898685455322,15.8549957275391,9.80984020233154,7.58749532699585,3.01667618751526,-9999,-9999,-9999,-9999,-9999
-9999,-9999,-9999,-9999,-9999,-9999,-9999,-9999,-9999,-9999,-9999,-9999,-9999,-9999,-9999,-9999,-9999,-9999,-9999,-9999,-9999,-9999,-9999,-9999,-9999,-9999,-9999,-9999,-9999,-9999,-9999,-9999,-9999,-9999,-9999,-9999,-9999,-9999,-9999,-9999,-9999,-9999,-9999,-9999,-9999,-9999,-9999,-9999,-9999,-9999,-9999,-9999,-9999,-9999,-9999,-9999,-9999,-9999,-9999,-9999,-9999,-9999,-9999,-9999,-9999,-9999,-9999,-9999,-9999,-9999,-9999,-9999,-9999,-9999,-9999,-9999,-9999,-9999,-9999,-9999,-9999,-9999,-9999,-9999,-9999,-9999,-9999,-9999,-9999,-9999,-9999,-9999,-9999,-9999,-9999,-9999,-9999,-9999,-9999,-9999,32.2834815979004,32.242374420166,32.3110160827637,32.4772033691406,33.0006141662598,33.7159652709961,33.8875160217285,33.8221244812012,33.041316986084,32.0505180358887,27.4434585571289,22.8426952362061,21.5020503997803,19.2857189178467,13.9275341033936,11.3302955627441,13.0918960571289,13.8310537338257,13.435920715332,12.1700134277344,10.1539335250854,9.58878040313721,9.64139652252197,6.68514490127563,3.33382749557495,3.25150108337402,2.76911950111389,-9999,-9999,-9999,-9999
-9999,-9999,-9999,-9999,-9999,-9999,-9999,-9999,-9999,-9999,-9999,-9999,-9999,-9999,-9999,-9999,-9999,-9999,-9999,-9999,-9999,-9999,-9999,-9999,-9999,-9999,-9999,-9999,-9999,-9999,-9999,-9999,-9999,-9999,-9999,-9999,-9999,-9999,-9999,-9999,-9999,-9999,-9999,-9999,-9999,-9999,-9999,-9999,-9999,-9999,-9999,-9999,-9999,-9999,-9999,-9999,-9999,-9999,-9999,-9999,-9999,-9999,-9999,-9999,-9999,-9999,-9999,-9999,-9999,-9999,-9999,-9999,-9999,-9999,-9999,-9999,-9999,-9999,-9999,-9999,-9999,-9999,-9999,-9999,-9999,-9999,-9999,-9999,-9999,-9999,-9999,-9999,-9999,-9999,-9999,-9999,-9999,-9999,-9999,-9999,32.0905380249023,32.0617332458496,32.1527366638184,32.3656730651855,32.8068923950195,33.3699150085449,33.6247329711914,33.7115707397461,34.5443687438965,35.2598762512207,29.2914562225342,23.0763664245605,21.8678417205811,19.5406875610352,14.1910820007324,11.2916440963745,12.4509935379028,12.2640762329102,11.0069122314453,9.23987102508545,7.32661867141724,6.23129653930664,5.09293174743652,4.21185541152954,3.40464019775391,2.74950623512268,2.51041102409363,-9999,-9999,-9999,-9999
-9999,-9999,-9999,-9999,-9999,-9999,-9999,-9999,-9999,-9999,-9999,-9999,-9999,-9999,-9999,-9999,-9999,-9999,-9999,-9999,-9999,-9999,-9999,-9999,-9999,-9999,-9999,-9999,-9999,-9999,-9999,-9999,-9999,-9999,-9999,-9999,-9999,-9999,-9999,-9999,-9999,-9999,-9999,-9999,-9999,-9999,-9999,-9999,-9999,-9999,-9999,-9999,-9999,-9999,-9999,-9999,-9999,-9999,-9999,-9999,-9999,-9999,-9999,-9999,-9999,-9999,-9999,-9999,-9999,-9999,-9999,-9999,-9999,-9999,-9999,-9999,-9999,-9999,-9999,-9999,-9999,-9999,-9999,-9999,-9999,-9999,-9999,-9999,-9999,-9999,-9999,-9999,-9999,-9999,-9999,-9999,-9999,-9999,-9999,-9999,-9999,31.9590816497803,32.0787811279297,32.3015556335449,32.4230575561523,32.4819564819336,33.0650863647461,33.7053680419922,34.6078109741211,35.3271064758301,29.4201011657715,23.2953052520752,22.1828689575195,19.9134674072266,14.5796785354614,11.6117515563965,12.4355382919312,11.7866849899292,9.47156429290771,8.46017169952393,7.90305089950562,6.34755992889404,3.88049364089966,3.1971640586853,2.84366750717163,2.51081299781799,2.24976873397827,-9999,-9999,3.29226040840149,3.33977723121643
-9999,-9999,-9999,-9999,-9999,-9999,-9999,-9999,-9999,-9999,-9999,-9999,-9999,-9999,-9999,-9999,-9999,-9999,-9999,-9999,-9999,-9999,-9999,-9999,-9999,-9999,-9999,-9999,-9999,-9999,-9999,-9999,-9999,-9999,-9999,-9999,-9999,-9999,-9999,-9999,-9999,-9999,-9999,-9999,-9999,-9999,-9999,-9999,-9999,-9999,-9999,-9999,-9999,-9999,-9999,-9999,-9999,-9999,-9999,-9999,-9999,-9999,-9999,-9999,-9999,-9999,-9999,-9999,-9999,-9999,-9999,-9999,-9999,-9999,-9999,-9999,-9999,-9999,-9999,-9999,-9999,-9999,-9999,-9999,-9999,-9999,-9999,-9999,-9999,-9999,-9999,-9999,-9999,-9999,-9999,-9999,-9999,-9999,-9999,-9999,-9999,-9999,32.0227432250977,32.1988830566406,32.155143737793,31.9695625305176,32.689826965332,33.5740051269531,34.5711326599121,35.3718490600586,29.5990219116211,23.341121673584,20.2380065917969,16.756778717041,12.6153907775879,10.3425426483154,10.7639389038086,9.7492036819458,7.48426294326782,6.97054767608643,6.99465370178223,5.70410919189453,3.07020473480225,2.67109394073486,2.77658677101135,2.60597062110901,2.57629871368408,2.97232842445374,3.25336980819702,3.28451538085938,3.35981392860413
-9999,-9999,-9999,-9999,-9999,-9999,-9999,-9999,-9999,-9999,-9999,-9999,-9999,-9999,-9999,-9999,-9999,-9999,-9999,-9999,-9999,-9999,-9999,-9999,-9999,-9999,-9999,-9999,-9999,-9999,-9999,-9999,-9999,-9999,-9999,-9999,-9999,-9999,-9999,-9999,-9999,-9999,-9999,-9999,-9999,-9999,-9999,-9999,-9999,-9999,-9999,-9999,-9999,-9999,-9999,-9999,-9999,-9999,-9999,-9999,-9999,-9999,-9999,-9999,-9999,-9999,-9999,-9999,-9999,-9999,-9999,-9999,-9999,-9999,-9999,-9999,-9999,-9999,-9999,-9999,-9999,-9999,-9999,-9999,-9999,-9999,-9999,-9999,-9999,-9999,-9999,-9999,-9999,-9999,-9999,-9999,-9999,-9999,-9999,-9999,-9999,-9999,-9999,32.056037902832,32.0179672241211,31.9006958007813,32.5113334655762,33.222412109375,34.4381141662598,35.4473037719727,29.88450050354,23.2378311157227,15.3855028152466,8.93560791015625,7.81529426574707,7.23807144165039,7.56953239440918,6.65206384658813,4.71156454086304,4.04234504699707,4.21510219573975,3.97787356376648,3.13212442398071,3.1507740020752,3.27294588088989,3.19860744476318,3.13724660873413,3.19299030303955,3.14743852615356,2.97836065292358,2.83337926864624
-9999,-9999,-9999,-9999,-9999,-9999,-9999,-9999,-9999,-9999,-9999,-9999,-9999,-9999,-9999,-9999,-9999,-9999,-9999,-9999,-9999,-9999,-9999,-9999,-9999,-9999,-9999,-9999,-9999,-9999,-9999,-9999,-9999,-9999,-9999,-9999,-9999,-9999,-9999,-9999,-9999,-9999,-9999,-9999,-9999,-9999,-9999,-9999,-9999,-9999,-9999,-9999,-9999,-9999,-9999,-9999,-9999,-9999,-9999,-9999,-9999,-9999,-9999,-9999,-9999,-9999,-9999,-9999,-9999,-9999,-9999,-9999,-9999,-9999,-9999,-9999,-9999,-9999,-9999,-9999,-9999,-9999,-9999,-9999,-9999,-9999,-9999,-9999,-9999,-9999,-9999,-9999,-9999,-9999,-9999,-9999,-9999,-9999,-9999,-9999,-9999,-9999,-9999,31.9204273223877,31.9682140350342,32.0427322387695,32.3988876342773,32.7557792663574,33.8886604309082,34.9069938659668,29.7642669677734,23.337085723877,13.6309833526611,6.22041177749634,6.65188217163086,6.65856885910034,6.9630069732666,6.18264150619507,3.54794216156006,2.74165964126587,2.94258880615234,3.12568593025208,3.23182773590088,3.24717974662781,3.19084501266479,3.2101194858551,3.20163726806641,2.89794325828552,4.48926830291748,9.47021007537842,15.0178689956665
-9999,-9999,-9999,-9999,-9999,-9999,-9999,-9999,-9999,-9999,-9999,-9999,-9999,-9999,-9999,-9999,-9999,-9999,-9999,-9999,-9999,-9999,-9999,-9999,-9999,-9999,-9999,-9999,-9999,-9999,-9999,-9999,-9999,-9999,-9999,-9999,-9999,-9999,-9999,-9999,-9999,-9999,-9999,-9999,-9999,-9999,-9999,-9999,-9999,-9999,-9999,-9999,-9999,-9999,-9999,-9999,-9999,-9999,-9999,-9999,-9999,-9999,-9999,-9999,-9999,-9999,-9999,-9999,-9999,-9999,-9999,-9999,-9999,-9999,-9999,-9999,-9999,-9999,-9999,-9999,-9999,-9999,-9999,-9999,-9999,-9999,-9999,-9999,-9999,-9999,-9999,-9999,-9999,-9999,-9999,-9999,-9999,-9999,-9999,-9999,-9999,-9999,-9999,-9999,31.9902286529541,32.321361541748,32.4705772399902,32.5068016052246,33.0659828186035,33.9407997131348,29.3660163879395,22.811731338501,13.3895092010498,6.49845266342163,7.27537775039673,7.65975522994995,7.63719749450684,6.51627159118652,3.68854475021362,2.52127122879028,2.63335561752319,2.58159351348877,2.72881102561951,2.63527345657349,2.45378088951111,2.40093612670898,2.34446263313293,2.1084098815918,6.65174388885498,20.1849689483643,30.8336048126221
-9999,-9999,-9999,-9999,-9999,-9999,-9999,-9999,-9999,-9999,-9999,-9999,-9999,-9999,-9999,-9999,-9999,-9999,-9999,-9999,-9999,-9999,-9999,-9999,-9999,-9999,-9999,-9999,-9999,-9999,-9999,-9999,-9999,-9999,-9999,-9999,-9999,-9999,-9999,-9999,-9999,-9999,-9999,-9999,-9999,-9999,-9999,-9999,-9999,-9999,-9999,-9999,-9999,-9999,-9999,-9999,-9999,-9999,-9999,-9999,-9999,-9999,-9999,-9999,-9999,-9999,-9999,-9999,-9999,-9999,-9999,-9999,-9999,-9999,-9999,-9999,-9999,-9999,-9999,-9999,-9999,-9999,-9999,-9999,-9999,-9999,-9999,-9999,-9999,-9999,-9999,-9999,-9999,-9999,-9999,-9999,-9999,-9999,-9999,-9999,-9999,-9999,-9999,-9999,-9999,-9999,32.2286376953125,32.1341094970703,32.6893615722656,33.2513465881348,30.3550491333008,25.8077735900879,18.8271770477295,13.3459815979004,11.4905300140381,10.5557060241699,10.767427444458,9.85919284820557,7.95620584487915,8.82822036743164,10.9432573318481,11.2950859069824,10.5354385375977,12.4811859130859,14.2482938766479,15.6601266860962,16.6184597015381,16.0841865539551,18.38796043396,26.2069301605225,32.678394317627
-9999,-9999,-9999,-9999,-9999,-9999,-9999,-9999,-9999,-9999,-9999,-9999,-9999,-9999,-9999,-9999,-9999,-9999,-9999,-9999,-9999,-9999,-9999,-9999,-9999,-9999,-9999,-9999,-9999,-9999,-9999,-9999,-9999,-9999,-9999,-9999,-9999,-9999,-9999,-9999,-9999,-9999,-9999,-9999,-9999,-9999,-9999,-9999,-9999,-9999,-9999,-9999,-9999,-9999,-9999,-9999,-9999,-9999,-9999,-9999,-9999,-9999,-9999,-9999,-9999,-9999,-9999,-9999,-9999,-9999,-9999,-9999,-9999,-9999,-9999,-9999,-9999,-9999,-9999,-9999,-9999,-9999,-9999,-9999,-9999,-9999,-9999,-9999,-9999,-9999,-9999,-9999,-9999,-9999,-9999,-9999,-9999,-9999,-9999,-9999,-9999,-9999,-9999,-9999,-9999,-9999,-9999,-9999,31.9298267364502,32.1854629516602,31.8973388671875,31.1945877075195,27.6250495910645,23.1843566894531,17.828275680542,14.6061754226685,15.3778800964355,15.4979085922241,14.4834957122803,17.6702785491943,22.5876312255859,22.8807678222656,22.0405178070068,24.8300247192383,27.6643218994141,29.9364337921143,31.5950984954834,31.0200881958008,30.6135559082031,30.5870361328125,-9999
-9999,-9999,-9999,-9999,-9999,-9999,-9999,-9999,-9999,-9999,-9999,-9999,-9999,-9999,-9999,-9999,-9999,-9999,-9999,-9999,-9999,-9999,-9999,-9999,-9999,-9999,-9999,-9999,-9999,-9999,-9999,-9999,-9999,-9999,-9999,-9999,-9999,-9999,-9999,-9999,-9999,-9999,-9999,-9999,-9999,-9999,-9999,-9999,-9999,-9999,-9999,-9999,-9999,-9999,-9999,-9999,-9999,-9999,-9999,-9999,-9999,-9999,-9999,-9999,-9999,-9999,-9999,-9999,-9999,-9999,-9999,-9999,-9999,-9999,-9999,-9999,-9999,-9999,-9999,-9999,-9999,-9999,-9999,-9999,-9999,-9999,-9999,-9999,-9999,-9999,-9999,-9999,-9999,-9999,-9999,-9999,-9999,-9999,-9999,-9999,-9999,-9999,-9999,-9999,-9999,-9999,-9999,-9999,-9999,-9999,31.6659126281738,31.463472366333,29.6441135406494,27.4988803863525,24.6127529144287,22.8494968414307,22.9696884155273,22.7943649291992,22.3468112945557,24.0082340240479,26.5941715240479,26.794017791748,26.3941326141357,27.8684749603271,29.4162139892578,30.6993083953857,31.6489105224609,31.2615432739258,-9999,-9999,-9999
-9999,-9999,-9999,-9999,-9999,-9999,-9999,-9999,-9999,-9999,-9999,-9999,-9999,-9999,-9999,-9999,-9999,-9999,-9999,-9999,-9999,-9999,-9999,-9999,-9999,-9999,-9999,-9999,-9999,-9999,-9999,-9999,-9999,-9999,-9999,-9999,-9999,-9999,-9999,-9999,-9999,-9999,-9999,-9999,-9999,-9999,-9999,-9999,-9999,-9999,-9999,-9999,-9999,-9999,-9999,-9999,-9999,-9999,-9999,-9999,-9999,-9999,-9999,-9999,-9999,-9999,-9999,-9999,-9999,-9999,-9999,-9999,-9999,-9999,-9999,-9999,-9999,-9999,-9999,-9999,-9999,-9999,-9999,-9999,-9999,-9999,-9999,-9999,-9999,-9999,-9999,-9999,-9999,-9999,-9999,-9999,-9999,-9999,-9999,-9999,-9999,-9999,-9999,-9999,-9999,-9999,-9999,-9999,-9999,-9999,-9999,-9999,-9999,-9999,-9999,-9999,-9999,-9999,-9999,-9999,-9999,-9999,-9999,-9999,-9999,-9999,-9999,-9999,-9999,-9999,-9999
-9999,-9999,-9999,-9999,-9999,-9999,-9999,-9999,-9999,-9999,-9999,-9999,-9999,-9999,-9999,-9999,-9999,-9999,-9999,-9999,-9999,-9999,-9999,-9999,-9999,-9999,-9999,-9999,-9999,-9999,-9999,-9999,-9999,-9999,-9999,-9999,-9999,-9999,-9999,-9999,-9999,-9999,-9999,-9999,-9999,-9999,-9999,-9999,-9999,-9999,-9999,-9999,-9999,-9999,-9999,-9999,-9999,-9999,-9999,-9999,-9999,-9999,-9999,-9999,-9999,-9999,-9999,-9999,-9999,-9999,-9999,-9999,-9999,-9999,-9999,-9999,-9999,-9999,-9999,-9999,-9999,-9999,-9999,-9999,-9999,-9999,-9999,-9999,-9999,-9999,-9999,-9999,-9999,-9999,-9999,-9999,-9999,-9999,-9999,-9999,-9999,-9999,-9999,-9999,-9999,-9999,-9999,-9999,-9999,-9999,-9999,-9999,-9999,-9999,-9999,-9999,-9999,-9999,-9999,-9999,-9999,-9999,-9999,-9999,-9999,-9999,-9999,-9999,-9999,-9999,-9999

Step,85
Year,7.083333
-9999,-9999,-9999,-9999,-9999,-9999,-9999,-9999,-9999,-9999,-9999,-9999,-9999,-9999,-9999,-9999,-9999,-9999,-9999,-9999,-9999,-9999,-9999,-9999,-9999,-9999,-9999,-9999,-9999,-9999,-9999,-9999,-9999,-9999,-9999,-9999,-9999,-9999,-9999,-9999,-9999,-9999,-9999,-9999,-9999,-9999,-9999,-9999,-9999,-9999,-9999,-9999,-9999,-9999,-9999,-9999,-9999,-9999,-9999,-9999,-9999,-9999,-9999,-9999,-9999,-9999,-9999,-9999,-9999,-9999,-9999,-9999,-9999,-9999,-9999,-9999,-9999,-9999,-9999,-9999,-9999,-9999,-9999,-9999,-9999,-9999,-9999,-9999,-9999,-9999,-9999,-9999,-9999,-9999,-9999,-9999,-9999,-9999,-9999,-9999,-9999,-9999,-9999,-9999,-9999,-9999,-9999,-9999,-9999,-9999,-9999,-9999,-9999,-9999,-9999,-9999,-9999,-9999,-9999,-9999,-9999,-9999,-9999,-9999,-9999,-9999,-9999,-9999,-9999,-9999,-9999
-9999,-9999,-9999,-9999,-9999,-9999,-9999,-9999,-9999,-9999,-9999,-9999,-9999,-9999,-9999,-9999,-9999,-9999,-9999,-9999,-9999,-9999,-9999,-9999,-9999,-9999,-9999,-9999,-9999,-9999,-9999,-9999,-9999,-9999,-9999,-9999,-9999,-9999,-9999,-9999,-9999,-9999,-9999,-9999,-9999,-9999,-9999,-9999,-9999,-9999,-9999,-9999,-9999,-9999,-9999,-9999,-9999,-9999,-9999,-9999,-9999,-9999,-9999,-9999,-9999,-9999,-9999,-9999,-9999,-9999,-9999,-9999,-9999,-9999,-9999,-9999,-9999,-9999,-9999,-9999,-9999,-9999,-9999,-9999,-9999,-9999,-9999,-9999,-9999,-9999,-9999,-9999,-9999,-9999,-9999,-9999,-9999,-9999,-9999,-9999,-9999,-9999,-9999,-9999,-9999,-9999,-9999,-9999,-9999,-9999,-9999,-9999,-9999,-9999,-9999,-9999,-9999,-9999,-9999,-9999,-9999,-9999,-9999,-9999,-9999,-9999,-9999,-9999,-9999,-9999,-9999
-9999,-9999,-9999,-9999,-9999,-9999,-9999,-9999,-9999,-9999,-9999,-9999,-9999,-9999,-9999,-9999,-9999,-9999,-9999,-9999,-9999,-9999,-9999,-9999,-9999,-9999,-9999,-9999,-9999,-9999,-9999,-9999,-9999,-9999,-9999,-9999,-9999,-9999,-9999,-9999,-9999,-9999,-9999,-9999,-9999,-9999,-9999,-9999,-9999,-9999,-9999,-9999,-9999,-9999,-9999,-9999,-9999,-9999,-9999,-9999,-9999,-9999,-9999,-9999,-9999,-9999,-9999,-9999,-9999,-9999,-9999,-9999,-9999,-9999,37.1600074768066,37.6575355529785,-9999,-9999,-9999,-9999,-9999,-9999,-9999,-9999,-9999,-9999,-9999,-9999,-9999,-9999,-9999,-9999,-9999,-9999,-9999,-9999,-9999,-9999,-9999,-9999,-9999,-9999,-9999,-9999,-9999,-9999,-9999,-9999,-9999,-9999,-9999,-9999,-9999,-9999,-9999,-9999,-9999,-9999,-9999,-9999,-9999,-9999,-9999,-9999,-9999,-9999,-9999,-9999,-9999,-9999,-9999
-9999,-9999,-9999,-9999,-9999,-9999,-9999,-9999,-9999,-9999,-9999,-9999,-9999,-9999,-9999,-9999,-9999,-9999,-9999,-9999,-9999,-9999,-9999,-9999,-9999,-9999,-9999,-9999,-9999,-9999,-9999,-9999,-9999,-9999,-9999,-9999,-9999,-9999,-9999,-9999,-9999,-9999,-9999,-9999,-9999,-9999,-9999,-9999,-9999,-9999,-9999,-9999,-9999,-9999,-9999,-9999,-9999,-9999,-9999,-9999,-9999,-9999,-9999,-9999,-9999,-9999,-9999,-9999,-9999,-9999,-9999,-9999,-9999,-9999,38.2329597473145,37.609245300293,-9999,-9999,-9999,-9999,-9999,-9999,-9999,-9999,-9999,-9999,-9999,-9999,-9999,-9999,-9999,-9999,-9999,-9999,-9999,-9999,-9999,-9999,-9999,-9999,-9999,-9999,-9999,-9999,-9999,-9999,-9999,-9999,-9999,-9999,-9999,-9999,-9999,-9999,-9999,-9999,-9999,-9999,-9999,-9999,-9999,-9999,-9999,-9999,-9999,-9999,-9999,-9999,-9999,-9999,-9999
-9999,-9999,-9999,-9999,-9999,-9999,-9999,-9999,-9999,-9999,-9999,-9999,-9999,-9999,-9999,-9999,-9999,-9999,-9999,-9999,-9999,-9999,-9999,-9999,-9999,-9999,-9999,-9999,-9999,-9999,-9999,-9999,-9999,-9999,-9999,-9999,-9999,-9999,-9999,-9999,-9999,-9999,-9999,-9999,-9999,-9999,-9999,-9999,-9999,-9999,-9999,-9999,-9999,-9999,-9999,-9999,6.17685969647036E-13,1.09033546635828E-08,1.08199236237283E-08,1.08045838942417E-08,-9999,-9999,-9999,-9999,-9999,38.6980056762695,38.0868148803711,39.7146835327148,39.9250373840332,37.2259864807129,35.867805480957,32.6650314331055,32.5103492736816,31.9708442687988,35.5478172302246,34.4074172973633,33.0268745422363,-9999,-9999,25.2764511108398,23.8923416137695,23.0506916046143,23.6069679260254,30.4059047698975,33.5280647277832,35.5078506469727,35.4751510620117,33.1327247619629,25.019983291626,-9999,-9999,-9999,-9999,-9999,-9999,-9999,-9999,-9999,-9999,-9999,-9999,-9999,-9999,-9999,-9999,-9999,-9999,-9999,-9999,-9999,-9999,-9999,-9999,-9999,-9999,-9999,-9999,-9999,-9999,-9999,-9999,-9999,-9999,-9999,-9999,-9999,-9999,-9999,-9999,-9999,-9999
-9999,-9999,-9999,-9999,-9999,-9999,-9999,-9999,-9999,-9999,-9999,-9999,-9999,-9999,-9999,-9999,-9999,-9999,-9999,-9999,-9999,-9999,-9999,-9999,-9999,-9999,-9999,-9999,-9999,-9999,-9999,-9999,-9999,-9999,-9999,-9999,-9999,-9999,-9999,-9999,-9999,-9999,-9999,-9999,-9999,-9999,-9999,-9999,-9999,-9999,-9999,-9999,-9999,-9999,-9999,7.13404541604484E-13,2.48543372549648E-08,0.000671819318085909,0.000668090593535453,0.000667389656882733,0.0013693425571546,44.7458572387695,-9999,44.0608444213867,42.2512550354004,42.0602569580078,41.4067001342773,40.6655006408691,40.2628860473633,39.3165512084961,36.2098731994629,35.3730392456055,35.9990005493164,35.0096206665039,34.6634826660156,35.0887413024902,33.8173141479492,33.410831451416,32.173583984375,29.7058296203613,26.420503616333,23.6955757141113,26.7955074310303,29.9160079956055,34.0439414978027,36.5024642944336,36.3428344726563,34.1716690063477,28.5359954833984,22.526762008667,15.9770450592041,-9999,-9999,-9999,-9999,-9999,-9999,-9999,-9999,-9999,-9999,-9999,-9999,-9999,-9999,-9999,-9999,-9999,-9999,-9999,-9999,-9999,-9999,-9999,-9999,-9999,-9999,-9999,-9999,-9999,-9999,-9999,-9999,-9999,-9999,-9999,-9999,-9999,-9999,-9999,-9999
-9999,-9999,-9999,-9999,-9999,-9999,-9999,-9999,-9999,-9999,-9999,-9999,-9999,-9999,-9999,-9999,-9999,-9999,-9999,-9999,-9999,-9999,-9999,-9999,-9999,-9999,-9999,-9999,-9999,-9999,-9999,-9999,-9999,-9999,-9999,-9999,-9999,-9999,-9999,-9999,-9999,-9999,-9999,-9999,-9999,-9999,-9999,-9999,-9999,-9999,-9999,-9999,-9999,-9999,-9999,1.44868081974892E-08,0.00077259266981855,45.8937377929688,45.8368835449219,45.887336730957,46.0430526733398,45.4052886962891,44.6358757019043,44.5994491577148,42.7000579833984,42.1844177246094,40.73095703125,40.4885864257813,39.8603820800781,38.4695663452148,37.496166229248,37.1353225708008,36.8466796875,36.5627822875977,36.1589813232422,35.7390556335449,34.8326606750488,33.6853981018066,31.9430980682373,29.5887184143066,26.6790447235107,23.951940536499,27.3392219543457,31.8963623046875,35.8844795227051,38.1462059020996,37.556640625,35.0041656494141,29.3615322113037,22.8660011291504,15.9387130737305,13.8711004257202,18.0567970275879,-9999,-9999,-9999,-9999,-9999,-9999,-9999,-9999,-9999,29.5348930358887,30.9030475616455,32.6647453308105,-9999,-9999,-9999,-9999,-9999,-9999,-9999,-9999,-9999,-9999,-9999,-9999,-9999,-9999,-9999,-9999,-9999,-9999,-9999,-9999,-9999,-9999,-9999,-9999,-9999,-9999
-9999,-9999,-9999,-9999,-9999,-9999,-9999,-9999,-9999,-9999,-9999,-9999,-9999,-9999,-9999,-9999,-9999,-9999,-9999,-9999,-9999,-9999,-9999,-9999,-9999,-9999,-9999,-9999,-9999,-9999,-9999,39.2462768554688,-9999,-9999,-9999,39.5669021606445,-9999,-9999,-9999,-9999,-9999,-9999,-9999,-9999,-9999,-9999,-9999,-9999,-9999,-9999,-9999,-9999,-9999,-9999,-9999,-9999,-9999,45.4631729125977,45.6890602111816,45.7870903015137,-9999,46.1806221008301,45.5407180786133,44.6740875244141,43.2864227294922,42.1642913818359,41.5324935913086,40.6474266052246,40.067512512207,37.6842803955078,36.7325630187988,37.9389419555664,38.2151336669922,37.700065612793,37.0802574157715,36.575927734375,35.8892631530762,34.9968490600586,34.6247138977051,34.5315361022949,32.622730255127,31.6966171264648,34.7452735900879,36.8033256530762,39.5603904724121,40.7921295166016,39.7924270629883,37.5080757141113,32.8126029968262,29.2754802703857,27.2567615509033,22.7137870788574,16.8409786224365,20.1050567626953,-9999,-9999,-9999,-9999,-9999,-9999,-9999,-9999,34.5527038574219,36.367073059082,36.2815284729004,34.5300254821777,33.374927520752,-9999,-9999,-9999,-9999,-9999,-9999,-9999,-9999,-9999,-9999,-9999,-9999,-9999,-9999,-9999,-9999,-9999,-9999,-9999,-9999,-9999,-9999,-9999,-9999
-9999,-9999,-9999,-9999,-9999,-9999,-9999,-9999,-9999,-9999,-9999,-9999,-9999,-9999,-9999,-9999,-9999,-9999,-9999,-9999,-9999,-9999,-9999,-9999,-9999,-9999,-9999,-9999,-9999,-9999,38.1158752441406,38.0181617736816,-9999,-9999,39.8738670349121,40.1957054138184,-9999,-9999,35.9827346801758,38.0652694702148,-9999,-9999,-9999,-9999,-9999,41.4093284606934,-9999,-9999,-9999,-9999,-9999,-9999,-9999,-9999,-9999,-9999,-9999,-9999,-9999,-9999,-9999,46.0480499267578,46.6341552734375,44.7875442504883,43.3931732177734,42.3103332519531,40.8814163208008,39.8837890625,38.743408203125,36.5807342529297,35.4925079345703,38.6904296875,40.1585540771484,39.5243988037109,38.4990043640137,37.958927154541,37.2478446960449,36.0652122497559,37.7782440185547,39.3058586120605,39.728832244873,38.850227355957,39.7672729492188,40.7319450378418,41.8769073486328,42.3234519958496,41.4482307434082,39.7119789123535,36.4063186645508,35.5642585754395,36.7790718078613,30.1486930847168,18.0765132904053,20.0041236877441,24.3389148712158,-9999,-9999,-9999,-9999,-9999,34.9307441711426,35.0675163269043,35.5473670959473,35.4917221069336,36.7026557922363,37.5050163269043,35.7770347595215,32.5014953613281,-9999,-9999,-9999,-9999,-9999,-9999,-9999,-9999,-9999,-9999,-9999,-9999,-9999,-9999,-9999,-9999,-9999,-9999,-9999,-9999,-9999,-9999,-9999
-9999,-9999,-9999,-9999,-9999,-9999,-9999,-9999,-9999,-9999,-9999,-9999,-9999,-9999,-9999,-9999,-9999,-9999,-9999,-9999,-9999,-9999,-9999,38.0000610351563,38.9675483703613,-9999,-9999,-9999,-9999,37.7012176513672,37.9435729980469,37.9430236816406,37.733699798584,39.2185249328613,39.3758697509766,39.6830635070801,37.2161560058594,35.605396270752,36.414176940918,-9999,38.3232307434082,40.8768653869629,-9999,-9999,40.9458122253418,41.4863128662109,41.9507026672363,42.8950119018555,-9999,-9999,-9999,-9999,-9999,-9999,-9999,-9999,-9999,41.7246208190918,43.3313331604004,-9999,-9999,-9999,44.5599937438965,44.6678009033203,44.0529327392578,42.1927299499512,41.9762496948242,40.8720054626465,39.4996681213379,35.806396484375,34.533145904541,37.5216026306152,39.7251968383789,40.4295845031738,39.9371528625488,39.4621925354004,38.5982322692871,37.7299270629883,37.9555053710938,39.4782791137695,39.923038482666,39.9503364562988,40.9764938354492,41.8345565795898,42.2550048828125,42.3971633911133,42.0355377197266,40.9371109008789,38.356071472168,36.6024284362793,35.9271545410156,30.956823348999,24.1871032714844,23.4083633422852,24.1510906219482,21.3348426818848,20.8770484924316,22.2637958526611,22.8355197906494,24.8164520263672,29.5840377807617,34.9907455444336,35.0721206665039,35.6061897277832,36.5576629638672,37.7680702209473,37.7052459716797,35.5725593566895,33.4389266967773,34.2778282165527,-9999,-9999,-9999,-9999,-9999,-9999,-9999,-9999,-9999,-9999,-9999,-9999,-9999,-9999,-9999,-9999,-9999,-9999,-9999,-9999,-9999
-9999,-9999,-9999,-9999,-9999,-9999,-9999,-9999,-9999,-9999,-9999,-9999,-9999,-9999,-9999,-9999,-9999,-9999,-9999,-9999,-9999,-9999,38.7576713562012,38.0728874206543,38.5214233398438,39.8853607177734,40.1764793395996,37.2403793334961,37.3268966674805,37.2273025512695,37.5114135742188,37.4625968933105,36.7211761474609,37.6866455078125,38.7276077270508,37.5367813110352,35.1356048583984,34.9384994506836,34.9504432678223,36.1747169494629,37.5844192504883,39.8260078430176,41.0456314086914,41.2884635925293,41.0272560119629,41.1864891052246,42.6563949584961,42.9274444580078,43.2753486633301,-9999,-9999,-9999,-9999,-9999,-9999,-9999,-9999,39.7548294067383,40.4882507324219,42.4412384033203,-9999,-9999,43.3830299377441,44.8226089477539,45.0242233276367,43.5826187133789,42.315071105957,40.7751808166504,38.2153778076172,34.8670883178711,33.6516494750977,37.5441856384277,39.2156600952148,40.7159271240234,40.9881324768066,40.4637298583984,39.793327331543,39.2538108825684,39.3300399780273,38.6778945922852,39.8952789306641,41.036865234375,42.010799407959,42.710018157959,42.5689010620117,42.4747047424316,42.4729080200195,41.8377418518066,40.3653564453125,37.9487609863281,34.5704231262207,31.9491176605225,28.4273929595947,25.9211578369141,23.5004329681396,22.2780723571777,21.9342231750488,24.0323352813721,24.2330780029297,23.6213512420654,26.0824527740479,32.4783248901367,35.3524513244629,35.8590087890625,36.4134407043457,37.0878715515137,37.7855949401855,38.8458824157715,36.888801574707,35.0043869018555,-9999,-9999,-9999,-9999,-9999,-9999,-9999,-9999,-9999,-9999,-9999,-9999,-9999,-9999,-9999,-9999,-9999,-9999,-9999,-9999,-9999
-9999,-9999,-9999,-9999,-9999,-9999,-9999,-9999,-9999,-9999,-9999,-9999,-9999,-9999,-9999,-9999,-9999,-9999,-9999,-9999,-9999,-9999,39.0703086853027,38.0086708068848,37.3608627319336,38.6691246032715,41.5310173034668,41.2388534545898,36.5526084899902,37.0304756164551,36.9554862976074,37.1656646728516,36.6885414123535,36.8577270507813,37.213623046875,36.1158676147461,35.1795310974121,34.9633407592773,34.9034042358398,35.6690368652344,36.7552185058594,38.791015625,40.0137329101563,40.6305847167969,40.7518653869629,41.5576019287109,41.7866897583008,42.7670974731445,42.7702026367188,43.0972175598145,43.0583000183105,-9999,-9999,-9999,-9999,-9999,-9999,-9999,39.4685478210449,40.7450790405273,42.2625694274902,42.6819190979004,43.3720359802246,44.6184539794922,45.1904907226563,43.6561317443848,42.020751953125,38.4733428955078,35.0595550537109,33.3044357299805,34.5364227294922,38.5725288391113,40.6431121826172,41.7955131530762,42.1491012573242,42.1768646240234,41.8794555664063,41.463306427002,40.9100608825684,40.0846176147461,41.0906143188477,42.0486259460449,42.3734436035156,42.6151885986328,42.5891418457031,42.5761222839355,42.583683013916,42.0242576599121,40.8034820556641,38.1391563415527,33.570972442627,32.0004692077637,30.8120899200439,25.6764793395996,19.4405860900879,20.4534072875977,21.3065814971924,23.0152969360352,24.2638664245605,23.8261070251465,26.2775630950928,33.0639038085938,36.7010726928711,38.5197410583496,37.9792098999023,35.911319732666,36.7117767333984,38.0360679626465,37.9396781921387,35.6276168823242,38.5180244445801,-9999,-9999,-9999,-9999,-9999,-9999,-9999,-9999,-9999,-9999,-9999,-9999,-9999,-9999,-9999,-9999,-9999,-9999,-9999,-9999
-9999,-9999,-9999,-9999,-9999,-9999,-9999,-9999,-9999,-9999,-9999,-9999,-9999,-9999,-9999,-9999,-9999,-9999,-9999,-9999,-9999,-9999,39.1702423095703,38.9797019958496,36.4342575073242,35.7837333679199,42.2116432189941,44.2936553955078,40.2031440734863,38.1016845703125,38.5683403015137,38.3054733276367,38.0955047607422,37.6031646728516,37.1941299438477,36.5890769958496,36.1127281188965,35.9460983276367,35.7429428100586,36.3282203674316,37.1250038146973,38.3390884399414,39.3163528442383,39.7499046325684,40.0061264038086,40.0166358947754,40.0341682434082,40.4938049316406,41.2090759277344,42.325080871582,42.8067321777344,-9999,-9999,-9999,-9999,39.9073867797852,39.6055221557617,38.995719909668,39.1494941711426,39.8376731872559,41.1723785400391,42.2704315185547,42.835578918457,44.0203590393066,44.3215370178223,42.2243194580078,40.8764190673828,36.5364151000977,33.7462692260742,35.3719596862793,36.6627159118652,40.1013717651367,42.1474952697754,43.1635971069336,43.5365982055664,43.3397979736328,42.9249725341797,42.4061851501465,41.8433532714844,41.2400131225586,41.9776992797852,42.6579666137695,42.5754852294922,42.5208396911621,42.5728149414063,42.6017303466797,42.591869354248,42.1483573913574,41.2094688415527,38.7082214355469,34.6733703613281,34.1904335021973,35.38134765625,29.3125324249268,20.9607429504395,22.027795791626,23.1745376586914,24.7355899810791,26.1169586181641,25.843994140625,28.0744361877441,33.9541053771973,37.9048271179199,40.5156936645508,39.4976272583008,36.1308860778809,37.2543487548828,39.5590286254883,39.9126625061035,39.5690803527832,39.2769470214844,40.5488433837891,-9999,-9999,-9999,-9999,-9999,-9999,-9999,-9999,-9999,-9999,-9999,-9999,-9999,-9999,-9999,-9999,-9999,-9999,-9999
-9999,-9999,-9999,-9999,-9999,-9999,-9999,-9999,-9999,-9999,-9999,-9999,-9999,-9999,-9999,-9999,-9999,-9999,-9999,-9999,-9999,37.7839698791504,39.0285606384277,38.3293762207031,35.9124412536621,35.6380996704102,41.8829574584961,44.5323371887207,43.1580772399902,42.196102142334,41.7705230712891,41.4802017211914,41.2566680908203,40.9989242553711,40.6876945495605,40.3001480102539,39.7665634155273,39.5356597900391,39.3154029846191,39.5459213256836,39.2059669494629,37.4108619689941,36.8936080932617,38.3283538818359,38.8739051818848,39.2845458984375,39.411937713623,39.4471473693848,39.5677528381348,39.9478149414063,40.0348129272461,40.4493980407715,40.2772598266602,40.1961860656738,40.0042610168457,39.7610511779785,39.3341178894043,39.2049026489258,39.1209526062012,38.9936065673828,38.2051010131836,38.4628868103027,39.9096412658691,42.4722175598145,44.3122711181641,42.6401405334473,40.0866470336914,35.2298736572266,35.5814399719238,39.5707092285156,42.2431678771973,43.2150955200195,43.7046775817871,43.7144470214844,43.578498840332,43.3327445983887,43.0372543334961,42.7150573730469,42.4182205200195,42.1258583068848,42.2435569763184,42.3648300170898,42.3908920288086,42.4175033569336,42.4526290893555,42.436393737793,42.3244781494141,42.1031341552734,41.7571182250977,40.929515838623,39.7406349182129,39.7425880432129,40.129222869873,37.7241630554199,33.8694610595703,31.1782455444336,29.1473045349121,29.8158416748047,30.969633102417,31.0308647155762,32.2077903747559,35.2510452270508,38.4023399353027,41.3514633178711,41.1156539916992,39.0914573669434,41.0232238769531,43.6594009399414,42.3261909484863,40.0331497192383,40.177978515625,40.0010452270508,38.591911315918,37.821834564209,-9999,-9999,-9999,-9999,-9999,-9999,-9999,-9999,-9999,-9999,-9999,-9999,-9999,-9999,-9999,-9999,-9999
-9999,-9999,-9999,-9999,-9999,-9999,-9999,-9999,-9999,-9999,-9999,-9999,-9999,-9999,-9999,-9999,-9999,-9999,-9999,-9999,-9999,35.8716468811035,35.4918899536133,36.7298622131348,36.1230392456055,36.9239463806152,41.4698486328125,43.8168792724609,43.5651550292969,43.1999664306641,42.618034362793,42.2787399291992,42.1821937561035,41.9931335449219,41.5997734069824,41.2603378295898,40.7997589111328,40.5124588012695,40.3561477661133,40.3812561035156,39.8436889648438,38.0397682189941,37.1301307678223,37.7037239074707,38.1454963684082,38.7285804748535,39.269847869873,39.7681465148926,39.460865020752,39.1990432739258,39.3589172363281,39.414623260498,39.6788101196289,39.5021095275879,39.4717559814453,38.9946365356445,38.4046401977539,38.0493545532227,37.6331481933594,36.8019027709961,36.5318908691406,37.9892654418945,38.6805381774902,39.473804473877,42.8923301696777,41.9818954467773,41.0386390686035,36.0917854309082,38.0060577392578,42.1951179504395,44.5869216918945,44.3884239196777,44.1157646179199,43.7473754882813,-9999,-9999,-9999,-9999,-9999,-9999,-9999,42.078914642334,42.1377906799316,42.1943511962891,42.2430305480957,42.2172317504883,42.0511627197266,41.9322891235352,41.8649368286133,41.8374977111816,41.8362045288086,41.8027496337891,41.7660102844238,41.2089691162109,39.7212257385254,35.9444389343262,32.2613563537598,33.1458511352539,33.7061958312988,32.3382873535156,31.9306468963623,33.8570289611816,36.7525253295898,40.020866394043,40.822093963623,40.4878425598145,42.4638137817383,44.8287353515625,42.3373031616211,39.158504486084,39.9642219543457,39.6976089477539,38.8311195373535,37.1637420654297,37.4911422729492,-9999,-9999,-9999,-9999,-9999,-9999,-9999,-9999,-9999,-9999,-9999,-9999,-9999,-9999,-9999,-9999
-9999,-9999,-9999,-9999,-9999,-9999,-9999,-9999,-9999,-9999,-9999,-9999,-9999,-9999,-9999,-9999,-9999,-9999,-9999,33.8351554870605,34.5976333618164,34.0083389282227,33.436466217041,33.2453384399414,37.1058120727539,39.8796195983887,40.7225532531738,41.0846557617188,40.7577095031738,40.3664474487305,40.036865234375,39.9151725769043,39.8442993164063,39.5998458862305,39.3017272949219,38.953483581543,38.5578956604004,38.3267097473145,38.1978721618652,38.1352157592773,38.8379821777344,41.1225395202637,41.4858016967773,39.2917633056641,38.5894813537598,39.1686973571777,40.0582962036133,41.0331649780273,39.7920608520508,37.8606567382813,38.1636238098145,38.4151382446289,38.1768493652344,38.0846939086914,37.9061279296875,37.2567405700684,35.8744850158691,34.8755950927734,34.5028114318848,35.5627021789551,37.5729446411133,40.1212120056152,42.0713882446289,41.7537956237793,41.0947570800781,39.5954132080078,41.0248718261719,42.0398254394531,42.1841621398926,43.3467330932617,44.0300941467285,-9999,-9999,-9999,-9999,-9999,-9999,-9999,-9999,-9999,-9999,-9999,-9999,41.795280456543,41.9026489257813,41.9203720092773,41.7690887451172,41.5829162597656,41.3583335876465,41.0934638977051,40.8076286315918,40.7188911437988,40.7028160095215,40.7752304077148,40.8532600402832,37.3422431945801,33.8686332702637,34.4135360717773,33.8720092773438,29.1868057250977,26.1924591064453,27.9121780395508,30.3358268737793,33.6406097412109,37.2608909606934,40.3207054138184,41.5073051452637,42.3328170776367,39.8207817077637,36.5330123901367,38.7687644958496,40.3298110961914,40.2793655395508,34.9625549316406,36.409740447998,-9999,-9999,-9999,-9999,-9999,-9999,-9999,-9999,-9999,-9999,-9999,-9999,-9999,-9999,-9999,-9999
-9999,-9999,-9999,-9999,-9999,-9999,-9999,-9999,-9999,-9999,-9999,-9999,-9999,-9999,-9999,-9999,-9999,-9999,31.7854099273682,32.9760894775391,33.1381759643555,35.0812759399414,33.7056999206543,32.751407623291,36.882884979248,39.5900230407715,40.4050140380859,40.8551864624023,40.2489700317383,39.9187049865723,39.7189559936523,39.5698547363281,39.6086120605469,39.4165573120117,39.0196151733398,38.8970222473145,38.6408004760742,38.4677925109863,38.3484420776367,38.3723411560059,38.9771919250488,42.4134788513184,42.8066864013672,40.2191543579102,39.3267936706543,39.8857574462891,40.5744285583496,41.425422668457,39.8511543273926,37.2076950073242,36.4839668273926,36.1182823181152,35.8030014038086,35.8426170349121,36.6629600524902,37.013484954834,35.6287803649902,34.4198951721191,34.0043983459473,35.9262275695801,39.2632369995117,41.5434608459473,43.0012130737305,43.1943893432617,43.1348190307617,42.8795013427734,42.5021362304688,43.1364059448242,-9999,-9999,-9999,-9999,-9999,-9999,-9999,-9999,-9999,-9999,-9999,-9999,-9999,-9999,-9999,-9999,-9999,41.5955810546875,41.4765548706055,41.2805404663086,40.9994964599609,40.6308059692383,40.1995697021484,40.0384864807129,39.9803504943848,40.2789154052734,40.6426773071289,38.2772521972656,35.8778762817383,35.0559997558594,33.4384422302246,28.5370769500732,24.9258136749268,23.8579216003418,24.9552555084229,27.8372573852539,33.1680717468262,37.6145439147949,38.6742210388184,38.9912605285645,38.4296569824219,37.6535606384277,38.6328811645508,39.3991851806641,39.3570098876953,36.4039611816406,35.2612495422363,-9999,-9999,-9999,-9999,-9999,-9999,-9999,-9999,-9999,-9999,-9999,-9999,-9999,-9999,-9999,-9999
-9999,-9999,-9999,-9999,-9999,-9999,-9999,-9999,-9999,-9999,-9999,-9999,33.3418960571289,31.8234519958496,-9999,31.5766487121582,33.0831527709961,34.5878677368164,33.9912223815918,31.3444995880127,34.1614570617676,36.9369735717773,36.0924072265625,35.271312713623,35.8076324462891,37.2548637390137,40.6590194702148,42.5522308349609,42.1792068481445,41.9878997802734,41.715015411377,41.7204284667969,41.8128395080566,41.5629501342773,41.3093490600586,41.2738723754883,40.9216537475586,40.7121353149414,40.8062515258789,40.5603713989258,40.2236175537109,40.8918228149414,41.3267135620117,40.642822265625,40.5709800720215,40.810604095459,41.2486686706543,41.4521751403809,39.8690643310547,37.1752738952637,34.8173065185547,32.3399963378906,32.0774574279785,32.5058059692383,35.7381553649902,37.5795288085938,36.4653205871582,36.054515838623,36.1381454467773,38.738109588623,41.4258842468262,42.6491508483887,43.2737121582031,43.3809127807617,43.3670921325684,43.1840362548828,43.0168113708496,-9999,-9999,-9999,-9999,-9999,-9999,-9999,-9999,-9999,-9999,-9999,-9999,-9999,-9999,-9999,-9999,-9999,-9999,-9999,41.1736793518066,41.0183944702148,40.7705268859863,40.4107246398926,39.9727096557617,39.7282676696777,39.5552520751953,39.7247161865234,39.9531555175781,39.0749588012695,37.9904518127441,35.3238906860352,32.3738059997559,30.8475532531738,27.9010257720947,22.462158203125,21.0769634246826,23.0840244293213,27.1420555114746,32.0357856750488,33.6994209289551,34.559814453125,38.1819610595703,41.3033485412598,39.5978775024414,38.5295372009277,39.417163848877,36.5781745910645,34.7293968200684,-9999,-9999,-9999,-9999,-9999,-9999,-9999,-9999,-9999,-9999,-9999,-9999,-9999,-9999,-9999,-9999
-9999,-9999,-9999,-9999,-9999,-9999,-9999,-9999,-9999,-9999,30.9397735595703,32.7140731811523,34.3768348693848,32.0525856018066,31.6706027984619,29.5777816772461,31.7143039703369,35.9637184143066,35.469295501709,33.0118865966797,35.7901153564453,38.8381423950195,38.431583404541,37.5181312561035,37.444709777832,37.535400390625,40.3374824523926,41.9026832580566,41.7716865539551,41.8410873413086,43.1837768554688,43.1575241088867,43.219841003418,43.1541290283203,42.8046989440918,42.6470718383789,42.6548385620117,42.3402366638184,42.2505722045898,41.9315948486328,41.7239418029785,41.4128608703613,41.3234672546387,41.4533348083496,41.5199394226074,41.7980346679688,42.0789222717285,42.2726402282715,41.3697204589844,39.709342956543,36.5875625610352,33.7182197570801,33.5219383239746,33.9034042358398,36.2905197143555,37.973331451416,37.7653121948242,38.0255928039551,38.227237701416,39.8632621765137,41.8274116516113,42.5986251831055,42.9149742126465,42.9589614868164,42.9368743896484,42.8507804870605,-9999,-9999,-9999,-9999,-9999,-9999,-9999,-9999,-9999,-9999,-9999,-9999,-9999,-9999,-9999,-9999,-9999,-9999,-9999,-9999,-9999,40.7139472961426,40.4640998840332,40.1250801086426,39.724494934082,39.4781341552734,39.2870979309082,39.3553123474121,39.4637565612793,39.3157768249512,38.9014129638672,36.4171829223633,33.5826187133789,31.950740814209,29.433614730835,25.0677051544189,22.1423454284668,20.9012718200684,23.1668109893799,27.1138458251953,30.6289539337158,33.1420783996582,37.0063133239746,40.2176284790039,38.1069984436035,36.3955841064453,38.028751373291,35.5724639892578,33.4156646728516,-9999,-9999,-9999,-9999,-9999,-9999,-9999,-9999,-9999,-9999,-9999,-9999,-9999,-9999,-9999,-9999
-9999,-9999,-9999,-9999,-9999,-9999,-9999,-9999,27.5929412841797,28.8416709899902,29.1295013427734,29.0255794525146,30.1879501342773,32.1875228881836,31.4370365142822,29.6712474822998,31.7934684753418,36.2954711914063,36.3371505737305,34.904182434082,38.0525283813477,40.6207237243652,40.3382797241211,39.6161918640137,39.2801475524902,39.008358001709,39.2205276489258,39.6682281494141,39.0007400512695,40.2829475402832,43.2016220092773,44.2482070922852,44.1897277832031,44.2032318115234,44.1613540649414,43.9236526489258,43.6816635131836,43.4037704467773,43.3407897949219,43.1167984008789,42.8483848571777,42.6479263305664,42.4819793701172,42.4682121276855,42.3809585571289,42.3809127807617,42.4277305603027,42.4606857299805,42.5189208984375,42.4947929382324,40.5073623657227,37.9398727416992,38.1412887573242,38.2495956420898,38.3486747741699,38.6916007995605,38.3298988342285,38.6842460632324,40.2223854064941,41.3855285644531,41.9305992126465,42.1932106018066,-9999,-9999,-9999,-9999,-9999,-9999,-9999,-9999,-9999,-9999,-9999,-9999,-9999,-9999,-9999,-9999,-9999,-9999,-9999,-9999,-9999,-9999,-9999,-9999,-9999,-9999,40.1157302856445,39.8041038513184,39.4649353027344,39.258186340332,39.0995750427246,39.0730667114258,39.067928314209,39.2904052734375,39.3137016296387,37.8498268127441,35.8347396850586,32.602424621582,30.146821975708,29.0432014465332,25.7889709472656,20.0616416931152,19.9292831420898,22.3228321075439,28.3749752044678,33.6731376647949,35.2313385009766,36.619499206543,35.2048301696777,34.2356796264648,36.5323753356934,34.7086067199707,33.4277076721191,-9999,-9999,-9999,-9999,-9999,-9999,-9999,-9999,-9999,-9999,-9999,-9999,-9999,-9999,-9999,-9999
-9999,-9999,-9999,-9999,-9999,-9999,-9999,-9999,26.1636543273926,27.7263984680176,28.7447547912598,28.3850784301758,28.4861431121826,29.0511932373047,29.6511878967285,30.4860172271729,33.5028381347656,37.5508575439453,37.6906967163086,36.5719184875488,37.9302597045898,39.2911567687988,40.3053588867188,41.0480613708496,40.8335838317871,40.5769424438477,40.3661651611328,39.7921295166016,39.5152778625488,40.3401107788086,42.108039855957,42.6579093933105,42.5104446411133,42.3879737854004,42.2014694213867,41.9979248046875,41.9084701538086,41.7108573913574,41.5324096679688,41.2992553710938,41.1958312988281,41.0168151855469,41.2430152893066,41.9840850830078,42.2577476501465,42.2177772521973,42.1250228881836,41.9930038452148,42.1168098449707,42.2519569396973,41.1953048706055,40.0121192932129,40.2533531188965,40.3907775878906,40.2646560668945,40.0648498535156,39.7721710205078,40.1089782714844,40.9798126220703,41.5396537780762,41.8431243896484,41.9628448486328,-9999,-9999,-9999,-9999,-9999,-9999,-9999,-9999,-9999,-9999,-9999,-9999,-9999,-9999,-9999,-9999,-9999,-9999,-9999,-9999,-9999,-9999,-9999,-9999,-9999,-9999,-9999,-9999,39.0713272094727,38.9057655334473,38.7831344604492,38.730899810791,38.6871604919434,38.9023056030273,38.9789123535156,38.0381507873535,36.7995147705078,34.4665374755859,32.3922843933105,30.5110111236572,27.8095264434814,23.6816520690918,21.6216564178467,20.3143310546875,24.7170391082764,29.9394111633301,31.3157997131348,32.297176361084,31.6156349182129,31.5623512268066,34.615062713623,31.5249404907227,30.2583408355713,-9999,-9999,-9999,-9999,-9999,-9999,-9999,-9999,-9999,-9999,-9999,-9999,-9999,-9999,-9999,-9999
-9999,-9999,-9999,-9999,-9999,-9999,20.8035984039307,26.2984828948975,26.2414493560791,26.2361621856689,27.5786266326904,28.4737167358398,27.8908729553223,26.2025413513184,27.4986228942871,32.1289443969727,35.8931274414063,39.2100639343262,39.4355010986328,38.4510345458984,37.7820167541504,37.2478446960449,39.9694137573242,42.032356262207,42.0210227966309,41.974967956543,41.6306419372559,41.2795104980469,40.9075241088867,40.661449432373,40.3785820007324,40.0893173217773,39.7586326599121,39.5104064941406,39.3240547180176,39.1449432373047,38.9431571960449,38.9001502990723,38.8566970825195,38.7427558898926,38.6495971679688,38.5108528137207,39.2393989562988,41.1545562744141,41.966682434082,41.8629035949707,41.6008071899414,41.24951171875,41.0281410217285,40.8192749023438,40.9335479736328,41.0729179382324,41.2709197998047,41.4756622314453,41.4768180847168,41.3976402282715,41.1354446411133,40.9774169921875,40.9982757568359,41.2578010559082,41.7050361633301,-9999,-9999,-9999,-9999,-9999,-9999,-9999,-9999,-9999,-9999,-9999,-9999,-9999,-9999,-9999,-9999,-9999,-9999,-9999,-9999,-9999,-9999,-9999,-9999,-9999,-9999,-9999,-9999,-9999,-9999,-9999,-9999,38.3674430847168,38.3067512512207,38.4166717529297,38.4506340026855,37.9382934570313,37.3812255859375,36.5679550170898,34.8254928588867,31.2764225006104,28.9868183135986,28.1606101989746,24.5957050323486,18.7550811767578,20.3262119293213,24.5243225097656,25.7546672821045,26.9078979492188,27.3912391662598,28.2857799530029,32.2615509033203,29.966480255127,-9999,-9999,-9999,-9999,-9999,-9999,-9999,-9999,-9999,-9999,-9999,-9999,-9999,-9999,-9999,-9999,-9999
-9999,-9999,-9999,-9999,-9999,-9999,26.0833950042725,26.1326484680176,25.8603649139404,25.8954582214355,26.1116466522217,29.0944347381592,31.4500617980957,32.0851173400879,33.1723175048828,34.8425178527832,37.338565826416,39.999210357666,40.1390037536621,39.3468933105469,38.864444732666,38.3330955505371,40.404899597168,42.1036071777344,42.0797080993652,41.9305419921875,41.7242889404297,41.533576965332,41.1777954101563,40.8024368286133,40.3735771179199,40.1058044433594,39.8473434448242,39.5521354675293,39.2720108032227,39.4602012634277,39.7103042602539,39.653377532959,39.5933494567871,39.4389762878418,39.2979011535645,39.2254333496094,39.6108512878418,40.6672554016113,41.1332778930664,41.0729064941406,40.866340637207,40.5520706176758,40.4357719421387,40.3803253173828,40.502311706543,40.6492691040039,40.742862701416,40.8287467956543,40.8746871948242,40.8603553771973,40.6777572631836,40.5555229187012,40.515438079834,-9999,-9999,-9999,-9999,-9999,-9999,-9999,-9999,-9999,-9999,-9999,-9999,-9999,-9999,-9999,-9999,-9999,-9999,-9999,-9999,-9999,-9999,-9999,-9999,-9999,-9999,-9999,-9999,-9999,-9999,-9999,-9999,-9999,-9999,-9999,37.9018363952637,37.9621238708496,37.9922142028809,37.8145484924316,37.5403594970703,36.9853897094727,35.9498138427734,34.1096382141113,31.8235359191895,29.1445693969727,26.3162708282471,22.7534484863281,21.7165794372559,21.119197845459,24.1060256958008,27.4100513458252,28.5455226898193,29.8591728210449,31.5685882568359,29.2995128631592,30.0574169158936,28.0268821716309,-9999,-9999,-9999,-9999,-9999,-9999,-9999,-9999,-9999,-9999,-9999,-9999,-9999,-9999,-9999
-9999,-9999,-9999,-9999,25.2101612091064,26.7661991119385,26.214147567749,25.9914169311523,25.7704772949219,26.0040988922119,26.7665042877197,31.0218162536621,34.8129386901855,37.4479713439941,38.344310760498,37.3439788818359,38.3191184997559,40.5126876831055,40.7179222106934,40.1922912597656,39.7208023071289,39.2298049926758,40.3512725830078,41.3380012512207,41.4335327148438,41.4738845825195,41.3591499328613,41.2156600952148,41.0348510742188,40.7842292785645,40.5015411376953,40.2184753417969,39.9293518066406,39.6172752380371,39.3134689331055,39.8986892700195,40.5846099853516,40.4969100952148,40.3987808227539,40.1945724487305,40.0275840759277,39.9975204467773,40.0103607177734,40.0968589782715,40.1363220214844,40.1381912231445,40.0104789733887,39.808910369873,39.8722457885742,40.0069541931152,40.0505142211914,40.0803260803223,40.060417175293,40.0596466064453,-9999,-9999,-9999,-9999,-9999,-9999,-9999,-9999,-9999,-9999,-9999,-9999,-9999,-9999,-9999,-9999,-9999,-9999,-9999,-9999,-9999,-9999,-9999,-9999,-9999,-9999,-9999,-9999,-9999,-9999,-9999,-9999,-9999,-9999,-9999,-9999,-9999,-9999,-9999,-9999,-9999,37.5029640197754,37.5339736938477,37.6735649108887,37.6565017700195,37.1698837280273,36.8261680603027,36.6196670532227,34.3982734680176,30.045825958252,27.8510322570801,26.7040214538574,22.9614925384521,17.9181346893311,22.9587345123291,28.2814044952393,29.9110794067383,31.2378463745117,30.9678230285645,22.3479862213135,22.8956775665283,28.0593872070313,29.1445198059082,-9999,-9999,-9999,-9999,-9999,-9999,-9999,-9999,-9999,-9999,-9999,-9999,-9999,-9999
-9999,-9999,-9999,-9999,30.6040725708008,28.2962303161621,27.4226150512695,25.8164520263672,26.1130828857422,28.2399196624756,30.3998184204102,33.5703010559082,36.1544456481934,38.1436805725098,39.1611709594727,39.2297477722168,39.6839485168457,40.3712844848633,40.1918296813965,39.7005653381348,39.9661560058594,40.3536033630371,40.7514266967773,41.1006317138672,41.1136512756348,41.1139183044434,41.0714111328125,40.9925537109375,40.8502731323242,40.6754302978516,40.4638442993164,40.2695655822754,40.089241027832,39.934741973877,39.7837066650391,39.9883193969727,40.2353477478027,40.0343780517578,39.822940826416,39.5344123840332,39.2896537780762,39.1784210205078,39.1133117675781,39.1202278137207,39.1199684143066,39.1139907836914,39.0346336364746,-9999,-9999,-9999,-9999,-9999,-9999,-9999,-9999,-9999,-9999,-9999,-9999,-9999,-9999,-9999,-9999,-9999,-9999,-9999,-9999,-9999,-9999,-9999,-9999,-9999,-9999,-9999,-9999,-9999,-9999,-9999,-9999,-9999,-9999,-9999,-9999,-9999,-9999,-9999,-9999,-9999,-9999,-9999,-9999,-9999,-9999,-9999,-9999,-9999,37.1389045715332,37.2539901733398,37.2961692810059,37.1276550292969,36.6662445068359,35.6763153076172,33.4169044494629,29.8149299621582,27.855037689209,26.7148628234863,22.3557224273682,16.0784149169922,19.5566120147705,23.4693241119385,25.1601638793945,26.5124492645264,27.1688461303711,28.1371326446533,21.6023330688477,26.4969081878662,24.4468650817871,-9999,-9999,-9999,-9999,-9999,-9999,-9999,-9999,-9999,-9999,-9999,-9999,-9999,-9999
-9999,-9999,-9999,-9999,-9999,30.6536960601807,28.6626834869385,28.6061496734619,27.6745071411133,31.2868385314941,34.113842010498,35.9578819274902,37.5404281616211,38.7650604248047,39.7001953125,40.403450012207,40.3695373535156,39.8442077636719,39.513427734375,39.2580070495605,-9999,-9999,-9999,-9999,-9999,-9999,-9999,-9999,-9999,-9999,-9999,-9999,-9999,40.013053894043,39.9682769775391,39.8575019836426,39.7370910644531,39.4422874450684,-9999,-9999,-9999,-9999,-9999,-9999,-9999,-9999,-9999,-9999,-9999,-9999,-9999,-9999,-9999,-9999,-9999,-9999,-9999,-9999,-9999,-9999,-9999,-9999,-9999,-9999,-9999,-9999,-9999,-9999,-9999,-9999,-9999,-9999,-9999,-9999,-9999,-9999,-9999,-9999,-9999,-9999,-9999,-9999,-9999,-9999,-9999,-9999,-9999,-9999,-9999,-9999,-9999,-9999,-9999,-9999,-9999,-9999,36.7509384155273,36.8623237609863,36.96728515625,37.0649528503418,36.5879821777344,35.1006469726563,33.0409660339355,30.3206939697266,28.3819446563721,26.8645095825195,22.2075080871582,15.9004287719727,16.889289855957,18.7819232940674,20.5853042602539,22.0450077056885,23.5240268707275,24.6733055114746,24.8816070556641,22.5415744781494,-9999,-9999,-9999,-9999,-9999,-9999,-9999,-9999,-9999,-9999,-9999,-9999,-9999,-9999,-9999
-9999,-9999,-9999,-9999,-9999,30.3117542266846,30.3577175140381,31.1402740478516,32.5911102294922,36.2505035400391,39.0013160705566,39.4344825744629,39.8250541687012,40.425651550293,40.6829833984375,40.5730400085449,40.1918296813965,39.6141014099121,-9999,-9999,-9999,-9999,-9999,-9999,-9999,-9999,-9999,-9999,-9999,-9999,-9999,-9999,-9999,-9999,-9999,-9999,-9999,-9999,-9999,-9999,-9999,-9999,-9999,-9999,-9999,-9999,-9999,-9999,-9999,-9999,-9999,-9999,-9999,-9999,-9999,-9999,-9999,-9999,-9999,-9999,-9999,-9999,-9999,-9999,-9999,-9999,-9999,-9999,-9999,-9999,-9999,-9999,-9999,-9999,-9999,-9999,-9999,-9999,-9999,-9999,-9999,-9999,-9999,-9999,-9999,-9999,-9999,-9999,-9999,-9999,-9999,-9999,-9999,-9999,-9999,-9999,-9999,36.6218032836914,36.7943496704102,36.8998222351074,36.8055191040039,36.3721008300781,35.4454650878906,33.9523162841797,31.2567863464355,27.6323509216309,24.4954719543457,21.3102760314941,18.727518081665,16.0858955383301,19.4978675842285,22.1325340270996,20.5315628051758,20.4807319641113,21.604793548584,18.9289779663086,-9999,-9999,-9999,-9999,-9999,-9999,-9999,-9999,-9999,-9999,-9999,-9999,-9999,-9999,-9999
-9999,-9999,30.810962677002,30.4489784240723,30.5876731872559,30.1126766204834,30.6238269805908,33.2471618652344,36.3736801147461,39.4688301086426,41.6327667236328,41.2806015014648,41.0630226135254,41.2943534851074,41.1074409484863,40.4093246459961,39.7680130004883,-9999,-9999,-9999,-9999,-9999,-9999,-9999,-9999,-9999,-9999,-9999,-9999,-9999,-9999,-9999,-9999,-9999,-9999,-9999,-9999,-9999,-9999,-9999,-9999,-9999,-9999,-9999,-9999,-9999,-9999,-9999,-9999,-9999,-9999,-9999,-9999,-9999,-9999,-9999,-9999,-9999,-9999,-9999,-9999,-9999,-9999,-9999,-9999,-9999,-9999,-9999,-9999,-9999,-9999,-9999,-9999,-9999,-9999,-9999,-9999,-9999,-9999,-9999,-9999,-9999,-9999,-9999,-9999,-9999,-9999,-9999,-9999,-9999,-9999,-9999,-9999,-9999,-9999,-9999,-9999,36.3605461120605,36.5803298950195,36.6817359924316,36.8456802368164,37.1050071716309,36.9792823791504,36.4027366638184,33.8529891967773,29.77219581604,27.1211051940918,25.0157356262207,20.6244411468506,15.6249828338623,19.1027030944824,20.9746227264404,17.882303237915,17.0316467285156,21.1779460906982,17.65966796875,-9999,-9999,-9999,-9999,-9999,-9999,-9999,-9999,-9999,-9999,-9999,-9999,-9999,-9999,-9999
-9999,-9999,-9999,-9999,30.6549911499023,30.2414321899414,30.8968467712402,35.1475868225098,39.0841674804688,40.1656188964844,40.8088417053223,40.6574249267578,40.544849395752,40.6480865478516,40.3253898620605,39.4906044006348,-9999,-9999,-9999,-9999,-9999,-9999,-9999,-9999,-9999,-9999,-9999,-9999,-9999,-9999,-9999,-9999,-9999,-9999,-9999,-9999,-9999,-9999,-9999,-9999,-9999,-9999,-9999,-9999,-9999,-9999,-9999,-9999,-9999,-9999,-9999,-9999,-9999,-9999,-9999,-9999,-9999,-9999,-9999,-9999,-9999,-9999,-9999,-9999,-9999,-9999,-9999,-9999,-9999,-9999,-9999,-9999,-9999,-9999,-9999,-9999,-9999,-9999,-9999,-9999,-9999,-9999,-9999,-9999,-9999,-9999,-9999,-9999,-9999,-9999,-9999,-9999,-9999,-9999,-9999,-9999,-9999,36.0572662353516,36.2769889831543,36.3459205627441,36.4981346130371,36.7790794372559,36.9552993774414,36.9836730957031,36.0347747802734,34.3749961853027,30.4674968719482,25.5797386169434,22.9838027954102,20.7449111938477,18.994499206543,17.3326053619385,16.3081722259521,15.9525737762451,17.4299697875977,18.9312877655029,-9999,-9999,-9999,-9999,-9999,-9999,-9999,-9999,-9999,-9999,-9999,-9999,-9999,-9999,-9999
-9999,-9999,-9999,-9999,30.8367118835449,30.8078384399414,31.8004512786865,36.4933624267578,40.4509811401367,40.4914779663086,40.2833633422852,40.3725051879883,40.3556365966797,40.1548843383789,39.6192665100098,-9999,-9999,-9999,-9999,-9999,-9999,-9999,-9999,-9999,-9999,-9999,-9999,-9999,-9999,-9999,-9999,-9999,-9999,-9999,-9999,-9999,-9999,-9999,-9999,-9999,-9999,-9999,-9999,-9999,-9999,-9999,-9999,-9999,-9999,-9999,-9999,-9999,-9999,-9999,-9999,-9999,-9999,-9999,-9999,-9999,-9999,-9999,-9999,-9999,-9999,-9999,-9999,-9999,-9999,-9999,-9999,-9999,-9999,-9999,-9999,-9999,-9999,-9999,-9999,-9999,-9999,-9999,-9999,-9999,-9999,-9999,-9999,-9999,-9999,-9999,-9999,-9999,-9999,-9999,-9999,-9999,-9999,35.7123985290527,35.9406356811523,35.9836158752441,36.0948867797852,36.3070945739746,36.5619049072266,36.847412109375,36.7620010375977,36.3840713500977,32.1261177062988,25.9774074554443,24.2623958587646,23.0705280303955,18.5674057006836,14.523998260498,15.1739368438721,15.747166633606,15.9068231582642,16.7130012512207,13.5839929580688,-9999,-9999,-9999,-9999,-9999,-9999,-9999,-9999,-9999,-9999,-9999,-9999,-9999,-9999
-9999,-9999,-9999,-9999,31.1648101806641,31.1624698638916,32.0288391113281,36.6779365539551,40.4124526977539,40.4313354492188,40.2372856140137,40.570442199707,40.5757942199707,39.8722076416016,39.026237487793,-9999,-9999,-9999,-9999,-9999,-9999,-9999,-9999,-9999,-9999,-9999,-9999,-9999,-9999,-9999,-9999,-9999,-9999,-9999,-9999,-9999,-9999,-9999,-9999,-9999,-9999,-9999,-9999,-9999,-9999,-9999,-9999,-9999,-9999,-9999,-9999,-9999,-9999,-9999,-9999,-9999,-9999,-9999,-9999,-9999,-9999,-9999,-9999,-9999,-9999,-9999,-9999,-9999,-9999,-9999,-9999,-9999,-9999,-9999,-9999,-9999,-9999,-9999,-9999,-9999,-9999,-9999,-9999,-9999,-9999,-9999,-9999,-9999,-9999,-9999,-9999,-9999,-9999,-9999,-9999,-9999,-9999,35.3144226074219,35.562614440918,35.5890617370605,35.6164894104004,35.6364517211914,35.6818466186523,35.7478637695313,35.7141494750977,35.5876884460449,31.7336845397949,26.1756687164307,24.2950954437256,22.9250316619873,17.5052509307861,12.7963371276855,14.9716787338257,16.8219604492188,17.2629280090332,17.8017997741699,18.7116355895996,14.0389585494995,-9999,-9999,-9999,-9999,-9999,-9999,-9999,-9999,-9999,-9999,-9999,-9999,-9999
-9999,-9999,-9999,-9999,26.6748924255371,31.1569728851318,32.3017234802246,36.0059661865234,38.9192008972168,39.140438079834,39.208251953125,40.0835456848145,40.3815612792969,39.5468254089355,-9999,-9999,-9999,-9999,-9999,-9999,-9999,-9999,-9999,-9999,-9999,-9999,-9999,-9999,-9999,-9999,-9999,-9999,-9999,-9999,-9999,-9999,-9999,-9999,-9999,-9999,-9999,-9999,-9999,-9999,-9999,-9999,-9999,-9999,-9999,-9999,-9999,-9999,-9999,-9999,-9999,-9999,-9999,-9999,-9999,-9999,-9999,-9999,-9999,-9999,-9999,-9999,-9999,-9999,-9999,-9999,-9999,-9999,-9999,-9999,-9999,-9999,-9999,-9999,-9999,-9999,-9999,-9999,-9999,-9999,-9999,-9999,-9999,-9999,-9999,-9999,-9999,-9999,-9999,-9999,-9999,-9999,-9999,34.8799285888672,35.1463050842285,35.1875,35.1847724914551,35.100528717041,35.0971717834473,35.1726264953613,35.0021553039551,34.6778221130371,32.4768028259277,29.5175285339355,26.3725662231445,22.9458198547363,18.5078277587891,14.6273736953735,15.3618907928467,15.8699626922607,16.4831562042236,17.4684677124023,18.3369922637939,18.7983779907227,16.8333892822266,16.850528717041,-9999,-9999,-9999,-9999,-9999,-9999,-9999,-9999,-9999,-9999,-9999
-9999,-9999,-9999,-9999,29.2213172912598,31.4316291809082,32.8924713134766,34.4083213806152,36.0893516540527,36.6609268188477,37.3286514282227,39.0410957336426,39.8706398010254,39.189998626709,-9999,-9999,-9999,-9999,-9999,-9999,-9999,-9999,-9999,-9999,-9999,-9999,-9999,-9999,-9999,-9999,-9999,-9999,-9999,-9999,-9999,-9999,-9999,-9999,-9999,-9999,-9999,-9999,-9999,-9999,-9999,-9999,-9999,-9999,-9999,-9999,-9999,-9999,-9999,-9999,-9999,-9999,-9999,-9999,-9999,-9999,-9999,-9999,-9999,-9999,-9999,-9999,-9999,-9999,-9999,-9999,-9999,-9999,-9999,-9999,-9999,-9999,-9999,-9999,-9999,-9999,-9999,-9999,-9999,-9999,-9999,-9999,-9999,-9999,-9999,-9999,-9999,-9999,-9999,-9999,-9999,-9999,-9999,-9999,34.6982116699219,34.7789115905762,34.787353515625,34.6709899902344,34.749137878418,35.0168571472168,34.5647773742676,33.6463088989258,33.9540596008301,34.5462646484375,29.61741065979,23.1021785736084,21.195858001709,18.9225540161133,15.8160161972046,13.5073919296265,14.2663116455078,15.5507144927979,17.7710838317871,18.6377239227295,19.0984420776367,-9999,-9999,-9999,-9999,-9999,-9999,-9999,-9999,-9999,-9999,-9999,-9999
-9999,-9999,-9999,-9999,28.6810111999512,30.6568145751953,30.587574005127,31.3317489624023,32.5353775024414,34.7471199035645,36.9032173156738,38.2833213806152,38.9700736999512,38.7410469055176,-9999,-9999,-9999,-9999,-9999,-9999,-9999,-9999,-9999,-9999,-9999,-9999,-9999,-9999,-9999,-9999,-9999,-9999,-9999,-9999,-9999,-9999,-9999,-9999,-9999,-9999,-9999,-9999,-9999,-9999,-9999,-9999,-9999,-9999,-9999,-9999,-9999,-9999,-9999,-9999,-9999,-9999,-9999,-9999,-9999,-9999,-9999,-9999,-9999,-9999,-9999,-9999,-9999,-9999,-9999,-9999,-9999,-9999,-9999,-9999,-9999,-9999,-9999,-9999,-9999,-9999,-9999,-9999,-9999,-9999,-9999,-9999,-9999,-9999,-9999,-9999,-9999,-9999,-9999,-9999,-9999,-9999,-9999,-9999,34.2899436950684,34.3861923217773,34.4078254699707,34.3019790649414,34.4300651550293,34.7796058654785,34.5401077270508,33.9277458190918,34.7953300476074,35.9748687744141,30.6164398193359,23.4012222290039,21.9316177368164,20.1480007171631,15.580883026123,12.1244649887085,12.345085144043,13.8925113677979,16.9812698364258,23.3592700958252,31.9286365509033,30.0226860046387,34.6500854492188,-9999,-9999,-9999,-9999,-9999,-9999,-9999,-9999,-9999,-9999
-9999,-9999,-9999,-9999,-9999,22.1262474060059,28.0824584960938,29.1436805725098,28.6452121734619,33.354305267334,36.8325309753418,37.4995498657227,37.8601875305176,38.2442283630371,-9999,-9999,-9999,-9999,-9999,-9999,-9999,-9999,-9999,-9999,-9999,-9999,-9999,-9999,-9999,-9999,-9999,-9999,-9999,-9999,-9999,-9999,-9999,-9999,-9999,-9999,-9999,-9999,-9999,-9999,-9999,-9999,-9999,-9999,-9999,-9999,-9999,-9999,-9999,-9999,-9999,-9999,-9999,-9999,-9999,-9999,-9999,-9999,-9999,-9999,-9999,-9999,-9999,-9999,-9999,-9999,-9999,-9999,-9999,-9999,-9999,-9999,-9999,-9999,-9999,-9999,-9999,-9999,-9999,-9999,-9999,-9999,-9999,-9999,-9999,-9999,-9999,-9999,-9999,-9999,-9999,-9999,-9999,-9999,33.8956527709961,33.9972343444824,34.0333938598633,33.9610214233398,34.1233596801758,34.5043869018555,34.6988906860352,34.7726135253906,35.4373359680176,36.1221885681152,30.7923927307129,23.7727508544922,22.1463088989258,19.909252166748,14.8782787322998,10.9817600250244,10.6919832229614,12.2037029266357,16.1330490112305,23.0944995880127,31.556941986084,34.0906257629395,35.151741027832,32.1474227905273,-9999,-9999,-9999,-9999,-9999,-9999,-9999,-9999,-9999
-9999,-9999,-9999,-9999,-9999,25.169189453125,26.4140682220459,26.3920383453369,27.6218070983887,33.0076751708984,36.8173141479492,37.1816329956055,37.5601577758789,38.0467185974121,-9999,-9999,-9999,-9999,-9999,-9999,-9999,-9999,-9999,-9999,-9999,-9999,-9999,-9999,-9999,-9999,-9999,-9999,-9999,-9999,-9999,-9999,-9999,-9999,-9999,-9999,-9999,-9999,-9999,-9999,-9999,-9999,-9999,-9999,-9999,-9999,-9999,-9999,-9999,-9999,-9999,-9999,-9999,-9999,-9999,-9999,-9999,-9999,-9999,-9999,-9999,-9999,-9999,-9999,-9999,-9999,-9999,-9999,-9999,-9999,-9999,-9999,-9999,-9999,-9999,-9999,-9999,-9999,-9999,-9999,-9999,-9999,-9999,-9999,-9999,-9999,-9999,-9999,-9999,-9999,-9999,-9999,-9999,-9999,33.5081939697266,33.6173706054688,33.6723098754883,33.6439971923828,33.7867088317871,34.0833854675293,34.2885551452637,34.4227676391602,35.1278877258301,35.8470230102539,30.7942237854004,24.0512027740479,22.3636722564697,19.9642028808594,14.7953720092773,10.9508762359619,11.5428495407104,13.572865486145,17.0476169586182,22.5020332336426,28.9962272644043,33.5310554504395,36.9940032958984,37.7522735595703,-9999,-9999,-9999,-9999,-9999,-9999,-9999,-9999,-9999
-9999,-9999,-9999,-9999,-9999,25.1225643157959,25.2645988464355,26.0492286682129,27.5828971862793,32.928295135498,36.8650970458984,37.1263885498047,37.4227447509766,37.9118118286133,-9999,-9999,-9999,-9999,-9999,-9999,-9999,-9999,-9999,-9999,-9999,-9999,-9999,-9999,-9999,-9999,-9999,-9999,-9999,-9999,-9999,-9999,-9999,-9999,-9999,-9999,-9999,-9999,-9999,-9999,-9999,-9999,-9999,-9999,-9999,-9999,-9999,-9999,-9999,-9999,-9999,-9999,-9999,-9999,-9999,-9999,-9999,-9999,-9999,-9999,-9999,-9999,-9999,-9999,-9999,-9999,-9999,-9999,-9999,-9999,-9999,-9999,-9999,-9999,-9999,-9999,-9999,-9999,-9999,-9999,-9999,-9999,-9999,-9999,-9999,-9999,-9999,-9999,-9999,-9999,-9999,-9999,-9999,-9999,-9999,33.2351608276367,33.3104972839355,33.3305816650391,33.4417419433594,33.6305999755859,33.7534828186035,33.8140182495117,34.6504325866699,35.5302505493164,30.7305011749268,24.3132972717285,22.647554397583,20.3024749755859,14.5867586135864,10.9792108535767,12.8436946868896,15.3500595092773,18.4304141998291,22.0993251800537,25.8214817047119,31.1304149627686,36.6834373474121,37.6927070617676,-9999,-9999,-9999,-9999,-9999,-9999,-9999,-9999,-9999
-9999,-9999,-9999,-9999,-9999,-9999,24.2461719512939,24.7557888031006,25.6618366241455,32.0737991333008,36.3986511230469,36.8474769592285,37.1798286437988,-9999,-9999,-9999,-9999,-9999,-9999,-9999,-9999,-9999,-9999,-9999,-9999,-9999,-9999,-9999,-9999,-9999,-9999,-9999,-9999,-9999,-9999,-9999,-9999,-9999,-9999,-9999,-9999,-9999,-9999,-9999,-9999,-9999,-9999,-9999,-9999,-9999,-9999,-9999,-9999,-9999,-9999,-9999,-9999,-9999,-9999,-9999,-9999,-9999,-9999,-9999,-9999,-9999,-9999,-9999,-9999,-9999,-9999,-9999,-9999,-9999,-9999,-9999,-9999,-9999,-9999,-9999,-9999,-9999,-9999,-9999,-9999,-9999,-9999,-9999,-9999,-9999,-9999,-9999,-9999,-9999,-9999,-9999,-9999,-9999,-9999,32.9653854370117,33.0660133361816,33.1264228820801,33.2259712219238,33.353946685791,33.6759986877441,34.0907821655273,34.6125221252441,35.0137176513672,30.4812602996826,24.5937728881836,22.986515045166,21.0902881622314,17.7908782958984,15.018666267395,13.5236968994141,13.5449266433716,15.0970211029053,19.1653518676758,25.5948753356934,29.4404907226563,32.5787925720215,34.12255859375,-9999,-9999,-9999,-9999,-9999,-9999,-9999,-9999,-9999
-9999,-9999,-9999,-9999,-9999,-9999,22.8660297393799,22.6323699951172,24.4923648834229,31.3027114868164,36.0555534362793,36.5642242431641,36.9147186279297,-9999,-9999,-9999,-9999,-9999,-9999,-9999,-9999,-9999,-9999,-9999,-9999,-9999,-9999,-9999,-9999,-9999,-9999,-9999,-9999,-9999,-9999,-9999,-9999,-9999,-9999,-9999,-9999,-9999,-9999,-9999,-9999,-9999,-9999,-9999,-9999,-9999,-9999,-9999,-9999,-9999,-9999,-9999,-9999,-9999,-9999,-9999,-9999,-9999,-9999,-9999,-9999,-9999,-9999,-9999,-9999,-9999,-9999,-9999,-9999,-9999,-9999,-9999,-9999,-9999,-9999,-9999,-9999,-9999,-9999,-9999,-9999,-9999,-9999,-9999,-9999,-9999,-9999,-9999,-9999,-9999,-9999,-9999,-9999,-9999,-9999,32.7092132568359,32.8321571350098,32.923698425293,33.011547088623,33.0888366699219,33.5981903076172,34.3410415649414,34.5618171691895,34.5177307128906,30.2613697052002,24.8480396270752,23.3699340820313,21.8756198883057,20.6016235351563,18.6402416229248,14.1596536636353,11.2833213806152,11.4532146453857,16.5494155883789,25.1429843902588,27.667610168457,27.8415813446045,24.1376686096191,17.7510204315186,15.9194326400757,-9999,-9999,-9999,-9999,-9999,-9999,-9999
-9999,-9999,-9999,-9999,-9999,-9999,21.5291690826416,21.8958683013916,23.0313777923584,30.2595596313477,35.2995567321777,36.021900177002,36.6349983215332,-9999,-9999,-9999,-9999,-9999,-9999,-9999,-9999,-9999,-9999,-9999,-9999,-9999,-9999,-9999,-9999,-9999,-9999,-9999,-9999,-9999,-9999,-9999,-9999,-9999,-9999,-9999,-9999,-9999,-9999,-9999,-9999,-9999,-9999,-9999,-9999,-9999,-9999,-9999,-9999,-9999,-9999,-9999,-9999,-9999,-9999,-9999,-9999,-9999,-9999,-9999,-9999,-9999,-9999,-9999,-9999,-9999,-9999,-9999,-9999,-9999,-9999,-9999,-9999,-9999,-9999,-9999,-9999,-9999,-9999,-9999,-9999,-9999,-9999,-9999,-9999,-9999,-9999,-9999,-9999,-9999,-9999,-9999,-9999,-9999,-9999,32.5754013061523,32.6690101623535,32.6940727233887,32.7546997070313,32.8386535644531,33.3283958435059,34.0396194458008,34.2686157226563,34.2786407470703,30.1732292175293,24.987829208374,23.6234264373779,22.2397518157959,20.9751110076904,18.802677154541,13.8320350646973,11.6692409515381,12.7466850280762,16.0524806976318,20.6850967407227,21.9159049987793,21.5848121643066,19.768892288208,17.3887805938721,13.5568256378174,8.08018398284912,-9999,-9999,-9999,-9999,-9999,-9999
-9999,-9999,-9999,-9999,-9999,-9999,-9999,-9999,-9999,-9999,-9999,-9999,-9999,-9999,-9999,-9999,-9999,-9999,-9999,-9999,-9999,-9999,-9999,-9999,-9999,-9999,-9999,-9999,-9999,-9999,-9999,-9999,-9999,-9999,-9999,-9999,-9999,-9999,-9999,-9999,-9999,-9999,-9999,-9999,-9999,-9999,-9999,-9999,-9999,-9999,-9999,-9999,-9999,-9999,-9999,-9999,-9999,-9999,-9999,-9999,-9999,-9999,-9999,-9999,-9999,-9999,-9999,-9999,-9999,-9999,-9999,-9999,-9999,-9999,-9999,-9999,-9999,-9999,-9999,-9999,-9999,-9999,-9999,-9999,-9999,-9999,-9999,-9999,-9999,-9999,-9999,-9999,-9999,-9999,-9999,-9999,-9999,-9999,-9999,-9999,32.494083404541,32.4645957946777,32.508056640625,32.6107864379883,33.09423828125,33.7860565185547,34.0025901794434,33.9927444458008,30.6046562194824,26.4083366394043,24.4935512542725,22.5859928131104,21.2806510925293,18.9118194580078,13.8231935501099,11.5769901275635,13.7917928695679,15.2791728973389,16.3670024871826,15.8528451919556,14.5987567901611,15.0574321746826,16.1287326812744,9.82567977905273,7.59570169448853,3.0061936378479,-9999,-9999,-9999,-9999,-9999
-9999,-9999,-9999,-9999,-9999,-9999,-9999,-9999,-9999,-9999,-9999,-9999,-9999,-9999,-9999,-9999,-9999,-9999,-9999,-9999,-9999,-9999,-9999,-9999,-9999,-9999,-9999,-9999,-9999,-9999,-9999,-9999,-9999,-9999,-9999,-9999,-9999,-9999,-9999,-9999,-9999,-9999,-9999,-9999,-9999,-9999,-9999,-9999,-9999,-9999,-9999,-9999,-9999,-9999,-9999,-9999,-9999,-9999,-9999,-9999,-9999,-9999,-9999,-9999,-9999,-9999,-9999,-9999,-9999,-9999,-9999,-9999,-9999,-9999,-9999,-9999,-9999,-9999,-9999,-9999,-9999,-9999,-9999,-9999,-9999,-9999,-9999,-9999,-9999,-9999,-9999,-9999,-9999,-9999,-9999,-9999,-9999,-9999,-9999,-9999,32.2829284667969,32.2418632507324,32.3104782104492,32.4767570495605,33.0000686645508,33.7155075073242,33.8874015808105,33.822193145752,33.0411415100098,32.0502319335938,27.4445304870605,22.8480110168457,21.5377445220947,19.2331047058105,13.7497749328613,11.5215606689453,13.0986824035645,13.6706590652466,13.3805408477783,12.1630840301514,10.2689685821533,9.81683349609375,9.59681129455566,6.76799869537354,3.32061052322388,3.24799776077271,2.76507711410522,-9999,-9999,-9999,-9999
-9999,-9999,-9999,-9999,-9999,-9999,-9999,-9999,-9999,-9999,-9999,-9999,-9999,-9999,-9999,-9999,-9999,-9999,-9999,-9999,-9999,-9999,-9999,-9999,-9999,-9999,-9999,-9999,-9999,-9999,-9999,-9999,-9999,-9999,-9999,-9999,-9999,-9999,-9999,-9999,-9999,-9999,-9999,-9999,-9999,-9999,-9999,-9999,-9999,-9999,-9999,-9999,-9999,-9999,-9999,-9999,-9999,-9999,-9999,-9999,-9999,-9999,-9999,-9999,-9999,-9999,-9999,-9999,-9999,-9999,-9999,-9999,-9999,-9999,-9999,-9999,-9999,-9999,-9999,-9999,-9999,-9999,-9999,-9999,-9999,-9999,-9999,-9999,-9999,-9999,-9999,-9999,-9999,-9999,-9999,-9999,-9999,-9999,-9999,-9999,32.0899696350098,32.0611763000488,32.1521606445313,32.3651924133301,32.8063735961914,33.369514465332,33.6245079040527,33.7116737365723,34.5441856384277,35.2594223022461,29.2900447845459,23.0751972198486,21.8640308380127,19.5328483581543,14.2182779312134,11.4057817459106,12.4032115936279,12.2417230606079,10.9944171905518,9.152268409729,7.32751035690308,6.28114604949951,5.28773975372314,4.22890758514404,3.4410834312439,2.74047803878784,2.50860261917114,-9999,-9999,-9999,-9999
-9999,-9999,-9999,-9999,-9999,-9999,-9999,-9999,-9999,-9999,-9999,-9999,-9999,-9999,-9999,-9999,-9999,-9999,-9999,-9999,-9999,-9999,-9999,-9999,-9999,-9999,-9999,-9999,-9999,-9999,-9999,-9999,-9999,-9999,-9999,-9999,-9999,-9999,-9999,-9999,-9999,-9999,-9999,-9999,-9999,-9999,-9999,-9999,-9999,-9999,-9999,-9999,-9999,-9999,-9999,-9999,-9999,-9999,-9999,-9999,-9999,-9999,-9999,-9999,-9999,-9999,-9999,-9999,-9999,-9999,-9999,-9999,-9999,-9999,-9999,-9999,-9999,-9999,-9999,-9999,-9999,-9999,-9999,-9999,-9999,-9999,-9999,-9999,-9999,-9999,-9999,-9999,-9999,-9999,-9999,-9999,-9999,-9999,-9999,-9999,-9999,31.9585037231445,32.078197479248,32.3010025024414,32.4226226806641,32.4815063476563,33.0650177001953,33.705394744873,34.6077575683594,35.3270149230957,29.4201622009277,23.2863655090332,22.1812858581543,19.9456806182861,14.6185092926025,11.5741081237793,12.4129819869995,11.6158847808838,9.62639904022217,8.41340923309326,7.79281044006348,6.22193765640259,3.74282765388489,3.12612915039063,2.81215786933899,2.50158834457397,2.24068212509155,-9999,-9999,3.29358315467834,3.3404848575592
-9999,-9999,-9999,-9999,-9999,-9999,-9999,-9999,-9999,-9999,-9999,-9999,-9999,-9999,-9999,-9999,-9999,-9999,-9999,-9999,-9999,-9999,-9999,-9999,-9999,-9999,-9999,-9999,-9999,-9999,-9999,-9999,-9999,-9999,-9999,-9999,-9999,-9999,-9999,-9999,-9999,-9999,-9999,-9999,-9999,-9999,-9999,-9999,-9999,-9999,-9999,-9999,-9999,-9999,-9999,-9999,-9999,-9999,-9999,-9999,-9999,-9999,-9999,-9999,-9999,-9999,-9999,-9999,-9999,-9999,-9999,-9999,-9999,-9999,-9999,-9999,-9999,-9999,-9999,-9999,-9999,-9999,-9999,-9999,-9999,-9999,-9999,-9999,-9999,-9999,-9999,-9999,-9999,-9999,-9999,-9999,-9999,-9999,-9999,-9999,-9999,-9999,32.022102355957,32.1983833312988,32.1546630859375,31.9690361022949,32.6898880004883,33.5741157531738,34.571102142334,35.3712005615234,29.5979537963867,23.3388195037842,20.2225532531738,16.7640895843506,12.5822153091431,10.2431354522705,10.8690729141235,9.69687652587891,7.48879480361938,6.92005777359009,7.02875375747681,5.68854093551636,3.07939553260803,2.8444926738739,2.76957273483276,2.57844233512878,2.58730435371399,2.98860359191895,3.25757670402527,3.28728842735291,3.361572265625
-9999,-9999,-9999,-9999,-9999,-9999,-9999,-9999,-9999,-9999,-9999,-9999,-9999,-9999,-9999,-9999,-9999,-9999,-9999,-9999,-9999,-9999,-9999,-9999,-9999,-9999,-9999,-9999,-9999,-9999,-9999,-9999,-9999,-9999,-9999,-9999,-9999,-9999,-9999,-9999,-9999,-9999,-9999,-9999,-9999,-9999,-9999,-9999,-9999,-9999,-9999,-9999,-9999,-9999,-9999,-9999,-9999,-9999,-9999,-9999,-9999,-9999,-9999,-9999,-9999,-9999,-9999,-9999,-9999,-9999,-9999,-9999,-9999,-9999,-9999,-9999,-9999,-9999,-9999,-9999,-9999,-9999,-9999,-9999,-9999,-9999,-9999,-9999,-9999,-9999,-9999,-9999,-9999,-9999,-9999,-9999,-9999,-9999,-9999,-9999,-9999,-9999,-9999,32.0554084777832,32.0174179077148,31.9003257751465,32.5111961364746,33.2226219177246,34.4388809204102,35.447437286377,29.8824920654297,23.238187789917,15.433837890625,8.96809482574463,7.95254755020142,7.3597936630249,7.55449771881104,6.72446632385254,4.72789287567139,4.00487518310547,4.22796583175659,3.87808775901794,3.40115261077881,3.14426136016846,3.25264096260071,3.18845772743225,3.1610643863678,3.24629926681519,3.16049313545227,2.97128367424011,2.83524966239929
-9999,-9999,-9999,-9999,-9999,-9999,-9999,-9999,-9999,-9999,-9999,-9999,-9999,-9999,-9999,-9999,-9999,-9999,-9999,-9999,-9999,-9999,-9999,-9999,-9999,-9999,-9999,-9999,-9999,-9999,-9999,-9999,-9999,-9999,-9999,-9999,-9999,-9999,-9999,-9999,-9999,-9999,-9999,-9999,-9999,-9999,-9999,-9999,-9999,-9999,-9999,-9999,-9999,-9999,-9999,-9999,-9999,-9999,-9999,-9999,-9999,-9999,-9999,-9999,-9999,-9999,-9999,-9999,-9999,-9999,-9999,-9999,-9999,-9999,-9999,-9999,-9999,-9999,-9999,-9999,-9999,-9999,-9999,-9999,-9999,-9999,-9999,-9999,-9999,-9999,-9999,-9999,-9999,-9999,-9999,-9999,-9999,-9999,-9999,-9999,-9999,-9999,-9999,31.919771194458,31.9675979614258,32.0421981811523,32.3986892700195,32.7557525634766,33.8885688781738,34.9070243835449,29.764820098877,23.3430995941162,13.6475057601929,6.15221881866455,6.60851573944092,6.82224559783936,6.81741094589233,5.92531204223633,3.47805738449097,2.70139813423157,2.94504165649414,3.01762509346008,3.2773609161377,3.14518308639526,3.20285987854004,3.21420001983643,3.24719166755676,2.94456577301025,4.48253011703491,9.49165058135986,15.0181140899658
-9999,-9999,-9999,-9999,-9999,-9999,-9999,-9999,-9999,-9999,-9999,-9999,-9999,-9999,-9999,-9999,-9999,-9999,-9999,-9999,-9999,-9999,-9999,-9999,-9999,-9999,-9999,-9999,-9999,-9999,-9999,-9999,-9999,-9999,-9999,-9999,-9999,-9999,-9999,-9999,-9999,-9999,-9999,-9999,-9999,-9999,-9999,-9999,-9999,-9999,-9999,-9999,-9999,-9999,-9999,-9999,-9999,-9999,-9999,-9999,-9999,-9999,-9999,-9999,-9999,-9999,-9999,-9999,-9999,-9999,-9999,-9999,-9999,-9999,-9999,-9999,-9999,-9999,-9999,-9999,-9999,-9999,-9999,-9999,-9999,-9999,-9999,-9999,-9999,-9999,-9999,-9999,-9999,-9999,-9999,-9999,-9999,-9999,-9999,-9999,-9999,-9999,-9999,-9999,31.9895668029785,32.3206787109375,32.4700393676758,32.5088729858398,33.0661506652832,33.9443206787109,29.3682899475098,22.8347091674805,13.3464641571045,6.54772853851318,7.27813911437988,7.52332782745361,7.70834159851074,6.59778881072998,3.70873403549194,2.56881499290466,2.57431936264038,2.592693567276,2.59474849700928,2.46903395652771,2.41691040992737,2.47687935829163,2.32349419593811,2.12658500671387,6.65184593200684,20.1846008300781,30.8331909179688
-9999,-9999,-9999,-9999,-9999,-9999,-9999,-9999,-9999,-9999,-9999,-9999,-9999,-9999,-9999,-9999,-9999,-9999,-9999,-9999,-9999,-9999,-9999,-9999,-9999,-9999,-9999,-9999,-9999,-9999,-9999,-9999,-9999,-9999,-9999,-9999,-9999,-9999,-9999,-9999,-9999,-9999,-9999,-9999,-9999,-9999,-9999,-9999,-9999,-9999,-9999,-9999,-9999,-9999,-9999,-9999,-9999,-9999,-9999,-9999,-9999,-9999,-9999,-9999,-9999,-9999,-9999,-9999,-9999,-9999,-9999,-9999,-9999,-9999,-9999,-9999,-9999,-9999,-9999,-9999,-9999,-9999,-9999,-9999,-9999,-9999,-9999,-9999,-9999,-9999,-9999,-9999,-9999,-9999,-9999,-9999,-9999,-9999,-9999,-9999,-9999,-9999,-9999,-9999,-9999,-9999,32.2279281616211,32.1334037780762,32.6891098022461,33.2429122924805,30.340726852417,25.9613475799561,18.7907371520996,13.3115873336792,11.4643354415894,10.4549417495728,10.665057182312,9.8511266708374,8.07390594482422,8.84034252166748,10.9264554977417,10.9937210083008,10.7081117630005,12.1837348937988,14.2181921005249,15.6551170349121,16.6214866638184,16.084135055542,18.3873767852783,26.2063941955566,32.6777877807617
-9999,-9999,-9999,-9999,-9999,-9999,-9999,-9999,-9999,-9999,-9999,-9999,-9999,-9999,-9999,-9999,-9999,-9999,-9999,-9999,-9999,-9999,-9999,-9999,-9999,-9999,-9999,-9999,-9999,-9999,-9999,-9999,-9999,-9999,-9999,-9999,-9999,-9999,-9999,-9999,-9999,-9999,-9999,-9999,-9999,-9999,-9999,-9999,-9999,-9999,-9999,-9999,-9999,-9999,-9999,-9999,-9999,-9999,-9999,-9999,-9999,-9999,-9999,-9999,-9999,-9999,-9999,-9999,-9999,-9999,-9999,-9999,-9999,-9999,-9999,-9999,-9999,-9999,-9999,-9999,-9999,-9999,-9999,-9999,-9999,-9999,-9999,-9999,-9999,-9999,-9999,-9999,-9999,-9999,-9999,-9999,-9999,-9999,-9999,-9999,-9999,-9999,-9999,-9999,-9999,-9999,-9999,-9999,31.9291343688965,32.1850700378418,31.8961563110352,31.1913394927979,27.6153373718262,23.1874828338623,17.8408813476563,14.8257217407227,15.4933347702026,15.5026149749756,14.484432220459,17.6706142425537,22.5888290405273,22.8781147003174,22.0252666473389,24.8146591186523,27.6619529724121,29.9356918334961,31.5946598052979,31.0195827484131,30.612922668457,30.5864429473877,-9999
-9999,-9999,-9999,-9999,-9999,-9999,-9999,-9999,-9999,-9999,-9999,-9999,-9999,-9999,-9999,-9999,-9999,-9999,-9999,-9999,-9999,-9999,-9999,-9999,-9999,-9999,-9999,-9999,-9999,-9999,-9999,-9999,-9999,-9999,-9999,-9999,-9999,-9999,-9999,-9999,-9999,-9999,-9999,-9999,-9999,-9999,-9999,-9999,-9999,-9999,-9999,-9999,-9999,-9999,-9999,-9999,-9999,-9999,-9999,-9999,-9999,-9999,-9999,-9999,-9999,-9999,-9999,-9999,-9999,-9999,-9999,-9999,-9999,-9999,-9999,-9999,-9999,-9999,-9999,-9999,-9999,-9999,-9999,-9999,-9999,-9999,-9999,-9999,-9999,-9999,-9999,-9999,-9999,-9999,-9999,-9999,-9999,-9999,-9999,-9999,-9999,-9999,-9999,-9999,-9999,-9999,-9999,-9999,-9999,-9999,31.6652145385742,31.4604167938232,29.6437721252441,27.5010204315186,24.608850479126,22.845682144165,22.9711933135986,22.7935085296631,22.3457374572754,24.007209777832,26.5934085845947,26.7929878234863,26.3928451538086,27.8668746948242,29.4153633117676,30.6987075805664,31.6483917236328,31.2610244750977,-9999,-9999,-9999
-9999,-9999,-9999,-9999,-9999,-9999,-9999,-9999,-9999,-9999,-9999,-9999,-9999,-9999,-9999,-9999,-9999,-9999,-9999,-9999,-9999,-9999,-9999,-9999,-9999,-9999,-9999,-9999,-9999,-9999,-9999,-9999,-9999,-9999,-9999,-9999,-9999,-9999,-9999,-9999,-9999,-9999,-9999,-9999,-9999,-9999,-9999,-9999,-9999,-9999,-9999,-9999,-9999,-9999,-9999,-9999,-9999,-9999,-9999,-9999,-9999,-9999,-9999,-9999,-9999,-9999,-9999,-9999,-9999,-9999,-9999,-9999,-9999,-9999,-9999,-9999,-9999,-9999,-9999,-9999,-9999,-9999,-9999,-9999,-9999,-9999,-9999,-9999,-9999,-9999,-9999,-9999,-9999,-9999,-9999,-9999,-9999,-9999,-9999,-9999,-9999,-9999,-9999,-9999,-9999,-9999,-9999,-9999,-9999,-9999,-9999,-9999,-9999,-9999,-9999,-9999,-9999,-9999,-9999,-9999,-9999,-9999,-9999,-9999,-9999,-9999,-9999,-9999,-9999,-9999,-9999
-9999,-9999,-9999,-9999,-9999,-9999,-9999,-9999,-9999,-9999,-9999,-9999,-9999,-9999,-9999,-9999,-9999,-9999,-9999,-9999,-9999,-9999,-9999,-9999,-9999,-9999,-9999,-9999,-9999,-9999,-9999,-9999,-9999,-9999,-9999,-9999,-9999,-9999,-9999,-9999,-9999,-9999,-9999,-9999,-9999,-9999,-9999,-9999,-9999,-9999,-9999,-9999,-9999,-9999,-9999,-9999,-9999,-9999,-9999,-9999,-9999,-9999,-9999,-9999,-9999,-9999,-9999,-9999,-9999,-9999,-9999,-9999,-9999,-9999,-9999,-9999,-9999,-9999,-9999,-9999,-9999,-9999,-9999,-9999,-9999,-9999,-9999,-9999,-9999,-9999,-9999,-9999,-9999,-9999,-9999,-9999,-9999,-9999,-9999,-9999,-9999,-9999,-9999,-9999,-9999,-9999,-9999,-9999,-9999,-9999,-9999,-9999,-9999,-9999,-9999,-9999,-9999,-9999,-9999,-9999,-9999,-9999,-9999,-9999,-9999,-9999,-9999,-9999,-9999,-9999,-9999

Step,97
Year,8.083333
-9999,-9999,-9999,-9999,-9999,-9999,-9999,-9999,-9999,-9999,-9999,-9999,-9999,-9999,-9999,-9999,-9999,-9999,-9999,-9999,-9999,-9999,-9999,-9999,-9999,-9999,-9999,-9999,-9999,-9999,-9999,-9999,-9999,-9999,-9999,-9999,-9999,-9999,-9999,-9999,-9999,-9999,-9999,-9999,-9999,-9999,-9999,-9999,-9999,-9999,-9999,-9999,-9999,-9999,-9999,-9999,-9999,-9999,-9999,-9999,-9999,-9999,-9999,-9999,-9999,-9999,-9999,-9999,-9999,-9999,-9999,-9999,-9999,-9999,-9999,-9999,-9999,-9999,-9999,-9999,-9999,-9999,-9999,-9999,-9999,-9999,-9999,-9999,-9999,-9999,-9999,-9999,-9999,-9999,-9999,-9999,-9999,-9999,-9999,-9999,-9999,-9999,-9999,-9999,-9999,-9999,-9999,-9999,-9999,-9999,-9999,-9999,-9999,-9999,-9999,-9999,-9999,-9999,-9999,-9999,-9999,-9999,-9999,-9999,-9999,-9999,-9999,-9999,-9999,-9999,-9999
-9999,-9999,-9999,-9999,-9999,-9999,-9999,-9999,-9999,-9999,-9999,-9999,-9999,-9999,-9999,-9999,-9999,-9999,-9999,-9999,-9999,-9999,-9999,-9999,-9999,-9999,-9999,-9999,-9999,-9999,-9999,-9999,-9999,-9999,-9999,-9999,-9999,-9999,-9999,-9999,-9999,-9999,-9999,-9999,-9999,-9999,-9999,-9999,-9999,-9999,-9999,-9999,-9999,-9999,-9999,-9999,-9999,-9999,-9999,-9999,-9999,-9999,-9999,-9999,-9999,-9999,-9999,-9999,-9999,-9999,-9999,-9999,-9999,-9999,-9999,-9999,-9999,-9999,-9999,-9999,-9999,-9999,-9999,-9999,-9999,-9999,-9999,-9999,-9999,-9999,-9999,-9999,-9999,-9999,-9999,-9999,-9999,-9999,-9999,-9999,-9999,-9999,-9999,-9999,-9999,-9999,-9999,-9999,-9999,-9999,-9999,-9999,-9999,-9999,-9999,-9999,-9999,-9999,-9999,-9999,-9999,-9999,-9999,-9999,-9999,-9999,-9999,-9999,-9999,-9999,-9999
-9999,-9999,-9999,-9999,-9999,-9999,-9999,-9999,-9999,-9999,-9999,-9999,-9999,-9999,-9999,-9999,-9999,-9999,-9999,-9999,-9999,-9999,-9999,-9999,-9999,-9999,-9999,-9999,-9999,-9999,-9999,-9999,-9999,-9999,-9999,-9999,-9999,-9999,-9999,-9999,-9999,-9999,-9999,-9999,-9999,-9999,-9999,-9999,-9999,-9999,-9999,-9999,-9999,-9999,-9999,-9999,-9999,-9999,-9999,-9999,-9999,-9999,-9999,-9999,-9999,-9999,-9999,-9999,-9999,-9999,-9999,-9999,-9999,-9999,37.1673431396484,37.6380424499512,-9999,-9999,-9999,-9999,-9999,-9999,-9999,-9999,-9999,-9999,-9999,-9999,-9999,-9999,-9999,-9999,-9999,-9999,-9999,-9999,-9999,-9999,-9999,-9999,-9999,-9999,-9999,-9999,-9999,-9999,-9999,-9999,-9999,-9999,-9999,-9999,-9999,-9999,-9999,-9999,-9999,-9999,-9999,-9999,-9999,-9999,-9999,-9999,-9999,-9999,-9999,-9999,-9999,-9999,-9999
-9999,-9999,-9999,-9999,-9999,-9999,-9999,-9999,-9999,-9999,-9999,-9999,-9999,-9999,-9999,-9999,-9999,-9999,-9999,-9999,-9999,-9999,-9999,-9999,-9999,-9999,-9999,-9999,-9999,-9999,-9999,-9999,-9999,-9999,-9999,-9999,-9999,-9999,-9999,-9999,-9999,-9999,-9999,-9999,-9999,-9999,-9999,-9999,-9999,-9999,-9999,-9999,-9999,-9999,-9999,-9999,-9999,-9999,-9999,-9999,-9999,-9999,-9999,-9999,-9999,-9999,-9999,-9999,-9999,-9999,-9999,-9999,-9999,-9999,38.0594291687012,37.7780342102051,-9999,-9999,-9999,-9999,-9999,-9999,-9999,-9999,-9999,-9999,-9999,-9999,-9999,-9999,-9999,-9999,-9999,-9999,-9999,-9999,-9999,-9999,-9999,-9999,-9999,-9999,-9999,-9999,-9999,-9999,-9999,-9999,-9999,-9999,-9999,-9999,-9999,-9999,-9999,-9999,-9999,-9999,-9999,-9999,-9999,-9999,-9999,-9999,-9999,-9999,-9999,-9999,-9999,-9999,-9999
-9999,-9999,-9999,-9999,-9999,-9999,-9999,-9999,-9999,-9999,-9999,-9999,-9999,-9999,-9999,-9999,-9999,-9999,-9999,-9999,-9999,-9999,-9999,-9999,-9999,-9999,-9999,-9999,-9999,-9999,-9999,-9999,-9999,-9999,-9999,-9999,-9999,-9999,-9999,-9999,-9999,-9999,-9999,-9999,-9999,-9999,-9999,-9999,-9999,-9999,-9999,-9999,-9999,-9999,-9999,-9999,6.17710147355482E-13,1.09037090467723E-08,1.08203686011166E-08,1.080499512085E-08,-9999,-9999,-9999,-9999,-9999,38.1282043457031,38.5618171691895,39.6760025024414,40.1137771606445,37.2099075317383,35.8862152099609,32.7732734680176,32.562629699707,31.9411125183105,35.6252517700195,34.3339996337891,32.9853553771973,-9999,-9999,25.2671451568604,23.8880882263184,23.0045566558838,23.6778907775879,30.4016284942627,33.5419311523438,35.4970741271973,35.4622230529785,33.1587829589844,24.9837646484375,-9999,-9999,-9999,-9999,-9999,-9999,-9999,-9999,-9999,-9999,-9999,-9999,-9999,-9999,-9999,-9999,-9999,-9999,-9999,-9999,-9999,-9999,-9999,-9999,-9999,-9999,-9999,-9999,-9999,-9999,-9999,-9999,-9999,-9999,-9999,-9999,-9999,-9999,-9999,-9999,-9999,-9999
-9999,-9999,-9999,-9999,-9999,-9999,-9999,-9999,-9999,-9999,-9999,-9999,-9999,-9999,-9999,-9999,-9999,-9999,-9999,-9999,-9999,-9999,-9999,-9999,-9999,-9999,-9999,-9999,-9999,-9999,-9999,-9999,-9999,-9999,-9999,-9999,-9999,-9999,-9999,-9999,-9999,-9999,-9999,-9999,-9999,-9999,-9999,-9999,-9999,-9999,-9999,-9999,-9999,-9999,-9999,7.13429640884777E-13,2.48551810244635E-08,0.000671829620841891,0.000668102235067636,0.000667394197080284,0.00136073597241193,44.1321487426758,-9999,44.204704284668,41.6094055175781,41.842960357666,41.0535736083984,40.3494338989258,39.909538269043,39.462589263916,36.3105049133301,35.3399505615234,35.9680519104004,34.9720764160156,34.6430969238281,35.0556793212891,33.8086891174316,33.4015426635742,32.1908111572266,29.6929492950439,26.4265537261963,23.7296962738037,26.6744785308838,29.8567771911621,34.1841278076172,36.4375038146973,36.4136734008789,34.0652847290039,28.5820407867432,22.4986095428467,15.9582557678223,-9999,-9999,-9999,-9999,-9999,-9999,-9999,-9999,-9999,-9999,-9999,-9999,-9999,-9999,-9999,-9999,-9999,-9999,-9999,-9999,-9999,-9999,-9999,-9999,-9999,-9999,-9999,-9999,-9999,-9999,-9999,-9999,-9999,-9999,-9999,-9999,-9999,-9999,-9999,-9999
-9999,-9999,-9999,-9999,-9999,-9999,-9999,-9999,-9999,-9999,-9999,-9999,-9999,-9999,-9999,-9999,-9999,-9999,-9999,-9999,-9999,-9999,-9999,-9999,-9999,-9999,-9999,-9999,-9999,-9999,-9999,-9999,-9999,-9999,-9999,-9999,-9999,-9999,-9999,-9999,-9999,-9999,-9999,-9999,-9999,-9999,-9999,-9999,-9999,-9999,-9999,-9999,-9999,-9999,-9999,1.44871199481145E-08,0.000772598083131015,45.8924217224121,45.8352851867676,45.8847312927246,46.0419692993164,45.227481842041,44.6935195922852,44.6861305236816,42.5020599365234,41.7647399902344,40.3826446533203,40.4219512939453,39.8239860534668,38.5126991271973,37.4841079711914,37.166820526123,36.8463516235352,36.5528335571289,36.1142997741699,35.7543678283691,34.8362808227539,33.7325019836426,31.879846572876,29.6037425994873,26.6761569976807,24.1135749816895,27.2125263214111,31.9521236419678,36.0070953369141,38.0181579589844,37.5278549194336,35.3074226379395,29.011791229248,22.9540748596191,15.8996839523315,13.8811187744141,18.097957611084,-9999,-9999,-9999,-9999,-9999,-9999,-9999,-9999,-9999,29.3489570617676,30.5095481872559,32.6212997436523,-9999,-9999,-9999,-9999,-9999,-9999,-9999,-9999,-9999,-9999,-9999,-9999,-9999,-9999,-9999,-9999,-9999,-9999,-9999,-9999,-9999,-9999,-9999,-9999,-9999,-9999
-9999,-9999,-9999,-9999,-9999,-9999,-9999,-9999,-9999,-9999,-9999,-9999,-9999,-9999,-9999,-9999,-9999,-9999,-9999,-9999,-9999,-9999,-9999,-9999,-9999,-9999,-9999,-9999,-9999,-9999,-9999,38.8638343811035,-9999,-9999,-9999,39.7661895751953,-9999,-9999,-9999,-9999,-9999,-9999,-9999,-9999,-9999,-9999,-9999,-9999,-9999,-9999,-9999,-9999,-9999,-9999,-9999,-9999,-9999,45.4615173339844,45.6870231628418,45.7844924926758,-9999,46.1790428161621,45.5962181091309,44.6806526184082,43.311637878418,41.2645874023438,41.2055206298828,40.7159042358398,40.0543670654297,37.6341743469238,36.7752952575684,37.9980850219727,38.2113723754883,37.6476631164551,37.098461151123,36.6455535888672,35.8995361328125,34.9199409484863,34.6875076293945,34.6247444152832,32.6211967468262,31.7894039154053,34.7597503662109,36.796989440918,39.5536155700684,40.7887725830078,39.7936859130859,37.5119972229004,32.7343978881836,29.5676345825195,27.334285736084,22.5500755310059,16.808910369873,20.0878372192383,-9999,-9999,-9999,-9999,-9999,-9999,-9999,-9999,34.3940734863281,36.379566192627,35.8146934509277,33.9386138916016,33.3143882751465,-9999,-9999,-9999,-9999,-9999,-9999,-9999,-9999,-9999,-9999,-9999,-9999,-9999,-9999,-9999,-9999,-9999,-9999,-9999,-9999,-9999,-9999,-9999,-9999
-9999,-9999,-9999,-9999,-9999,-9999,-9999,-9999,-9999,-9999,-9999,-9999,-9999,-9999,-9999,-9999,-9999,-9999,-9999,-9999,-9999,-9999,-9999,-9999,-9999,-9999,-9999,-9999,-9999,-9999,38.6059265136719,38.4250144958496,-9999,-9999,39.7040901184082,40.0923118591309,-9999,-9999,36.322624206543,37.9006156921387,-9999,-9999,-9999,-9999,-9999,41.407844543457,-9999,-9999,-9999,-9999,-9999,-9999,-9999,-9999,-9999,-9999,-9999,-9999,-9999,-9999,-9999,46.0417671203613,46.6016654968262,44.8138275146484,43.4879684448242,42.1939315795898,40.4552154541016,39.7875823974609,38.7426490783691,36.5927581787109,35.4542541503906,38.771671295166,40.1693153381348,39.5325241088867,38.7176513671875,37.8799476623535,37.5221252441406,36.1621360778809,37.7344551086426,39.2667007446289,39.724292755127,38.840145111084,39.7667655944824,40.7368850708008,41.8777046203613,42.3219337463379,41.4387969970703,39.7130241394043,36.4677467346191,35.3902473449707,36.7782173156738,30.3010635375977,18.1148242950439,20.033088684082,24.3143939971924,-9999,-9999,-9999,-9999,-9999,34.7333984375,34.9711112976074,35.6760597229004,35.8210411071777,37.0121116638184,37.4534568786621,35.7634773254395,32.6631927490234,-9999,-9999,-9999,-9999,-9999,-9999,-9999,-9999,-9999,-9999,-9999,-9999,-9999,-9999,-9999,-9999,-9999,-9999,-9999,-9999,-9999,-9999,-9999
-9999,-9999,-9999,-9999,-9999,-9999,-9999,-9999,-9999,-9999,-9999,-9999,-9999,-9999,-9999,-9999,-9999,-9999,-9999,-9999,-9999,-9999,-9999,38.8370094299316,38.8277320861816,-9999,-9999,-9999,-9999,38.0187377929688,38.2359008789063,38.453125,38.3154563903809,39.4847221374512,39.6162033081055,39.3898773193359,36.9424285888672,35.4672088623047,35.6066207885742,-9999,38.9337196350098,40.9913024902344,-9999,-9999,41.0065231323242,41.3386459350586,42.0715026855469,42.3826522827148,-9999,-9999,-9999,-9999,-9999,-9999,-9999,-9999,-9999,41.7571067810059,43.8760070800781,-9999,-9999,-9999,44.9212226867676,44.3870887756348,43.9085235595703,42.6523132324219,41.885139465332,40.9615821838379,39.4642715454102,35.821044921875,34.479564666748,37.7873840332031,39.9016532897949,40.6043434143066,39.9919166564941,39.4190635681152,38.771297454834,37.7718162536621,37.8774604797363,39.4463844299316,39.9217681884766,39.9484481811523,40.9764862060547,41.8311309814453,42.2539710998535,42.3932037353516,42.0299377441406,40.9436264038086,38.3571853637695,36.5973434448242,35.8319320678711,31.1479263305664,24.0080413818359,23.4805335998535,24.2092151641846,21.2820854187012,20.8706245422363,22.2835597991943,22.8283138275146,24.8759784698486,29.6874847412109,34.9614753723145,35.0688934326172,35.6982498168945,36.5425643920898,37.2945709228516,37.8568153381348,35.479434967041,33.2256278991699,33.5850524902344,-9999,-9999,-9999,-9999,-9999,-9999,-9999,-9999,-9999,-9999,-9999,-9999,-9999,-9999,-9999,-9999,-9999,-9999,-9999,-9999,-9999
-9999,-9999,-9999,-9999,-9999,-9999,-9999,-9999,-9999,-9999,-9999,-9999,-9999,-9999,-9999,-9999,-9999,-9999,-9999,-9999,-9999,-9999,38.3751945495605,37.7835693359375,38.3942680358887,39.5027809143066,40.8762359619141,37.7990951538086,37.3111038208008,37.1754379272461,37.6251335144043,37.551197052002,36.8332023620605,37.7603645324707,38.3817825317383,36.9410781860352,35.5599670410156,35.0588493347168,35.6520729064941,36.1486892700195,37.4823951721191,39.8469467163086,40.9329071044922,40.4270706176758,41.0472717285156,41.4550399780273,42.6419372558594,43.2598609924316,43.2614250183105,-9999,-9999,-9999,-9999,-9999,-9999,-9999,-9999,39.6648406982422,40.4269943237305,42.9609527587891,-9999,-9999,43.9366073608398,44.8496513366699,45.5129699707031,43.9121360778809,42.2348937988281,40.5668106079102,38.1642990112305,34.8773460388184,33.7323608398438,37.4196281433105,39.4954795837402,40.9188995361328,41.1772422790527,40.4044609069824,39.9195671081543,39.2969245910645,39.3116722106934,38.6809463500977,39.8862571716309,41.0312347412109,42.0121231079102,42.7071838378906,42.5694007873535,42.4732551574707,42.4696960449219,41.8420104980469,40.3672828674316,37.9359550476074,34.5596084594727,31.7124557495117,28.6611442565918,25.9148139953613,23.5017528533936,22.2918472290039,21.9317893981934,24.0245475769043,24.2120170593262,23.7020664215088,26.0307102203369,32.3530807495117,35.3365859985352,35.7950248718262,36.4799270629883,37.0468215942383,37.6652679443359,38.5703048706055,36.3872528076172,35.1100006103516,-9999,-9999,-9999,-9999,-9999,-9999,-9999,-9999,-9999,-9999,-9999,-9999,-9999,-9999,-9999,-9999,-9999,-9999,-9999,-9999,-9999
-9999,-9999,-9999,-9999,-9999,-9999,-9999,-9999,-9999,-9999,-9999,-9999,-9999,-9999,-9999,-9999,-9999,-9999,-9999,-9999,-9999,-9999,38.8370742797852,37.6377487182617,37.6986045837402,38.8820304870605,41.9176597595215,41.0798759460449,36.5080413818359,37.1220932006836,37.8549194335938,37.5207939147949,36.8288269042969,37.4029579162598,37.2738761901855,36.3995018005371,35.1338500976563,34.7133903503418,34.9902572631836,35.463737487793,36.9020309448242,38.8967247009277,40.3000297546387,40.6640701293945,40.9370765686035,41.1173934936523,41.2578353881836,42.757453918457,42.8262519836426,43.1800842285156,43.020149230957,-9999,-9999,-9999,-9999,-9999,-9999,-9999,39.1797103881836,40.6072196960449,42.2941780090332,42.7115936279297,43.2908020019531,44.6908187866211,45.2528762817383,44.0144653320313,41.962100982666,38.4683036804199,35.0825576782227,33.3280067443848,34.5603866577148,38.5767631530762,40.7407455444336,41.8946304321289,42.1642150878906,42.231201171875,41.885871887207,41.4529342651367,40.8985595703125,40.086555480957,41.0858612060547,42.0477714538574,42.3726921081543,42.6189231872559,42.5910034179688,42.5735397338867,42.5837516784668,42.0229034423828,40.809513092041,38.1407241821289,33.5619888305664,32.004077911377,30.8093280792236,25.6393127441406,19.4073123931885,20.4297828674316,21.3014316558838,23.0643253326416,24.326416015625,23.7922649383545,26.4511337280273,33.1120719909668,36.6990814208984,38.5505218505859,38.0074806213379,35.9715270996094,36.5404586791992,38.1557579040527,37.9828147888184,35.9075775146484,38.6077423095703,-9999,-9999,-9999,-9999,-9999,-9999,-9999,-9999,-9999,-9999,-9999,-9999,-9999,-9999,-9999,-9999,-9999,-9999,-9999,-9999
-9999,-9999,-9999,-9999,-9999,-9999,-9999,-9999,-9999,-9999,-9999,-9999,-9999,-9999,-9999,-9999,-9999,-9999,-9999,-9999,-9999,-9999,38.9627151489258,38.8090744018555,36.4281349182129,35.5004348754883,42.505615234375,43.9953689575195,40.2775039672852,38.1618499755859,38.6602745056152,38.5289268493652,37.9463310241699,37.6731872558594,37.0283203125,36.8966293334961,36.1851959228516,35.8619499206543,35.7735748291016,36.3795585632324,37.0782432556152,38.2833480834961,39.2374114990234,39.7467727661133,39.8736000061035,40.2803649902344,40.0983924865723,40.4831809997559,41.1378936767578,42.7494125366211,42.6985549926758,-9999,-9999,-9999,-9999,39.7819862365723,39.4578094482422,39.0973358154297,38.9865455627441,39.9142646789551,40.9626274108887,42.2968673706055,43.2357063293457,44.2108192443848,44.3457527160645,42.3922500610352,41.1476249694824,36.5919761657715,33.8743209838867,35.3916778564453,36.6481857299805,40.1027755737305,42.1527976989746,43.1567726135254,43.5323715209961,43.3324699401855,42.9221572875977,42.4080047607422,41.8369979858398,41.2443046569824,41.9790954589844,42.6564140319824,42.5747108459473,42.5218849182129,42.5721817016602,42.6013679504395,42.5914573669434,42.1479568481445,41.2042198181152,38.7077255249023,34.669319152832,34.184211730957,35.3480796813965,29.3500995635986,20.9243812561035,22.0210609436035,23.1730728149414,24.8183498382568,26.0742416381836,25.7466945648193,27.9625282287598,34.0581512451172,37.8463859558105,40.5088729858398,39.4717483520508,36.1406021118164,37.1634140014648,39.4225807189941,39.9823760986328,39.6679649353027,39.243709564209,40.5993003845215,-9999,-9999,-9999,-9999,-9999,-9999,-9999,-9999,-9999,-9999,-9999,-9999,-9999,-9999,-9999,-9999,-9999,-9999,-9999
-9999,-9999,-9999,-9999,-9999,-9999,-9999,-9999,-9999,-9999,-9999,-9999,-9999,-9999,-9999,-9999,-9999,-9999,-9999,-9999,-9999,37.8305435180664,38.9991188049316,38.4296112060547,35.7997779846191,35.7000885009766,41.9674415588379,44.4165382385254,43.0928077697754,42.2934341430664,41.7815093994141,41.5248641967773,41.4034652709961,40.9127349853516,40.7104263305664,40.2603149414063,39.7481880187988,39.4856071472168,39.345043182373,39.525276184082,39.2179794311523,37.348258972168,36.9260749816895,38.3037452697754,38.9198875427246,39.2273826599121,39.4282417297363,39.2888336181641,39.7131729125977,39.9192657470703,40.3096160888672,40.2809524536133,40.0372047424316,40.3550033569336,39.9725608825684,39.9898262023926,39.2645454406738,39.1357078552246,39.0511207580566,39.0336265563965,38.1736640930176,38.4708404541016,40.0307464599609,42.6861343383789,44.4773101806641,42.7144889831543,40.0026550292969,35.3665237426758,35.5859832763672,39.581111907959,42.2510681152344,43.2138023376465,43.7037200927734,43.7126312255859,43.5715217590332,43.3265571594238,43.0312767028809,42.7107467651367,42.4182472229004,42.1228408813477,42.2423782348633,42.3651123046875,42.389965057373,42.417797088623,42.4522285461426,42.4359855651855,42.3245048522949,42.1027069091797,41.7564659118652,40.9268379211426,39.7427711486816,39.7512550354004,40.1373405456543,37.7270278930664,33.8180847167969,31.3484725952148,29.0377597808838,29.7399654388428,30.9432621002197,30.9910316467285,32.243221282959,35.2027168273926,38.455005645752,41.3956184387207,41.115421295166,39.1150512695313,41.0045928955078,43.7723617553711,42.2029991149902,40.0208778381348,40.311149597168,40.0337677001953,38.3485374450684,37.8460121154785,-9999,-9999,-9999,-9999,-9999,-9999,-9999,-9999,-9999,-9999,-9999,-9999,-9999,-9999,-9999,-9999,-9999
-9999,-9999,-9999,-9999,-9999,-9999,-9999,-9999,-9999,-9999,-9999,-9999,-9999,-9999,-9999,-9999,-9999,-9999,-9999,-9999,-9999,35.94140625,35.498420715332,36.692211151123,36.1121215820313,36.8941650390625,41.519588470459,43.8275413513184,43.5342788696289,43.2017402648926,42.628662109375,42.2608375549316,42.223747253418,41.9543304443359,41.6389198303223,41.2587966918945,40.8347854614258,40.5281715393066,40.3363571166992,40.3599243164063,39.8495140075684,38.1231155395508,37.1539611816406,37.6400451660156,38.1549530029297,38.7450485229492,39.2517127990723,39.8212814331055,39.4484748840332,39.141471862793,39.3666915893555,39.5192375183105,39.7401504516602,39.6712875366211,39.4779014587402,39.2739143371582,38.468074798584,38.0439605712891,37.6886367797852,36.7368774414063,36.517391204834,37.7790718078613,38.7414741516113,39.5640144348145,42.8676223754883,41.9983024597168,41.1498184204102,36.0073432922363,37.991641998291,42.1948776245117,44.5838623046875,44.3876724243164,44.114860534668,43.7464828491211,-9999,-9999,-9999,-9999,-9999,-9999,-9999,42.0789527893066,42.1373863220215,42.193962097168,42.2426414489746,42.2168502807617,42.0507583618164,41.9318008422852,41.8638038635254,41.8370513916016,41.8356246948242,41.7971115112305,41.7657089233398,41.2033348083496,39.7282524108887,35.8150177001953,32.068187713623,33.118480682373,33.73291015625,32.0861015319824,32.1259155273438,33.8123970031738,36.6207809448242,39.9455299377441,40.8705062866211,40.5123519897461,42.4899139404297,44.7818832397461,42.3068504333496,39.064624786377,39.8426170349121,39.5347671508789,38.8591232299805,36.8858604431152,37.4825668334961,-9999,-9999,-9999,-9999,-9999,-9999,-9999,-9999,-9999,-9999,-9999,-9999,-9999,-9999,-9999,-9999
-9999,-9999,-9999,-9999,-9999,-9999,-9999,-9999,-9999,-9999,-9999,-9999,-9999,-9999,-9999,-9999,-9999,-9999,-9999,33.8478088378906,34.5656089782715,33.9916343688965,33.5222549438477,33.2562446594238,37.1674690246582,39.8777694702148,40.7057571411133,41.0825843811035,40.7347221374512,40.351936340332,40.0559234619141,39.9282569885254,39.899787902832,39.5848922729492,39.266716003418,38.9503936767578,38.5582733154297,38.3476715087891,38.1401977539063,38.1522521972656,38.7198219299316,41.0826759338379,41.494457244873,39.2916297912598,38.553092956543,39.2397537231445,40.0144882202148,41.0064239501953,39.807243347168,37.8351669311523,38.1565093994141,38.3505020141602,38.1505012512207,38.0510635375977,37.9063453674316,37.2526321411133,35.9112205505371,34.8927536010742,34.3909568786621,35.4774894714355,37.5314445495605,40.1357231140137,42.0634956359863,41.6561012268066,41.1544189453125,39.4873046875,40.8721046447754,42.0495681762695,42.1850357055664,43.3464164733887,44.0323104858398,-9999,-9999,-9999,-9999,-9999,-9999,-9999,-9999,-9999,-9999,-9999,-9999,41.7948989868164,41.9022598266602,41.919979095459,41.7686920166016,41.5825157165527,41.3578567504883,41.0954055786133,40.806282043457,40.7168388366699,40.7005004882813,40.7711753845215,40.8472785949707,37.3482551574707,33.8742370605469,34.3872222900391,33.9336547851563,29.1915130615234,26.2922477722168,28.0166339874268,30.2913608551025,33.5873832702637,37.1536254882813,40.3215789794922,41.5273971557617,42.3395538330078,39.8607788085938,36.5805168151855,38.8092994689941,40.3110542297363,40.4801445007324,35.4528656005859,35.8101387023926,-9999,-9999,-9999,-9999,-9999,-9999,-9999,-9999,-9999,-9999,-9999,-9999,-9999,-9999,-9999,-9999
-9999,-9999,-9999,-9999,-9999,-9999,-9999,-9999,-9999,-9999,-9999,-9999,-9999,-9999,-9999,-9999,-9999,-9999,31.7819499969482,32.9611740112305,33.1983299255371,35.0793838500977,33.5997772216797,32.7918357849121,36.8783950805664,39.6494560241699,40.423454284668,40.8347206115723,40.2351684570313,39.923698425293,39.6998100280762,39.6593780517578,39.5649299621582,39.4011764526367,39.0155715942383,38.922794342041,38.5965461730957,38.5768852233887,38.3193054199219,38.2230758666992,39.1849937438965,42.3471412658691,42.8852958679199,40.562141418457,39.3427734375,39.9811515808105,40.5794525146484,41.4421920776367,39.8409576416016,37.1905517578125,36.4156837463379,36.0791091918945,35.8788681030273,35.7701644897461,36.7100563049316,37.0252304077148,35.5598564147949,34.4233894348145,34.0677337646484,36.2244682312012,39.254020690918,41.5387344360352,43.0036926269531,43.242359161377,43.1346397399902,42.8896102905273,42.5069351196289,43.1368064880371,-9999,-9999,-9999,-9999,-9999,-9999,-9999,-9999,-9999,-9999,-9999,-9999,-9999,-9999,-9999,-9999,-9999,41.5951881408691,41.4761695861816,41.2801704406738,40.9990539550781,40.6303367614746,40.1989822387695,40.0391998291016,39.9792785644531,40.277946472168,40.6466751098633,38.2748680114746,35.8759231567383,35.0692291259766,33.4159126281738,28.5506153106689,24.7024898529053,24.0305099487305,24.9916038513184,27.746976852417,32.820140838623,37.6847457885742,38.6269798278809,38.9465408325195,38.4025955200195,37.678394317627,38.5455093383789,39.0962257385254,39.5439262390137,36.2893829345703,34.9090118408203,-9999,-9999,-9999,-9999,-9999,-9999,-9999,-9999,-9999,-9999,-9999,-9999,-9999,-9999,-9999,-9999
-9999,-9999,-9999,-9999,-9999,-9999,-9999,-9999,-9999,-9999,-9999,-9999,33.2654800415039,31.980001449585,-9999,31.5877590179443,33.0712280273438,34.5479125976563,33.9643630981445,31.4398937225342,34.1018295288086,37.0563468933105,35.9749526977539,35.2133941650391,35.683422088623,37.2218894958496,40.7154808044434,42.3708686828613,42.261604309082,41.922046661377,41.8161125183105,41.6751174926758,41.8213424682617,41.5160789489746,41.2483253479004,41.3303871154785,41.0396957397461,41.1126022338867,40.5535087585449,40.3207473754883,40.7569541931152,40.7634201049805,41.0154113769531,41.0051574707031,40.7542304992676,40.9155120849609,41.0966720581055,41.5543746948242,39.8237152099609,37.2084426879883,34.8408737182617,32.3062591552734,32.127311706543,32.5045700073242,35.758716583252,37.5168800354004,36.5099868774414,35.7416229248047,36.3313255310059,38.7264137268066,41.4249038696289,42.6484832763672,43.2735824584961,43.3819580078125,43.367130279541,43.183723449707,43.0167121887207,-9999,-9999,-9999,-9999,-9999,-9999,-9999,-9999,-9999,-9999,-9999,-9999,-9999,-9999,-9999,-9999,-9999,-9999,-9999,41.1732940673828,41.0180053710938,40.7700958251953,40.4102020263672,39.9721832275391,39.727840423584,39.5541305541992,39.7268142700195,39.9531440734863,39.0719146728516,37.9871482849121,35.3227386474609,32.4144706726074,30.8892707824707,28.0159893035889,22.6752414703369,21.0344276428223,23.1006145477295,27.247386932373,31.9845218658447,33.5907402038574,34.6067237854004,38.2362785339355,41.3305435180664,39.5991744995117,38.3321800231934,39.3606109619141,36.7974891662598,34.9839248657227,-9999,-9999,-9999,-9999,-9999,-9999,-9999,-9999,-9999,-9999,-9999,-9999,-9999,-9999,-9999,-9999
-9999,-9999,-9999,-9999,-9999,-9999,-9999,-9999,-9999,-9999,31.0286540985107,32.7332153320313,34.3114585876465,32.0366401672363,31.6795501708984,29.6115913391113,31.6410522460938,36.0445098876953,35.4569244384766,33.1170043945313,35.69775390625,38.8973579406738,38.3139533996582,37.6081848144531,37.5764694213867,37.5698165893555,40.5441131591797,42.0218620300293,41.6728591918945,42.1521301269531,42.8644638061523,43.2813377380371,43.1289520263672,43.1524391174316,42.818187713623,42.4555435180664,42.5770683288574,42.3335304260254,42.220157623291,41.8423728942871,41.6880187988281,41.5730361938477,41.3586654663086,41.4251022338867,41.4460105895996,41.6664237976074,42.045524597168,42.3046455383301,41.0782699584961,39.4649200439453,36.7255668640137,33.6732940673828,33.5378227233887,33.9652519226074,36.3059425354004,37.9173583984375,37.6561279296875,38.0559120178223,38.2223968505859,39.8645172119141,41.8270568847656,42.5976448059082,42.9146690368652,42.9586410522461,42.9391937255859,42.850341796875,-9999,-9999,-9999,-9999,-9999,-9999,-9999,-9999,-9999,-9999,-9999,-9999,-9999,-9999,-9999,-9999,-9999,-9999,-9999,-9999,-9999,40.7135581970215,40.4637031555176,40.1246910095215,39.7240715026855,39.4763870239258,39.2864303588867,39.3535385131836,39.4598503112793,39.3152694702148,38.9029769897461,36.4112014770508,33.587100982666,31.9503688812256,29.417142868042,25.078088760376,21.8441638946533,20.5721702575684,23.1328544616699,27.4374847412109,30.4627933502197,33.145751953125,36.9534378051758,40.2819175720215,38.1335258483887,36.4846611022949,38.0995788574219,35.6782531738281,33.5028381347656,-9999,-9999,-9999,-9999,-9999,-9999,-9999,-9999,-9999,-9999,-9999,-9999,-9999,-9999,-9999,-9999
-9999,-9999,-9999,-9999,-9999,-9999,-9999,-9999,27.7710361480713,28.9831390380859,29.1210536956787,28.9966583251953,30.1871452331543,32.1989974975586,31.4736404418945,29.72926902771,31.751766204834,36.3009605407715,36.3984832763672,34.7836723327637,38.0554084777832,40.8486938476563,39.85107421875,39.5859794616699,39.3049926757813,38.9952201843262,39.2209701538086,39.2405471801758,39.010929107666,40.3014793395996,43.1795501708984,44.2230224609375,44.2551879882813,44.1292686462402,44.0921249389648,43.9409790039063,43.8084907531738,43.4077835083008,43.3563003540039,43.1125335693359,42.8392715454102,42.6379928588867,42.5023002624512,42.4413528442383,42.3813629150391,42.3776435852051,42.4087066650391,42.4700775146484,42.5135612487793,42.5417404174805,40.498908996582,38.0846557617188,37.9454574584961,38.3047752380371,38.3800811767578,38.6151733398438,38.1687088012695,38.6841163635254,40.2221908569336,41.3857498168945,41.931640625,42.192699432373,-9999,-9999,-9999,-9999,-9999,-9999,-9999,-9999,-9999,-9999,-9999,-9999,-9999,-9999,-9999,-9999,-9999,-9999,-9999,-9999,-9999,-9999,-9999,-9999,-9999,-9999,40.1153335571289,39.8037071228027,39.464527130127,39.2577896118164,39.0990753173828,39.0726852416992,39.0675354003906,39.2900848388672,39.3120956420898,37.8465919494629,35.8338203430176,32.6105651855469,30.145975112915,29.0560894012451,26.0276432037354,20.2131748199463,20.1316242218018,22.4857597351074,28.5005035400391,33.6535911560059,35.266902923584,36.6281356811523,35.0921516418457,34.2588768005371,36.4931564331055,34.5562515258789,33.7305488586426,-9999,-9999,-9999,-9999,-9999,-9999,-9999,-9999,-9999,-9999,-9999,-9999,-9999,-9999,-9999,-9999
-9999,-9999,-9999,-9999,-9999,-9999,-9999,-9999,26.2182083129883,27.6345500946045,28.7623805999756,28.3445262908936,28.4920234680176,29.0365886688232,29.5790843963623,30.5405597686768,33.5224876403809,37.2226295471191,38.0779113769531,36.919563293457,37.8815002441406,39.3991889953613,40.4741973876953,41.0030784606934,40.8484420776367,40.5621147155762,40.2019424438477,39.8442649841309,39.5545387268066,40.3233070373535,42.1256065368652,42.664608001709,42.5126762390137,42.392520904541,42.2194671630859,42.0060844421387,41.9072494506836,41.6963386535645,41.5192527770996,41.3010864257813,41.1953506469727,41.0166702270508,41.2389907836914,41.9876251220703,42.2571601867676,42.2068862915039,42.1263160705566,41.9839668273926,42.1142158508301,42.2417526245117,41.1943359375,40.0152053833008,40.2467498779297,40.3818397521973,40.2559394836426,40.0598106384277,39.769889831543,40.1104278564453,40.9865226745605,41.538330078125,41.8426742553711,41.96240234375,-9999,-9999,-9999,-9999,-9999,-9999,-9999,-9999,-9999,-9999,-9999,-9999,-9999,-9999,-9999,-9999,-9999,-9999,-9999,-9999,-9999,-9999,-9999,-9999,-9999,-9999,-9999,-9999,39.0708961486816,38.9053344726563,38.7827072143555,38.7304267883301,38.6866645812988,38.9018936157227,38.9785652160645,38.0377540588379,36.7977981567383,34.463737487793,32.3716506958008,30.4778270721436,27.8276824951172,23.9711647033691,21.3283615112305,20.2835159301758,24.8752326965332,29.9402256011963,31.2938365936279,32.2007102966309,31.608455657959,31.5375919342041,34.6142921447754,31.4175281524658,30.6159706115723,-9999,-9999,-9999,-9999,-9999,-9999,-9999,-9999,-9999,-9999,-9999,-9999,-9999,-9999,-9999,-9999
-9999,-9999,-9999,-9999,-9999,-9999,20.6835479736328,26.2482414245605,26.2964878082275,26.1734161376953,27.6224231719971,28.350549697876,28.0872631072998,26.1380920410156,27.3155155181885,32.1159515380859,36.1658477783203,39.0910911560059,39.364917755127,38.4320526123047,37.7910346984863,37.1854133605957,39.9589347839355,41.9867172241211,42.0498428344727,41.9248580932617,41.6116790771484,41.2574195861816,40.9051818847656,40.6622161865234,40.3774261474609,40.0861282348633,39.7601928710938,39.5065078735352,39.3261756896973,39.1390762329102,38.9519271850586,38.9077186584473,38.8642997741699,38.754581451416,38.6435356140137,38.5159225463867,39.2364845275879,41.1595344543457,41.9698715209961,41.859992980957,41.5971717834473,41.2468910217285,41.0257530212402,40.8198432922363,40.9311180114746,41.0690803527832,41.2737121582031,41.4788856506348,41.4795761108398,41.4019470214844,41.1309776306152,40.9787445068359,40.9974250793457,41.2572746276855,41.7045860290527,-9999,-9999,-9999,-9999,-9999,-9999,-9999,-9999,-9999,-9999,-9999,-9999,-9999,-9999,-9999,-9999,-9999,-9999,-9999,-9999,-9999,-9999,-9999,-9999,-9999,-9999,-9999,-9999,-9999,-9999,-9999,-9999,38.3669776916504,38.3062744140625,38.4161605834961,38.4501419067383,37.9378509521484,37.3807373046875,36.5670776367188,34.8211097717285,31.2753124237061,28.9794292449951,28.1676597595215,24.5298404693604,18.7477970123291,20.5444469451904,24.4710826873779,25.7277908325195,27.0330009460449,27.3288345336914,28.3204593658447,32.2066192626953,29.9827003479004,-9999,-9999,-9999,-9999,-9999,-9999,-9999,-9999,-9999,-9999,-9999,-9999,-9999,-9999,-9999,-9999,-9999
-9999,-9999,-9999,-9999,-9999,-9999,26.1491298675537,26.1708641052246,25.8179683685303,25.9340381622314,26.1410369873047,28.9593467712402,31.1385231018066,31.7972621917725,33.2454986572266,34.8314933776855,37.269100189209,40.0126342773438,40.1628608703613,39.350170135498,38.8601531982422,38.3273887634277,40.4136352539063,42.0942726135254,42.0808906555176,41.9174613952637,41.7150459289551,41.5322380065918,41.1743049621582,40.808910369873,40.3691940307617,40.112190246582,39.8438987731934,39.5563507080078,39.2712516784668,39.4629402160645,39.7054901123047,39.6573677062988,39.5926780700684,39.435619354248,39.2967071533203,39.2239952087402,39.609806060791,40.672119140625,41.1320190429688,41.0765762329102,40.8652839660645,40.5547409057617,40.4349975585938,40.3779678344727,40.5032157897949,40.6489295959473,40.7395362854004,40.8285102844238,40.8763885498047,40.8578414916992,40.6773529052734,40.5550575256348,40.5149803161621,-9999,-9999,-9999,-9999,-9999,-9999,-9999,-9999,-9999,-9999,-9999,-9999,-9999,-9999,-9999,-9999,-9999,-9999,-9999,-9999,-9999,-9999,-9999,-9999,-9999,-9999,-9999,-9999,-9999,-9999,-9999,-9999,-9999,-9999,-9999,37.9013595581055,37.9616432189941,37.9914588928223,37.8139991760254,37.5399513244629,36.9849166870117,35.9490928649902,34.1109962463379,31.8202247619629,29.2028713226318,26.3377017974854,22.7240009307861,21.5689544677734,21.210958480835,24.2413158416748,27.4786376953125,28.6273918151855,29.8422660827637,31.5586605072021,29.4903869628906,30.0275745391846,28.1065063476563,-9999,-9999,-9999,-9999,-9999,-9999,-9999,-9999,-9999,-9999,-9999,-9999,-9999,-9999,-9999
-9999,-9999,-9999,-9999,25.1832389831543,26.7545108795166,26.2262554168701,26.0266361236572,25.9131851196289,25.9863185882568,26.9073467254639,31.2863025665283,34.6852035522461,37.4548835754395,38.3425750732422,37.3388671875,38.3211784362793,40.5100898742676,40.7166061401367,40.1947364807129,39.7120094299316,39.2296371459961,40.3505020141602,41.346004486084,41.4341735839844,41.481086730957,41.3596801757813,41.220832824707,41.0344696044922,40.7803802490234,40.5029487609863,40.2176055908203,39.9287719726563,39.6165962219238,39.3085441589355,39.9008102416992,40.581169128418,40.5003128051758,40.4006805419922,40.1946716308594,40.026050567627,39.9963607788086,40.0099258422852,40.0953140258789,40.1356735229492,40.1378288269043,40.0093803405762,39.8086929321289,39.8710250854492,40.0065460205078,40.0475425720215,40.0798110961914,40.0602416992188,40.0591735839844,-9999,-9999,-9999,-9999,-9999,-9999,-9999,-9999,-9999,-9999,-9999,-9999,-9999,-9999,-9999,-9999,-9999,-9999,-9999,-9999,-9999,-9999,-9999,-9999,-9999,-9999,-9999,-9999,-9999,-9999,-9999,-9999,-9999,-9999,-9999,-9999,-9999,-9999,-9999,-9999,-9999,37.5024719238281,37.5334701538086,37.6730499267578,37.6559753417969,37.1690979003906,36.8260726928711,36.618724822998,34.3977890014648,30.0365295410156,27.8333930969238,26.7983112335205,22.7512168884277,17.8272285461426,23.0479412078857,28.2427864074707,29.9090843200684,31.2536792755127,30.8553829193115,22.345121383667,22.8048286437988,27.9048309326172,29.0278759002686,-9999,-9999,-9999,-9999,-9999,-9999,-9999,-9999,-9999,-9999,-9999,-9999,-9999,-9999
-9999,-9999,-9999,-9999,30.5775489807129,28.2377967834473,27.3408870697021,25.8390159606934,26.2163963317871,28.0691108703613,30.3638286590576,33.5693626403809,36.1548347473145,38.143310546875,39.1608505249023,39.2291564941406,39.6790390014648,40.3645668029785,40.1954536437988,39.7041168212891,39.9642333984375,40.3537178039551,40.7507972717285,41.0998153686523,41.113697052002,41.1140785217285,41.0698165893555,40.991569519043,40.8500747680664,40.6718978881836,40.4632263183594,40.2666244506836,40.0888824462891,39.9355506896973,39.7827110290527,39.9877624511719,40.2321510314941,40.034782409668,39.8222694396973,39.5343551635742,39.2891273498535,39.1778984069824,39.1128005981445,39.1195831298828,39.1194381713867,39.1134872436523,39.0341567993164,-9999,-9999,-9999,-9999,-9999,-9999,-9999,-9999,-9999,-9999,-9999,-9999,-9999,-9999,-9999,-9999,-9999,-9999,-9999,-9999,-9999,-9999,-9999,-9999,-9999,-9999,-9999,-9999,-9999,-9999,-9999,-9999,-9999,-9999,-9999,-9999,-9999,-9999,-9999,-9999,-9999,-9999,-9999,-9999,-9999,-9999,-9999,-9999,-9999,37.1384048461914,37.2534294128418,37.2955474853516,37.127025604248,36.6703491210938,35.6772575378418,33.4155616760254,29.7973823547363,27.8589668273926,26.7162551879883,22.3615550994873,16.3017578125,19.6207313537598,23.8343830108643,25.1690254211426,26.4598846435547,27.272102355957,28.0435657501221,21.6638431549072,26.6708602905273,24.6044139862061,-9999,-9999,-9999,-9999,-9999,-9999,-9999,-9999,-9999,-9999,-9999,-9999,-9999,-9999
-9999,-9999,-9999,-9999,-9999,30.6634101867676,28.7077159881592,28.6919593811035,27.4564037322998,31.0590076446533,34.1205940246582,35.9634475708008,37.5411415100098,38.7632179260254,39.6977348327637,40.4010200500488,40.3739051818848,39.8431739807129,39.5127868652344,39.2571983337402,-9999,-9999,-9999,-9999,-9999,-9999,-9999,-9999,-9999,-9999,-9999,-9999,-9999,40.0125694274902,39.9676246643066,39.8567848205566,39.7370758056641,39.44189453125,-9999,-9999,-9999,-9999,-9999,-9999,-9999,-9999,-9999,-9999,-9999,-9999,-9999,-9999,-9999,-9999,-9999,-9999,-9999,-9999,-9999,-9999,-9999,-9999,-9999,-9999,-9999,-9999,-9999,-9999,-9999,-9999,-9999,-9999,-9999,-9999,-9999,-9999,-9999,-9999,-9999,-9999,-9999,-9999,-9999,-9999,-9999,-9999,-9999,-9999,-9999,-9999,-9999,-9999,-9999,-9999,-9999,-9999,36.7504348754883,36.8618049621582,36.9667816162109,37.0644493103027,36.5875968933105,35.100471496582,33.0437278747559,30.313346862793,28.3784980773926,26.8644218444824,22.1588039398193,15.8050622940063,17.0369071960449,18.7115039825439,20.5636596679688,21.9866218566895,23.4562606811523,24.8118267059326,24.7907676696777,22.2785873413086,-9999,-9999,-9999,-9999,-9999,-9999,-9999,-9999,-9999,-9999,-9999,-9999,-9999,-9999,-9999
-9999,-9999,-9999,-9999,-9999,30.412576675415,30.2878856658936,31.2177600860596,32.4332695007324,36.2608985900879,38.9961395263672,39.4315872192383,39.8237838745117,40.4253234863281,40.6823997497559,40.5722503662109,40.1913757324219,39.6130599975586,-9999,-9999,-9999,-9999,-9999,-9999,-9999,-9999,-9999,-9999,-9999,-9999,-9999,-9999,-9999,-9999,-9999,-9999,-9999,-9999,-9999,-9999,-9999,-9999,-9999,-9999,-9999,-9999,-9999,-9999,-9999,-9999,-9999,-9999,-9999,-9999,-9999,-9999,-9999,-9999,-9999,-9999,-9999,-9999,-9999,-9999,-9999,-9999,-9999,-9999,-9999,-9999,-9999,-9999,-9999,-9999,-9999,-9999,-9999,-9999,-9999,-9999,-9999,-9999,-9999,-9999,-9999,-9999,-9999,-9999,-9999,-9999,-9999,-9999,-9999,-9999,-9999,-9999,-9999,36.6212882995605,36.7938957214355,36.8992958068848,36.8051452636719,36.3716659545898,35.4423027038574,33.9524726867676,31.2567863464355,27.6497116088867,24.4929275512695,21.4062213897705,18.733081817627,15.9986267089844,19.7830028533936,22.0315456390381,20.5800304412842,20.4699401855469,21.6449508666992,18.9561500549316,-9999,-9999,-9999,-9999,-9999,-9999,-9999,-9999,-9999,-9999,-9999,-9999,-9999,-9999,-9999
-9999,-9999,30.6473217010498,30.538875579834,30.6239490509033,30.1130981445313,30.6415634155273,33.416259765625,36.1884384155273,39.4685974121094,41.6333465576172,41.281436920166,41.0610198974609,41.2940292358398,41.1068572998047,40.4087142944336,39.7673683166504,-9999,-9999,-9999,-9999,-9999,-9999,-9999,-9999,-9999,-9999,-9999,-9999,-9999,-9999,-9999,-9999,-9999,-9999,-9999,-9999,-9999,-9999,-9999,-9999,-9999,-9999,-9999,-9999,-9999,-9999,-9999,-9999,-9999,-9999,-9999,-9999,-9999,-9999,-9999,-9999,-9999,-9999,-9999,-9999,-9999,-9999,-9999,-9999,-9999,-9999,-9999,-9999,-9999,-9999,-9999,-9999,-9999,-9999,-9999,-9999,-9999,-9999,-9999,-9999,-9999,-9999,-9999,-9999,-9999,-9999,-9999,-9999,-9999,-9999,-9999,-9999,-9999,-9999,-9999,-9999,36.360050201416,36.5798606872559,36.6812591552734,36.8451919555664,37.104621887207,36.9788627624512,36.4016418457031,33.8439979553223,29.7717590332031,27.1095848083496,25.0348377227783,20.6565608978271,15.5793790817261,19.1357765197754,20.96142578125,17.828369140625,17.0146160125732,21.1507949829102,17.8080711364746,-9999,-9999,-9999,-9999,-9999,-9999,-9999,-9999,-9999,-9999,-9999,-9999,-9999,-9999,-9999
-9999,-9999,-9999,-9999,30.6761245727539,30.2003898620605,30.954345703125,35.1515464782715,39.0913543701172,40.1650428771973,40.7987442016602,40.6564331054688,40.5443305969238,40.6476516723633,40.3227081298828,39.490047454834,-9999,-9999,-9999,-9999,-9999,-9999,-9999,-9999,-9999,-9999,-9999,-9999,-9999,-9999,-9999,-9999,-9999,-9999,-9999,-9999,-9999,-9999,-9999,-9999,-9999,-9999,-9999,-9999,-9999,-9999,-9999,-9999,-9999,-9999,-9999,-9999,-9999,-9999,-9999,-9999,-9999,-9999,-9999,-9999,-9999,-9999,-9999,-9999,-9999,-9999,-9999,-9999,-9999,-9999,-9999,-9999,-9999,-9999,-9999,-9999,-9999,-9999,-9999,-9999,-9999,-9999,-9999,-9999,-9999,-9999,-9999,-9999,-9999,-9999,-9999,-9999,-9999,-9999,-9999,-9999,-9999,36.0567741394043,36.2764434814453,36.3454246520996,36.497688293457,36.7786827087402,36.9547882080078,36.9825172424316,36.0341033935547,34.3725204467773,30.4643783569336,25.562126159668,23.0310306549072,20.6559925079346,19.0403690338135,17.2084941864014,16.5384254455566,15.9909677505493,17.4261512756348,18.9922008514404,-9999,-9999,-9999,-9999,-9999,-9999,-9999,-9999,-9999,-9999,-9999,-9999,-9999,-9999,-9999
-9999,-9999,-9999,-9999,30.8115520477295,30.8027153015137,31.4559154510498,36.4079704284668,40.4528884887695,40.488655090332,40.2835655212402,40.3726043701172,40.3549270629883,40.1541976928711,39.6186828613281,-9999,-9999,-9999,-9999,-9999,-9999,-9999,-9999,-9999,-9999,-9999,-9999,-9999,-9999,-9999,-9999,-9999,-9999,-9999,-9999,-9999,-9999,-9999,-9999,-9999,-9999,-9999,-9999,-9999,-9999,-9999,-9999,-9999,-9999,-9999,-9999,-9999,-9999,-9999,-9999,-9999,-9999,-9999,-9999,-9999,-9999,-9999,-9999,-9999,-9999,-9999,-9999,-9999,-9999,-9999,-9999,-9999,-9999,-9999,-9999,-9999,-9999,-9999,-9999,-9999,-9999,-9999,-9999,-9999,-9999,-9999,-9999,-9999,-9999,-9999,-9999,-9999,-9999,-9999,-9999,-9999,-9999,35.7119064331055,35.9401016235352,35.9830856323242,36.0944633483887,36.3065986633301,36.5614547729492,36.8504295349121,36.7615280151367,36.3833808898926,32.1244850158691,25.9689159393311,24.3276481628418,23.1506729125977,18.4941310882568,14.2674674987793,15.1557321548462,15.8178949356079,16.0402526855469,16.7264022827148,13.6409902572632,-9999,-9999,-9999,-9999,-9999,-9999,-9999,-9999,-9999,-9999,-9999,-9999,-9999,-9999
-9999,-9999,-9999,-9999,31.174768447876,31.2010898590088,32.1768455505371,36.7740707397461,40.4142227172852,40.4325370788574,40.2395782470703,40.5742492675781,40.5750465393066,39.87158203125,39.0256614685059,-9999,-9999,-9999,-9999,-9999,-9999,-9999,-9999,-9999,-9999,-9999,-9999,-9999,-9999,-9999,-9999,-9999,-9999,-9999,-9999,-9999,-9999,-9999,-9999,-9999,-9999,-9999,-9999,-9999,-9999,-9999,-9999,-9999,-9999,-9999,-9999,-9999,-9999,-9999,-9999,-9999,-9999,-9999,-9999,-9999,-9999,-9999,-9999,-9999,-9999,-9999,-9999,-9999,-9999,-9999,-9999,-9999,-9999,-9999,-9999,-9999,-9999,-9999,-9999,-9999,-9999,-9999,-9999,-9999,-9999,-9999,-9999,-9999,-9999,-9999,-9999,-9999,-9999,-9999,-9999,-9999,-9999,35.3139266967773,35.5621223449707,35.5885848999023,35.6161193847656,35.6360092163086,35.6813888549805,35.7475700378418,35.7138366699219,35.586841583252,31.7325248718262,26.1690292358398,24.3395385742188,22.9207248687744,17.4966945648193,12.7665166854858,15.1077060699463,16.8694877624512,17.2364521026611,17.8071422576904,18.7153472900391,14.1302242279053,-9999,-9999,-9999,-9999,-9999,-9999,-9999,-9999,-9999,-9999,-9999,-9999,-9999
-9999,-9999,-9999,-9999,26.6752281188965,31.1463241577148,32.3482131958008,35.9974784851074,38.9188346862793,39.1391754150391,39.2050590515137,40.08251953125,40.3798828125,39.5462188720703,-9999,-9999,-9999,-9999,-9999,-9999,-9999,-9999,-9999,-9999,-9999,-9999,-9999,-9999,-9999,-9999,-9999,-9999,-9999,-9999,-9999,-9999,-9999,-9999,-9999,-9999,-9999,-9999,-9999,-9999,-9999,-9999,-9999,-9999,-9999,-9999,-9999,-9999,-9999,-9999,-9999,-9999,-9999,-9999,-9999,-9999,-9999,-9999,-9999,-9999,-9999,-9999,-9999,-9999,-9999,-9999,-9999,-9999,-9999,-9999,-9999,-9999,-9999,-9999,-9999,-9999,-9999,-9999,-9999,-9999,-9999,-9999,-9999,-9999,-9999,-9999,-9999,-9999,-9999,-9999,-9999,-9999,-9999,34.8794364929199,35.145809173584,35.1870040893555,35.1842956542969,35.1000785827637,35.0967559814453,35.1720962524414,35.0018157958984,34.6773910522461,32.4761428833008,29.5146617889404,26.37331199646,22.8569278717041,18.5499324798584,14.689624786377,15.1735095977783,15.8271532058716,16.4128608703613,17.3889846801758,18.2767810821533,18.8871021270752,17.0578479766846,16.6156272888184,-9999,-9999,-9999,-9999,-9999,-9999,-9999,-9999,-9999,-9999,-9999
-9999,-9999,-9999,-9999,29.2586326599121,31.3590984344482,32.7884559631348,34.4098625183105,36.1189079284668,36.6612777709961,37.3264465332031,39.040225982666,39.8700103759766,39.1893768310547,-9999,-9999,-9999,-9999,-9999,-9999,-9999,-9999,-9999,-9999,-9999,-9999,-9999,-9999,-9999,-9999,-9999,-9999,-9999,-9999,-9999,-9999,-9999,-9999,-9999,-9999,-9999,-9999,-9999,-9999,-9999,-9999,-9999,-9999,-9999,-9999,-9999,-9999,-9999,-9999,-9999,-9999,-9999,-9999,-9999,-9999,-9999,-9999,-9999,-9999,-9999,-9999,-9999,-9999,-9999,-9999,-9999,-9999,-9999,-9999,-9999,-9999,-9999,-9999,-9999,-9999,-9999,-9999,-9999,-9999,-9999,-9999,-9999,-9999,-9999,-9999,-9999,-9999,-9999,-9999,-9999,-9999,-9999,-9999,34.6977005004883,34.7784614562988,34.7868347167969,34.6705017089844,34.7486724853516,35.0164031982422,34.5644454956055,33.6457901000977,33.9526252746582,34.5446166992188,29.6190395355225,23.1339950561523,21.2312622070313,19.0482425689697,15.7970714569092,13.5767831802368,14.2677736282349,15.502236366272,17.8221912384033,18.7640228271484,18.7767353057861,-9999,-9999,-9999,-9999,-9999,-9999,-9999,-9999,-9999,-9999,-9999,-9999
-9999,-9999,-9999,-9999,28.6375999450684,30.680606842041,30.6220951080322,31.5065612792969,32.5747566223145,34.7528877258301,36.9004287719727,38.2830657958984,38.9696083068848,38.7402610778809,-9999,-9999,-9999,-9999,-9999,-9999,-9999,-9999,-9999,-9999,-9999,-9999,-9999,-9999,-9999,-9999,-9999,-9999,-9999,-9999,-9999,-9999,-9999,-9999,-9999,-9999,-9999,-9999,-9999,-9999,-9999,-9999,-9999,-9999,-9999,-9999,-9999,-9999,-9999,-9999,-9999,-9999,-9999,-9999,-9999,-9999,-9999,-9999,-9999,-9999,-9999,-9999,-9999,-9999,-9999,-9999,-9999,-9999,-9999,-9999,-9999,-9999,-9999,-9999,-9999,-9999,-9999,-9999,-9999,-9999,-9999,-9999,-9999,-9999,-9999,-9999,-9999,-9999,-9999,-9999,-9999,-9999,-9999,-9999,34.2894287109375,34.3857154846191,34.4073295593262,34.3015823364258,34.4295921325684,34.7791366577148,34.5394973754883,33.9305801391602,34.795108795166,35.9737854003906,30.6354370117188,23.4211444854736,22.0491352081299,19.9076099395752,15.4759941101074,12.2158231735229,12.4918594360352,13.8855228424072,16.9253330230713,23.5450191497803,31.8576755523682,29.5536289215088,34.4211158752441,-9999,-9999,-9999,-9999,-9999,-9999,-9999,-9999,-9999,-9999
-9999,-9999,-9999,-9999,-9999,22.072359085083,28.050931930542,29.0874080657959,28.736515045166,33.2904853820801,36.8343467712402,37.498966217041,37.8563652038574,38.2424850463867,-9999,-9999,-9999,-9999,-9999,-9999,-9999,-9999,-9999,-9999,-9999,-9999,-9999,-9999,-9999,-9999,-9999,-9999,-9999,-9999,-9999,-9999,-9999,-9999,-9999,-9999,-9999,-9999,-9999,-9999,-9999,-9999,-9999,-9999,-9999,-9999,-9999,-9999,-9999,-9999,-9999,-9999,-9999,-9999,-9999,-9999,-9999,-9999,-9999,-9999,-9999,-9999,-9999,-9999,-9999,-9999,-9999,-9999,-9999,-9999,-9999,-9999,-9999,-9999,-9999,-9999,-9999,-9999,-9999,-9999,-9999,-9999,-9999,-9999,-9999,-9999,-9999,-9999,-9999,-9999,-9999,-9999,-9999,-9999,33.8951454162598,33.9967308044434,34.0328712463379,33.9604644775391,34.1228179931641,34.5038986206055,34.6983070373535,34.7716941833496,35.436450958252,36.1211853027344,30.7912425994873,23.7705917358398,22.1035022735596,19.9169616699219,14.9503364562988,11.0871734619141,10.7184438705444,12.3850898742676,16.0872745513916,23.1751804351807,31.5578479766846,34.2436218261719,35.7401123046875,32.1013565063477,-9999,-9999,-9999,-9999,-9999,-9999,-9999,-9999,-9999
-9999,-9999,-9999,-9999,-9999,25.1554889678955,26.5229816436768,26.2836971282959,27.949426651001,32.8998680114746,36.8090057373047,37.180061340332,37.5534248352051,38.0449981689453,-9999,-9999,-9999,-9999,-9999,-9999,-9999,-9999,-9999,-9999,-9999,-9999,-9999,-9999,-9999,-9999,-9999,-9999,-9999,-9999,-9999,-9999,-9999,-9999,-9999,-9999,-9999,-9999,-9999,-9999,-9999,-9999,-9999,-9999,-9999,-9999,-9999,-9999,-9999,-9999,-9999,-9999,-9999,-9999,-9999,-9999,-9999,-9999,-9999,-9999,-9999,-9999,-9999,-9999,-9999,-9999,-9999,-9999,-9999,-9999,-9999,-9999,-9999,-9999,-9999,-9999,-9999,-9999,-9999,-9999,-9999,-9999,-9999,-9999,-9999,-9999,-9999,-9999,-9999,-9999,-9999,-9999,-9999,-9999,33.507682800293,33.6168174743652,33.6718368530273,33.6435546875,33.7861518859863,34.0828819274902,34.2881011962891,34.4224548339844,35.1276168823242,35.846363067627,30.7933216094971,24.0490245819092,22.3523654937744,20.1398239135742,14.7302932739258,10.9817142486572,11.6435832977295,13.5265674591064,17.0774192810059,22.6096992492676,28.9432830810547,33.334774017334,37.5668754577637,37.4441947937012,-9999,-9999,-9999,-9999,-9999,-9999,-9999,-9999,-9999
-9999,-9999,-9999,-9999,-9999,25.1216812133789,25.2148303985596,26.1397552490234,27.4289417266846,32.9642066955566,36.8616027832031,37.1244621276855,37.4294242858887,37.9110527038574,-9999,-9999,-9999,-9999,-9999,-9999,-9999,-9999,-9999,-9999,-9999,-9999,-9999,-9999,-9999,-9999,-9999,-9999,-9999,-9999,-9999,-9999,-9999,-9999,-9999,-9999,-9999,-9999,-9999,-9999,-9999,-9999,-9999,-9999,-9999,-9999,-9999,-9999,-9999,-9999,-9999,-9999,-9999,-9999,-9999,-9999,-9999,-9999,-9999,-9999,-9999,-9999,-9999,-9999,-9999,-9999,-9999,-9999,-9999,-9999,-9999,-9999,-9999,-9999,-9999,-9999,-9999,-9999,-9999,-9999,-9999,-9999,-9999,-9999,-9999,-9999,-9999,-9999,-9999,-9999,-9999,-9999,-9999,-9999,-9999,33.2346420288086,33.3100433349609,33.3300857543945,33.4412574768066,33.6300735473633,33.7530174255371,33.8135795593262,34.6498413085938,35.5287055969238,30.7291851043701,24.3132057189941,22.6662063598633,20.2834072113037,14.7314233779907,10.9781436920166,12.9319648742676,15.4036998748779,18.4230308532715,22.0538005828857,25.9782733917236,30.9515151977539,36.926399230957,38.2227363586426,-9999,-9999,-9999,-9999,-9999,-9999,-9999,-9999,-9999
-9999,-9999,-9999,-9999,-9999,-9999,24.2869434356689,24.773983001709,26.0071563720703,32.1939239501953,36.3938407897949,36.8490562438965,37.1792945861816,-9999,-9999,-9999,-9999,-9999,-9999,-9999,-9999,-9999,-9999,-9999,-9999,-9999,-9999,-9999,-9999,-9999,-9999,-9999,-9999,-9999,-9999,-9999,-9999,-9999,-9999,-9999,-9999,-9999,-9999,-9999,-9999,-9999,-9999,-9999,-9999,-9999,-9999,-9999,-9999,-9999,-9999,-9999,-9999,-9999,-9999,-9999,-9999,-9999,-9999,-9999,-9999,-9999,-9999,-9999,-9999,-9999,-9999,-9999,-9999,-9999,-9999,-9999,-9999,-9999,-9999,-9999,-9999,-9999,-9999,-9999,-9999,-9999,-9999,-9999,-9999,-9999,-9999,-9999,-9999,-9999,-9999,-9999,-9999,-9999,-9999,32.9648590087891,33.0654106140137,33.1258926391602,33.225414276123,33.3534698486328,33.6754760742188,34.0903282165527,34.6119918823242,35.0128326416016,30.4802417755127,24.5925388336182,22.9876556396484,21.0939674377441,17.9144611358643,14.9179420471191,13.6603183746338,13.4007616043091,14.805269241333,19.2963790893555,25.5459785461426,29.562614440918,32.9775619506836,33.7225036621094,-9999,-9999,-9999,-9999,-9999,-9999,-9999,-9999,-9999
-9999,-9999,-9999,-9999,-9999,-9999,22.8564586639404,22.5827598571777,24.4959926605225,31.3524894714355,36.0504608154297,36.562572479248,36.914234161377,-9999,-9999,-9999,-9999,-9999,-9999,-9999,-9999,-9999,-9999,-9999,-9999,-9999,-9999,-9999,-9999,-9999,-9999,-9999,-9999,-9999,-9999,-9999,-9999,-9999,-9999,-9999,-9999,-9999,-9999,-9999,-9999,-9999,-9999,-9999,-9999,-9999,-9999,-9999,-9999,-9999,-9999,-9999,-9999,-9999,-9999,-9999,-9999,-9999,-9999,-9999,-9999,-9999,-9999,-9999,-9999,-9999,-9999,-9999,-9999,-9999,-9999,-9999,-9999,-9999,-9999,-9999,-9999,-9999,-9999,-9999,-9999,-9999,-9999,-9999,-9999,-9999,-9999,-9999,-9999,-9999,-9999,-9999,-9999,-9999,-9999,32.7086791992188,32.8316116333008,32.9232063293457,33.0110473632813,33.0883178710938,33.5976791381836,34.3405494689941,34.5614204406738,34.5171012878418,30.2604541778564,24.8468627929688,23.3674850463867,21.8597774505615,20.6098251342773,18.5837230682373,14.1541595458984,11.4202938079834,11.2930212020874,16.5901527404785,25.0706005096436,27.4417839050293,28.1614780426025,24.0802021026611,17.9219551086426,15.9888410568237,-9999,-9999,-9999,-9999,-9999,-9999,-9999
-9999,-9999,-9999,-9999,-9999,-9999,21.5345230102539,21.8972473144531,22.9343738555908,30.2570133209229,35.2956237792969,36.0197219848633,36.6345252990723,-9999,-9999,-9999,-9999,-9999,-9999,-9999,-9999,-9999,-9999,-9999,-9999,-9999,-9999,-9999,-9999,-9999,-9999,-9999,-9999,-9999,-9999,-9999,-9999,-9999,-9999,-9999,-9999,-9999,-9999,-9999,-9999,-9999,-9999,-9999,-9999,-9999,-9999,-9999,-9999,-9999,-9999,-9999,-9999,-9999,-9999,-9999,-9999,-9999,-9999,-9999,-9999,-9999,-9999,-9999,-9999,-9999,-9999,-9999,-9999,-9999,-9999,-9999,-9999,-9999,-9999,-9999,-9999,-9999,-9999,-9999,-9999,-9999,-9999,-9999,-9999,-9999,-9999,-9999,-9999,-9999,-9999,-9999,-9999,-9999,-9999,32.5748596191406,32.6684379577637,32.693489074707,32.7541580200195,32.8381767272949,33.3279190063477,34.0390777587891,34.2683486938477,34.2779808044434,30.1724338531494,24.9865531921387,23.6222171783447,22.2412567138672,21.0160369873047,18.7474937438965,13.8979034423828,11.5588026046753,12.9348258972168,15.9211130142212,20.7841091156006,21.802848815918,21.5074119567871,19.4675559997559,17.1029720306396,13.5254955291748,8.14443588256836,-9999,-9999,-9999,-9999,-9999,-9999
-9999,-9999,-9999,-9999,-9999,-9999,-9999,-9999,-9999,-9999,-9999,-9999,-9999,-9999,-9999,-9999,-9999,-9999,-9999,-9999,-9999,-9999,-9999,-9999,-9999,-9999,-9999,-9999,-9999,-9999,-9999,-9999,-9999,-9999,-9999,-9999,-9999,-9999,-9999,-9999,-9999,-9999,-9999,-9999,-9999,-9999,-9999,-9999,-9999,-9999,-9999,-9999,-9999,-9999,-9999,-9999,-9999,-9999,-9999,-9999,-9999,-9999,-9999,-9999,-9999,-9999,-9999,-9999,-9999,-9999,-9999,-9999,-9999,-9999,-9999,-9999,-9999,-9999,-9999,-9999,-9999,-9999,-9999,-9999,-9999,-9999,-9999,-9999,-9999,-9999,-9999,-9999,-9999,-9999,-9999,-9999,-9999,-9999,-9999,-9999,32.4935264587402,32.4640922546387,32.5075302124023,32.6102333068848,33.0936965942383,33.7855949401855,34.0022277832031,33.9922065734863,30.6038417816162,26.4071655273438,24.4916744232178,22.5784950256348,21.2690544128418,18.9006233215332,13.8016710281372,11.6468925476074,13.6647415161133,15.3727912902832,16.3017845153809,15.8891544342041,14.6819753646851,15.152961730957,15.9008150100708,10.0867223739624,7.5474705696106,3.01066064834595,-9999,-9999,-9999,-9999,-9999
-9999,-9999,-9999,-9999,-9999,-9999,-9999,-9999,-9999,-9999,-9999,-9999,-9999,-9999,-9999,-9999,-9999,-9999,-9999,-9999,-9999,-9999,-9999,-9999,-9999,-9999,-9999,-9999,-9999,-9999,-9999,-9999,-9999,-9999,-9999,-9999,-9999,-9999,-9999,-9999,-9999,-9999,-9999,-9999,-9999,-9999,-9999,-9999,-9999,-9999,-9999,-9999,-9999,-9999,-9999,-9999,-9999,-9999,-9999,-9999,-9999,-9999,-9999,-9999,-9999,-9999,-9999,-9999,-9999,-9999,-9999,-9999,-9999,-9999,-9999,-9999,-9999,-9999,-9999,-9999,-9999,-9999,-9999,-9999,-9999,-9999,-9999,-9999,-9999,-9999,-9999,-9999,-9999,-9999,-9999,-9999,-9999,-9999,-9999,-9999,32.2823600769043,32.2412452697754,32.3100166320801,32.4761848449707,32.9995727539063,33.7149505615234,33.8870277404785,33.8217163085938,33.0403900146484,32.0491828918457,27.4416770935059,22.8387413024902,21.547342300415,19.2102527618408,13.9337472915649,11.3831605911255,13.1759233474731,13.5934991836548,13.3383483886719,12.1219024658203,10.2218379974365,9.84064865112305,9.77449703216553,6.69613742828369,3.37569570541382,3.25703096389771,2.76666355133057,-9999,-9999,-9999,-9999
-9999,-9999,-9999,-9999,-9999,-9999,-9999,-9999,-9999,-9999,-9999,-9999,-9999,-9999,-9999,-9999,-9999,-9999,-9999,-9999,-9999,-9999,-9999,-9999,-9999,-9999,-9999,-9999,-9999,-9999,-9999,-9999,-9999,-9999,-9999,-9999,-9999,-9999,-9999,-9999,-9999,-9999,-9999,-9999,-9999,-9999,-9999,-9999,-9999,-9999,-9999,-9999,-9999,-9999,-9999,-9999,-9999,-9999,-9999,-9999,-9999,-9999,-9999,-9999,-9999,-9999,-9999,-9999,-9999,-9999,-9999,-9999,-9999,-9999,-9999,-9999,-9999,-9999,-9999,-9999,-9999,-9999,-9999,-9999,-9999,-9999,-9999,-9999,-9999,-9999,-9999,-9999,-9999,-9999,-9999,-9999,-9999,-9999,-9999,-9999,32.0894050598145,32.0605735778809,32.1517105102539,32.3646812438965,32.8058471679688,33.369010925293,33.6241073608398,33.7111740112305,34.5437431335449,35.2584533691406,29.2893524169922,23.0726547241211,21.861442565918,19.5301647186279,14.1038475036621,11.4691553115845,12.6962633132935,12.2111225128174,10.9332647323608,9.23096084594727,7.29810094833374,6.26785707473755,5.17373180389404,4.25551986694336,3.45162963867188,2.75001811981201,2.51008796691895,-9999,-9999,-9999,-9999
-9999,-9999,-9999,-9999,-9999,-9999,-9999,-9999,-9999,-9999,-9999,-9999,-9999,-9999,-9999,-9999,-9999,-9999,-9999,-9999,-9999,-9999,-9999,-9999,-9999,-9999,-9999,-9999,-9999,-9999,-9999,-9999,-9999,-9999,-9999,-9999,-9999,-9999,-9999,-9999,-9999,-9999,-9999,-9999,-9999,-9999,-9999,-9999,-9999,-9999,-9999,-9999,-9999,-9999,-9999,-9999,-9999,-9999,-9999,-9999,-9999,-9999,-9999,-9999,-9999,-9999,-9999,-9999,-9999,-9999,-9999,-9999,-9999,-9999,-9999,-9999,-9999,-9999,-9999,-9999,-9999,-9999,-9999,-9999,-9999,-9999,-9999,-9999,-9999,-9999,-9999,-9999,-9999,-9999,-9999,-9999,-9999,-9999,-9999,-9999,-9999,31.9579086303711,32.0776329040527,32.3005142211914,32.4220771789551,32.480899810791,33.0647926330566,33.7048950195313,34.6070518493652,35.3266868591309,29.4196434020996,23.2803611755371,22.185640335083,19.9939117431641,14.5649003982544,11.5518646240234,12.4660148620605,11.7263069152832,9.51613521575928,8.40624141693115,7.91289329528809,6.39323759078979,3.82772612571716,3.20821595191956,2.80545854568481,2.5116708278656,2.24391031265259,-9999,-9999,3.27544450759888,3.34777593612671
-9999,-9999,-9999,-9999,-9999,-9999,-9999,-9999,-9999,-9999,-9999,-9999,-9999,-9999,-9999,-9999,-9999,-9999,-9999,-9999,-9999,-9999,-9999,-9999,-9999,-9999,-9999,-9999,-9999,-9999,-9999,-9999,-9999,-9999,-9999,-9999,-9999,-9999,-9999,-9999,-9999,-9999,-9999,-9999,-9999,-9999,-9999,-9999,-9999,-9999,-9999,-9999,-9999,-9999,-9999,-9999,-9999,-9999,-9999,-9999,-9999,-9999,-9999,-9999,-9999,-9999,-9999,-9999,-9999,-9999,-9999,-9999,-9999,-9999,-9999,-9999,-9999,-9999,-9999,-9999,-9999,-9999,-9999,-9999,-9999,-9999,-9999,-9999,-9999,-9999,-9999,-9999,-9999,-9999,-9999,-9999,-9999,-9999,-9999,-9999,-9999,-9999,32.0214500427246,32.1977958679199,32.1541519165039,31.9686183929443,32.6895637512207,33.5735969543457,34.5705299377441,35.371208190918,29.5969638824463,23.3409595489502,20.2484645843506,16.6642074584961,12.601616859436,10.3394336700439,10.8313140869141,9.90416717529297,7.46538305282593,6.94173002243042,7.10400056838989,5.71044397354126,3.0867862701416,2.8291597366333,2.72384595870972,2.64279103279114,2.59467387199402,2.99327731132507,3.30397462844849,3.3355405330658,3.36768531799316
-9999,-9999,-9999,-9999,-9999,-9999,-9999,-9999,-9999,-9999,-9999,-9999,-9999,-9999,-9999,-9999,-9999,-9999,-9999,-9999,-9999,-9999,-9999,-9999,-9999,-9999,-9999,-9999,-9999,-9999,-9999,-9999,-9999,-9999,-9999,-9999,-9999,-9999,-9999,-9999,-9999,-9999,-9999,-9999,-9999,-9999,-9999,-9999,-9999,-9999,-9999,-9999,-9999,-9999,-9999,-9999,-9999,-9999,-9999,-9999,-9999,-9999,-9999,-9999,-9999,-9999,-9999,-9999,-9999,-9999,-9999,-9999,-9999,-9999,-9999,-9999,-9999,-9999,-9999,-9999,-9999,-9999,-9999,-9999,-9999,-9999,-9999,-9999,-9999,-9999,-9999,-9999,-9999,-9999,-9999,-9999,-9999,-9999,-9999,-9999,-9999,-9999,-9999,32.0547943115234,32.0168991088867,31.8998680114746,32.510669708252,33.2219123840332,34.4379425048828,35.446475982666,29.8837928771973,23.2428607940674,15.3926982879639,8.98928165435791,7.87241125106812,7.20256185531616,7.70180034637451,6.86531925201416,4.73489809036255,4.09760522842407,4.20922613143921,3.85324859619141,3.21240186691284,3.33088278770447,3.1919686794281,3.155513048172,3.14715337753296,3.25682735443115,3.2287073135376,3.00974178314209,2.83874726295471
-9999,-9999,-9999,-9999,-9999,-9999,-9999,-9999,-9999,-9999,-9999,-9999,-9999,-9999,-9999,-9999,-9999,-9999,-9999,-9999,-9999,-9999,-9999,-9999,-9999,-9999,-9999,-9999,-9999,-9999,-9999,-9999,-9999,-9999,-9999,-9999,-9999,-9999,-9999,-9999,-9999,-9999,-9999,-9999,-9999,-9999,-9999,-9999,-9999,-9999,-9999,-9999,-9999,-9999,-9999,-9999,-9999,-9999,-9999,-9999,-9999,-9999,-9999,-9999,-9999,-9999,-9999,-9999,-9999,-9999,-9999,-9999,-9999,-9999,-9999,-9999,-9999,-9999,-9999,-9999,-9999,-9999,-9999,-9999,-9999,-9999,-9999,-9999,-9999,-9999,-9999,-9999,-9999,-9999,-9999,-9999,-9999,-9999,-9999,-9999,-9999,-9999,-9999,31.9191150665283,31.9670162200928,32.041690826416,32.3982849121094,32.7551231384277,33.8876609802246,34.906681060791,29.7631988525391,23.3412780761719,13.6653671264648,6.12252712249756,6.63610458374023,6.72204780578613,7.01213979721069,6.01339244842529,3.54119229316711,2.7210054397583,3.00338745117188,2.96738958358765,3.17841696739197,3.18269348144531,3.14425468444824,3.15662956237793,3.17129564285278,2.90520048141479,4.48183488845825,9.49785995483398,15.0174751281738
-9999,-9999,-9999,-9999,-9999,-9999,-9999,-9999,-9999,-9999,-9999,-9999,-9999,-9999,-9999,-9999,-9999,-9999,-9999,-9999,-9999,-9999,-9999,-9999,-9999,-9999,-9999,-9999,-9999,-9999,-9999,-9999,-9999,-9999,-9999,-9999,-9999,-9999,-9999,-9999,-9999,-9999,-9999,-9999,-9999,-9999,-9999,-9999,-9999,-9999,-9999,-9999,-9999,-9999,-9999,-9999,-9999,-9999,-9999,-9999,-9999,-9999,-9999,-9999,-9999,-9999,-9999,-9999,-9999,-9999,-9999,-9999,-9999,-9999,-9999,-9999,-9999,-9999,-9999,-9999,-9999,-9999,-9999,-9999,-9999,-9999,-9999,-9999,-9999,-9999,-9999,-9999,-9999,-9999,-9999,-9999,-9999,-9999,-9999,-9999,-9999,-9999,-9999,-9999,31.9888858795166,32.3199844360352,32.4694747924805,32.5069236755371,33.0610466003418,33.9389190673828,29.3725910186768,22.8555755615234,13.3393907546997,6.50889253616333,7.31294822692871,7.5863618850708,7.60810422897339,6.5001277923584,3.71894526481628,2.47414183616638,2.541748046875,2.57448363304138,2.50946402549744,2.42946028709412,2.36704158782959,2.39694142341614,2.38690829277039,2.11795234680176,6.65057945251465,20.1838626861572,30.8325634002686
-9999,-9999,-9999,-9999,-9999,-9999,-9999,-9999,-9999,-9999,-9999,-9999,-9999,-9999,-9999,-9999,-9999,-9999,-9999,-9999,-9999,-9999,-9999,-9999,-9999,-9999,-9999,-9999,-9999,-9999,-9999,-9999,-9999,-9999,-9999,-9999,-9999,-9999,-9999,-9999,-9999,-9999,-9999,-9999,-9999,-9999,-9999,-9999,-9999,-9999,-9999,-9999,-9999,-9999,-9999,-9999,-9999,-9999,-9999,-9999,-9999,-9999,-9999,-9999,-9999,-9999,-9999,-9999,-9999,-9999,-9999,-9999,-9999,-9999,-9999,-9999,-9999,-9999,-9999,-9999,-9999,-9999,-9999,-9999,-9999,-9999,-9999,-9999,-9999,-9999,-9999,-9999,-9999,-9999,-9999,-9999,-9999,-9999,-9999,-9999,-9999,-9999,-9999,-9999,-9999,-9999,32.2270088195801,32.1328163146973,32.6880683898926,33.2503356933594,30.3519706726074,25.8763027191162,18.8574371337891,13.2208452224731,11.5948362350464,10.4720668792725,10.7207021713257,9.8963623046875,8.10914039611816,8.63246440887451,10.9503126144409,11.1364374160767,10.5515718460083,12.1376934051514,14.2139310836792,15.6529273986816,16.6157741546631,16.0826454162598,18.3866233825684,26.2057571411133,32.6772308349609
-9999,-9999,-9999,-9999,-9999,-9999,-9999,-9999,-9999,-9999,-9999,-9999,-9999,-9999,-9999,-9999,-9999,-9999,-9999,-9999,-9999,-9999,-9999,-9999,-9999,-9999,-9999,-9999,-9999,-9999,-9999,-9999,-9999,-9999,-9999,-9999,-9999,-9999,-9999,-9999,-9999,-9999,-9999,-9999,-9999,-9999,-9999,-9999,-9999,-9999,-9999,-9999,-9999,-9999,-9999,-9999,-9999,-9999,-9999,-9999,-9999,-9999,-9999,-9999,-9999,-9999,-9999,-9999,-9999,-9999,-9999,-9999,-9999,-9999,-9999,-9999,-9999,-9999,-9999,-9999,-9999,-9999,-9999,-9999,-9999,-9999,-9999,-9999,-9999,-9999,-9999,-9999,-9999,-9999,-9999,-9999,-9999,-9999,-9999,-9999,-9999,-9999,-9999,-9999,-9999,-9999,-9999,-9999,31.928279876709,32.1837615966797,31.8981838226318,31.1921272277832,27.6180286407471,23.1871185302734,17.8045673370361,14.7617883682251,15.4006214141846,15.4976530075073,14.4805116653442,17.669885635376,22.5853672027588,22.8778247833252,22.02268409729,24.8113651275635,27.6612300872803,29.9350662231445,31.5939102172852,31.0189743041992,30.6122627258301,30.5858459472656,-9999
-9999,-9999,-9999,-9999,-9999,-9999,-9999,-9999,-9999,-9999,-9999,-9999,-9999,-9999,-9999,-9999,-9999,-9999,-9999,-9999,-9999,-9999,-9999,-9999,-9999,-9999,-9999,-9999,-9999,-9999,-9999,-9999,-9999,-9999,-9999,-9999,-9999,-9999,-9999,-9999,-9999,-9999,-9999,-9999,-9999,-9999,-9999,-9999,-9999,-9999,-9999,-9999,-9999,-9999,-9999,-9999,-9999,-9999,-9999,-9999,-9999,-9999,-9999,-9999,-9999,-9999,-9999,-9999,-9999,-9999,-9999,-9999,-9999,-9999,-9999,-9999,-9999,-9999,-9999,-9999,-9999,-9999,-9999,-9999,-9999,-9999,-9999,-9999,-9999,-9999,-9999,-9999,-9999,-9999,-9999,-9999,-9999,-9999,-9999,-9999,-9999,-9999,-9999,-9999,-9999,-9999,-9999,-9999,-9999,-9999,31.6642761230469,31.4615917205811,29.6427726745605,27.496919631958,24.6086902618408,22.8446731567383,22.9670257568359,22.7918148040771,22.34446144104,24.0061893463135,26.5924224853516,26.7922916412354,26.3917980194092,27.8661270141602,29.414737701416,30.6981163024902,31.6478252410889,31.2604789733887,-9999,-9999,-9999
-9999,-9999,-9999,-9999,-9999,-9999,-9999,-9999,-9999,-9999,-9999,-9999,-9999,-9999,-9999,-9999,-9999,-9999,-9999,-9999,-9999,-9999,-9999,-9999,-9999,-9999,-9999,-9999,-9999,-9999,-9999,-9999,-9999,-9999,-9999,-9999,-9999,-9999,-9999,-9999,-9999,-9999,-9999,-9999,-9999,-9999,-9999,-9999,-9999,-9999,-9999,-9999,-9999,-9999,-9999,-9999,-9999,-9999,-9999,-9999,-9999,-9999,-9999,-9999,-9999,-9999,-9999,-9999,-9999,-9999,-9999,-9999,-9999,-9999,-9999,-9999,-9999,-9999,-9999,-9999,-9999,-9999,-9999,-9999,-9999,-9999,-9999,-9999,-9999,-9999,-9999,-9999,-9999,-9999,-9999,-9999,-9999,-9999,-9999,-9999,-9999,-9999,-9999,-9999,-9999,-9999,-9999,-9999,-9999,-9999,-9999,-9999,-9999,-9999,-9999,-9999,-9999,-9999,-9999,-9999,-9999,-9999,-9999,-9999,-9999,-9999,-9999,-9999,-9999,-9999,-9999
-9999,-9999,-9999,-9999,-9999,-9999,-9999,-9999,-9999,-9999,-9999,-9999,-9999,-9999,-9999,-9999,-9999,-9999,-9999,-9999,-9999,-9999,-9999,-9999,-9999,-9999,-9999,-9999,-9999,-9999,-9999,-9999,-9999,-9999,-9999,-9999,-9999,-9999,-9999,-9999,-9999,-9999,-9999,-9999,-9999,-9999,-9999,-9999,-9999,-9999,-9999,-9999,-9999,-9999,-9999,-9999,-9999,-9999,-9999,-9999,-9999,-9999,-9999,-9999,-9999,-9999,-9999,-9999,-9999,-9999,-9999,-9999,-9999,-9999,-9999,-9999,-9999,-9999,-9999,-9999,-9999,-9999,-9999,-9999,-9999,-9999,-9999,-9999,-9999,-9999,-9999,-9999,-9999,-9999,-9999,-9999,-9999,-9999,-9999,-9999,-9999,-9999,-9999,-9999,-9999,-9999,-9999,-9999,-9999,-9999,-9999,-9999,-9999,-9999,-9999,-9999,-9999,-9999,-9999,-9999,-9999,-9999,-9999,-9999,-9999,-9999,-9999,-9999,-9999,-9999,-9999

Step,109
Year,9.083333
-9999,-9999,-9999,-9999,-9999,-9999,-9999,-9999,-9999,-9999,-9999,-9999,-9999,-9999,-9999,-9999,-9999,-9999,-9999,-9999,-9999,-9999,-9999,-9999,-9999,-9999,-9999,-9999,-9999,-9999,-9999,-9999,-9999,-9999,-9999,-9999,-9999,-9999,-9999,-9999,-9999,-9999,-9999,-9999,-9999,-9999,-9999,-9999,-9999,-9999,-9999,-9999,-9999,-9999,-9999,-9999,-9999,-9999,-9999,-9999,-9999,-9999,-9999,-9999,-9999,-9999,-9999,-9999,-9999,-9999,-9999,-9999,-9999,-9999,-9999,-9999,-9999,-9999,-9999,-9999,-9999,-9999,-9999,-9999,-9999,-9999,-9999,-9999,-9999,-9999,-9999,-9999,-9999,-9999,-9999,-9999,-9999,-9999,-9999,-9999,-9999,-9999,-9999,-9999,-9999,-9999,-9999,-9999,-9999,-9999,-9999,-9999,-9999,-9999,-9999,-9999,-9999,-9999,-9999,-9999,-9999,-9999,-9999,-9999,-9999,-9999,-9999,-9999,-9999,-9999,-9999
-9999,-9999,-9999,-9999,-9999,-9999,-9999,-9999,-9999,-9999,-9999,-9999,-9999,-9999,-9999,-9999,-9999,-9999,-9999,-9999,-9999,-9999,-9999,-9999,-9999,-9999,-9999,-9999,-9999,-9999,-9999,-9999,-9999,-9999,-9999,-9999,-9999,-9999,-9999,-9999,-9999,-9999,-9999,-9999,-9999,-9999,-9999,-9999,-9999,-9999,-9999,-9999,-9999,-9999,-9999,-9999,-9999,-9999,-9999,-9999,-9999,-9999,-9999,-9999,-9999,-9999,-9999,-9999,-9999,-9999,-9999,-9999,-9999,-9999,-9999,-9999,-9999,-9999,-9999,-9999,-9999,-9999,-9999,-9999,-9999,-9999,-9999,-9999,-9999,-9999,-9999,-9999,-9999,-9999,-9999,-9999,-9999,-9999,-9999,-9999,-9999,-9999,-9999,-9999,-9999,-9999,-9999,-9999,-9999,-9999,-9999,-9999,-9999,-9999,-9999,-9999,-9999,-9999,-9999,-9999,-9999,-9999,-9999,-9999,-9999,-9999,-9999,-9999,-9999,-9999,-9999
-9999,-9999,-9999,-9999,-9999,-9999,-9999,-9999,-9999,-9999,-9999,-9999,-9999,-9999,-9999,-9999,-9999,-9999,-9999,-9999,-9999,-9999,-9999,-9999,-9999,-9999,-9999,-9999,-9999,-9999,-9999,-9999,-9999,-9999,-9999,-9999,-9999,-9999,-9999,-9999,-9999,-9999,-9999,-9999,-9999,-9999,-9999,-9999,-9999,-9999,-9999,-9999,-9999,-9999,-9999,-9999,-9999,-9999,-9999,-9999,-9999,-9999,-9999,-9999,-9999,-9999,-9999,-9999,-9999,-9999,-9999,-9999,-9999,-9999,37.0397338867188,37.7209091186523,-9999,-9999,-9999,-9999,-9999,-9999,-9999,-9999,-9999,-9999,-9999,-9999,-9999,-9999,-9999,-9999,-9999,-9999,-9999,-9999,-9999,-9999,-9999,-9999,-9999,-9999,-9999,-9999,-9999,-9999,-9999,-9999,-9999,-9999,-9999,-9999,-9999,-9999,-9999,-9999,-9999,-9999,-9999,-9999,-9999,-9999,-9999,-9999,-9999,-9999,-9999,-9999,-9999,-9999,-9999
-9999,-9999,-9999,-9999,-9999,-9999,-9999,-9999,-9999,-9999,-9999,-9999,-9999,-9999,-9999,-9999,-9999,-9999,-9999,-9999,-9999,-9999,-9999,-9999,-9999,-9999,-9999,-9999,-9999,-9999,-9999,-9999,-9999,-9999,-9999,-9999,-9999,-9999,-9999,-9999,-9999,-9999,-9999,-9999,-9999,-9999,-9999,-9999,-9999,-9999,-9999,-9999,-9999,-9999,-9999,-9999,-9999,-9999,-9999,-9999,-9999,-9999,-9999,-9999,-9999,-9999,-9999,-9999,-9999,-9999,-9999,-9999,-9999,-9999,38.1810569763184,37.7301979064941,-9999,-9999,-9999,-9999,-9999,-9999,-9999,-9999,-9999,-9999,-9999,-9999,-9999,-9999,-9999,-9999,-9999,-9999,-9999,-9999,-9999,-9999,-9999,-9999,-9999,-9999,-9999,-9999,-9999,-9999,-9999,-9999,-9999,-9999,-9999,-9999,-9999,-9999,-9999,-9999,-9999,-9999,-9999,-9999,-9999,-9999,-9999,-9999,-9999,-9999,-9999,-9999,-9999,-9999,-9999
-9999,-9999,-9999,-9999,-9999,-9999,-9999,-9999,-9999,-9999,-9999,-9999,-9999,-9999,-9999,-9999,-9999,-9999,-9999,-9999,-9999,-9999,-9999,-9999,-9999,-9999,-9999,-9999,-9999,-9999,-9999,-9999,-9999,-9999,-9999,-9999,-9999,-9999,-9999,-9999,-9999,-9999,-9999,-9999,-9999,-9999,-9999,-9999,-9999,-9999,-9999,-9999,-9999,-9999,-9999,-9999,6.17723103571444E-13,1.09038529316763E-08,1.08205817639373E-08,1.08056541492374E-08,-9999,-9999,-9999,-9999,-9999,38.5502853393555,38.4646339416504,39.1847496032715,40.0376663208008,37.3548393249512,35.9035797119141,32.6359176635742,32.5050506591797,31.9437599182129,35.5609664916992,34.4061012268066,32.9812202453613,-9999,-9999,25.2663860321045,23.8731441497803,23.0229320526123,23.633846282959,30.3873653411865,33.5638275146484,35.5194664001465,35.474479675293,33.1650390625,25.0061645507813,-9999,-9999,-9999,-9999,-9999,-9999,-9999,-9999,-9999,-9999,-9999,-9999,-9999,-9999,-9999,-9999,-9999,-9999,-9999,-9999,-9999,-9999,-9999,-9999,-9999,-9999,-9999,-9999,-9999,-9999,-9999,-9999,-9999,-9999,-9999,-9999,-9999,-9999,-9999,-9999,-9999,-9999
-9999,-9999,-9999,-9999,-9999,-9999,-9999,-9999,-9999,-9999,-9999,-9999,-9999,-9999,-9999,-9999,-9999,-9999,-9999,-9999,-9999,-9999,-9999,-9999,-9999,-9999,-9999,-9999,-9999,-9999,-9999,-9999,-9999,-9999,-9999,-9999,-9999,-9999,-9999,-9999,-9999,-9999,-9999,-9999,-9999,-9999,-9999,-9999,-9999,-9999,-9999,-9999,-9999,-9999,-9999,7.13443410252368E-13,2.48555860338229E-08,0.000671827234327793,0.000668096647132188,0.000667393323965371,0.00136919203214347,44.740966796875,-9999,43.610466003418,42.2238998413086,42.1234169006348,41.5031509399414,40.5317878723145,39.8451881408691,39.2421836853027,36.2409362792969,35.3452682495117,36.0063400268555,35.0055046081543,34.6298866271973,35.0656051635742,33.8031883239746,33.4210205078125,32.1822700500488,29.6667327880859,26.4542293548584,23.7226181030273,26.7450141906738,29.7988033294678,34.1035423278809,36.447883605957,36.3343200683594,34.0478820800781,28.5860023498535,22.4979820251465,15.9712886810303,-9999,-9999,-9999,-9999,-9999,-9999,-9999,-9999,-9999,-9999,-9999,-9999,-9999,-9999,-9999,-9999,-9999,-9999,-9999,-9999,-9999,-9999,-9999,-9999,-9999,-9999,-9999,-9999,-9999,-9999,-9999,-9999,-9999,-9999,-9999,-9999,-9999,-9999,-9999,-9999
-9999,-9999,-9999,-9999,-9999,-9999,-9999,-9999,-9999,-9999,-9999,-9999,-9999,-9999,-9999,-9999,-9999,-9999,-9999,-9999,-9999,-9999,-9999,-9999,-9999,-9999,-9999,-9999,-9999,-9999,-9999,-9999,-9999,-9999,-9999,-9999,-9999,-9999,-9999,-9999,-9999,-9999,-9999,-9999,-9999,-9999,-9999,-9999,-9999,-9999,-9999,-9999,-9999,-9999,-9999,1.44872407403795E-08,0.000772592786233872,45.8907051086426,45.8334083557129,45.8833427429199,46.0393829345703,45.4017562866211,44.6316947937012,44.6267433166504,42.7959899902344,41.979305267334,40.6001358032227,40.5539512634277,39.9179878234863,38.3977241516113,37.5527954101563,37.131175994873,36.824893951416,36.5340728759766,36.1525726318359,35.7307510375977,34.8612480163574,33.702564239502,31.8645191192627,29.6702327728271,26.7262153625488,23.9421272277832,27.2844886779785,31.9589462280273,35.8900146484375,37.7284622192383,37.5710411071777,35.2193794250488,29.2160587310791,22.8466205596924,15.8895845413208,13.864387512207,18.044319152832,-9999,-9999,-9999,-9999,-9999,-9999,-9999,-9999,-9999,29.7036170959473,30.7696971893311,32.527042388916,-9999,-9999,-9999,-9999,-9999,-9999,-9999,-9999,-9999,-9999,-9999,-9999,-9999,-9999,-9999,-9999,-9999,-9999,-9999,-9999,-9999,-9999,-9999,-9999,-9999,-9999
-9999,-9999,-9999,-9999,-9999,-9999,-9999,-9999,-9999,-9999,-9999,-9999,-9999,-9999,-9999,-9999,-9999,-9999,-9999,-9999,-9999,-9999,-9999,-9999,-9999,-9999,-9999,-9999,-9999,-9999,-9999,39.2078895568848,-9999,-9999,-9999,40.3890075683594,-9999,-9999,-9999,-9999,-9999,-9999,-9999,-9999,-9999,-9999,-9999,-9999,-9999,-9999,-9999,-9999,-9999,-9999,-9999,-9999,-9999,45.4593620300293,45.6846313476563,45.783130645752,-9999,46.1773147583008,45.5743751525879,44.6906776428223,42.9846801757813,41.3064880371094,41.3881340026855,40.8326950073242,40.043083190918,37.6490287780762,36.8016510009766,37.8144493103027,38.253833770752,37.6948623657227,37.1168823242188,36.6190948486328,35.8136215209961,34.9758453369141,34.5897560119629,34.5895118713379,32.5784645080566,31.7505893707275,34.7420959472656,36.8029594421387,39.5580558776855,40.7870941162109,39.8009605407715,37.5075836181641,33.0288696289063,29.5812511444092,27.5089302062988,22.635627746582,16.8928833007813,20.1034069061279,-9999,-9999,-9999,-9999,-9999,-9999,-9999,-9999,34.1210021972656,36.3903121948242,36.0765533447266,34.3907585144043,33.5299682617188,-9999,-9999,-9999,-9999,-9999,-9999,-9999,-9999,-9999,-9999,-9999,-9999,-9999,-9999,-9999,-9999,-9999,-9999,-9999,-9999,-9999,-9999,-9999,-9999
-9999,-9999,-9999,-9999,-9999,-9999,-9999,-9999,-9999,-9999,-9999,-9999,-9999,-9999,-9999,-9999,-9999,-9999,-9999,-9999,-9999,-9999,-9999,-9999,-9999,-9999,-9999,-9999,-9999,-9999,38.898853302002,38.5455169677734,-9999,-9999,39.8717079162598,40.155143737793,-9999,-9999,36.2032203674316,38.2209358215332,-9999,-9999,-9999,-9999,-9999,41.4067535400391,-9999,-9999,-9999,-9999,-9999,-9999,-9999,-9999,-9999,-9999,-9999,-9999,-9999,-9999,-9999,46.0399436950684,46.6030769348145,44.8540382385254,43.5203666687012,42.3479537963867,40.8308334350586,39.9110832214355,38.710994720459,36.7070465087891,35.3540191650391,38.486400604248,40.1493682861328,39.3563232421875,38.8728981018066,37.9315338134766,37.101676940918,36.3399047851563,37.8970222473145,39.1753921508789,39.7427253723145,38.8485488891602,39.7631530761719,40.7364959716797,41.8851737976074,42.3220977783203,41.4520721435547,39.7120056152344,36.4651794433594,35.1682472229004,36.7858428955078,30.1172409057617,17.9651355743408,20.0364227294922,24.3221874237061,-9999,-9999,-9999,-9999,-9999,34.900218963623,35.0581321716309,35.5131225585938,35.8162879943848,36.7465591430664,37.4601287841797,35.9339294433594,32.6974716186523,-9999,-9999,-9999,-9999,-9999,-9999,-9999,-9999,-9999,-9999,-9999,-9999,-9999,-9999,-9999,-9999,-9999,-9999,-9999,-9999,-9999,-9999,-9999
-9999,-9999,-9999,-9999,-9999,-9999,-9999,-9999,-9999,-9999,-9999,-9999,-9999,-9999,-9999,-9999,-9999,-9999,-9999,-9999,-9999,-9999,-9999,38.3196144104004,38.9958114624023,-9999,-9999,-9999,-9999,38.4905052185059,38.4861907958984,38.7491569519043,38.0549697875977,40.0175285339355,40.1424255371094,39.4990272521973,37.4091262817383,35.8171119689941,36.2647247314453,-9999,38.968822479248,40.7400245666504,-9999,-9999,40.9329986572266,41.4744606018066,41.9001007080078,42.8904876708984,-9999,-9999,-9999,-9999,-9999,-9999,-9999,-9999,-9999,41.6129493713379,43.8945846557617,-9999,-9999,-9999,44.9133110046387,44.359748840332,43.932918548584,41.8314208984375,42.2200393676758,40.920337677002,39.4958000183105,35.8800582885742,34.5205688476563,37.6231918334961,39.6065101623535,40.2953300476074,39.9130249023438,39.3765563964844,38.7602577209473,37.7102890014648,37.7734642028809,39.4785690307617,39.9187202453613,39.9461479187012,40.972282409668,41.8337707519531,42.2520637512207,42.3918647766113,42.0282707214355,40.9419441223145,38.3491554260254,36.7304229736328,35.8016128540039,31.3351974487305,23.945198059082,23.5009460449219,24.1788196563721,21.3085823059082,20.8400974273682,22.2647953033447,22.8067798614502,24.8532905578613,29.6812953948975,34.9540672302246,35.001651763916,35.5673370361328,36.4578704833984,37.5798645019531,37.3715896606445,35.3235168457031,33.7700309753418,34.1711196899414,-9999,-9999,-9999,-9999,-9999,-9999,-9999,-9999,-9999,-9999,-9999,-9999,-9999,-9999,-9999,-9999,-9999,-9999,-9999,-9999,-9999
-9999,-9999,-9999,-9999,-9999,-9999,-9999,-9999,-9999,-9999,-9999,-9999,-9999,-9999,-9999,-9999,-9999,-9999,-9999,-9999,-9999,-9999,38.9316711425781,38.3356132507324,38.3429527282715,40.0774383544922,40.72265625,38.0740165710449,38.196662902832,37.6152114868164,38.8030586242676,38.131519317627,37.4252128601074,38.492733001709,38.6197891235352,37.783561706543,35.8037948608398,35.6726493835449,35.6673812866211,36.2190437316895,37.3561553955078,39.43994140625,40.7151336669922,40.6562652587891,41.31982421875,41.331901550293,42.2373733520508,43.0097579956055,43.2629241943359,-9999,-9999,-9999,-9999,-9999,-9999,-9999,-9999,39.6634178161621,40.4622421264648,42.60400390625,-9999,-9999,43.8564300537109,44.6203460693359,45.456859588623,43.721866607666,42.4253997802734,40.8288192749023,38.1616439819336,34.8692169189453,33.693286895752,37.3677215576172,39.187183380127,40.6657180786133,41.2100372314453,40.4213943481445,39.8733139038086,39.2789039611816,39.336498260498,38.679817199707,39.8868446350098,41.0361709594727,42.0106964111328,42.705020904541,42.5677871704102,42.473331451416,42.4731979370117,41.8446807861328,40.3685264587402,37.9615669250488,34.5414772033691,31.9557037353516,28.4337673187256,25.8811454772949,23.5462398529053,22.2645816802979,21.9461765289307,24.0456619262695,24.2510299682617,23.6504230499268,26.0561847686768,32.340648651123,35.3356399536133,35.9492301940918,36.4153633117676,37.1356391906738,37.8862991333008,39.1175956726074,36.822681427002,34.8195343017578,-9999,-9999,-9999,-9999,-9999,-9999,-9999,-9999,-9999,-9999,-9999,-9999,-9999,-9999,-9999,-9999,-9999,-9999,-9999,-9999,-9999
-9999,-9999,-9999,-9999,-9999,-9999,-9999,-9999,-9999,-9999,-9999,-9999,-9999,-9999,-9999,-9999,-9999,-9999,-9999,-9999,-9999,-9999,39.2785339355469,38.0996780395508,37.7867279052734,39.593090057373,42.1693420410156,41.7552795410156,36.8240280151367,37.4917526245117,38.1353988647461,37.9696769714355,37.7420806884766,37.7855453491211,37.6106719970703,36.8358917236328,35.3372421264648,35.0043182373047,34.9838409423828,35.7261581420898,36.8653831481934,38.8086013793945,40.0657501220703,40.6291999816895,40.5287551879883,41.2543106079102,41.4093399047852,42.6712989807129,43.2580642700195,42.8838806152344,43.0718460083008,-9999,-9999,-9999,-9999,-9999,-9999,-9999,39.5153045654297,40.9955978393555,42.0617218017578,42.9414024353027,43.5300712585449,44.0777816772461,44.9313163757324,44.0217132568359,42.101375579834,38.4943580627441,35.0895004272461,33.3258934020996,34.5611724853516,38.5670356750488,40.7355728149414,41.7880897521973,42.1716423034668,42.2321853637695,41.8720474243164,41.4565353393555,40.8986587524414,40.0824203491211,41.0895805358887,42.0457153320313,42.3727188110352,42.6173858642578,42.5907936096191,42.5755767822266,42.5819244384766,42.0171356201172,40.8065872192383,38.1324005126953,33.5441093444824,32.0183715820313,30.7774562835693,25.6747894287109,19.4044208526611,20.3050575256348,21.3370742797852,23.0303993225098,24.2768268585205,23.8000640869141,26.4148654937744,33.0520668029785,36.7034568786621,38.4882507324219,37.9904861450195,35.9951438903809,36.6843185424805,38.2275505065918,38.2909927368164,36.2885665893555,38.4635314941406,-9999,-9999,-9999,-9999,-9999,-9999,-9999,-9999,-9999,-9999,-9999,-9999,-9999,-9999,-9999,-9999,-9999,-9999,-9999,-9999
-9999,-9999,-9999,-9999,-9999,-9999,-9999,-9999,-9999,-9999,-9999,-9999,-9999,-9999,-9999,-9999,-9999,-9999,-9999,-9999,-9999,-9999,38.7643432617188,38.7049560546875,36.865306854248,36.0438232421875,42.4926605224609,44.324779510498,40.4127388000488,38.5155639648438,38.8898162841797,38.6745681762695,38.1693077087402,37.807258605957,37.1670379638672,36.5139999389648,36.2668533325195,35.9275093078613,35.7779083251953,36.3022918701172,37.1162071228027,38.3227958679199,39.2483978271484,39.7403297424316,40.036994934082,40.1908340454102,40.3686218261719,40.2426071166992,41.5168952941895,42.613094329834,43.1641502380371,-9999,-9999,-9999,-9999,40.3448944091797,39.2882118225098,39.0061187744141,39.2831878662109,39.8934631347656,40.9721908569336,42.0504112243652,43.0359916687012,44.1076431274414,44.7277603149414,43.2721519470215,41.1822242736816,36.6834259033203,33.9155693054199,35.3849334716797,36.6613540649414,40.1031646728516,42.149600982666,43.156852722168,43.5327110290527,43.3510932922363,42.9247016906738,42.4068412780762,41.8365631103516,41.2455253601074,41.9785385131836,42.6573944091797,42.5745506286621,42.5212669372559,42.5717124938965,42.6008186340332,42.5905723571777,42.1484603881836,41.2091903686523,38.7107391357422,34.6706390380859,34.1906700134277,35.3099822998047,29.3552322387695,20.926570892334,21.9538059234619,23.3336944580078,24.7696323394775,26.0426177978516,25.5497722625732,28.0922737121582,34.0745697021484,37.9252548217773,40.5033645629883,39.4262237548828,36.1332397460938,37.1124839782715,39.412166595459,39.9530296325684,39.4362602233887,38.8070755004883,40.5613479614258,-9999,-9999,-9999,-9999,-9999,-9999,-9999,-9999,-9999,-9999,-9999,-9999,-9999,-9999,-9999,-9999,-9999,-9999,-9999
-9999,-9999,-9999,-9999,-9999,-9999,-9999,-9999,-9999,-9999,-9999,-9999,-9999,-9999,-9999,-9999,-9999,-9999,-9999,-9999,-9999,37.5680618286133,38.8903160095215,38.502872467041,35.5522842407227,35.5897903442383,41.8510894775391,44.5211372375488,43.0927124023438,42.2566032409668,41.7243499755859,41.4888648986816,41.2648696899414,40.995231628418,40.6937484741211,40.3053970336914,39.6996383666992,39.4456787109375,39.3232078552246,39.5469093322754,39.2345924377441,37.3849983215332,36.9257736206055,38.2969017028809,38.9062156677246,39.1742820739746,39.4336585998535,39.3994102478027,39.6242523193359,39.8699340820313,40.1278610229492,40.0740966796875,40.1310424804688,40.3530464172363,39.8630256652832,39.8655624389648,39.4205474853516,39.0424690246582,39.0462303161621,38.950080871582,38.0943984985352,38.532657623291,39.9660453796387,42.5417976379395,44.2582855224609,42.9421882629395,39.9574813842773,35.6390686035156,35.545581817627,39.5794258117676,42.2553634643555,43.212833404541,43.7040405273438,43.7123222351074,43.573787689209,43.3282318115234,43.0365447998047,42.7142677307129,42.418025970459,42.1249847412109,42.2423782348633,42.3646354675293,42.3901176452637,42.4172477722168,42.4518089294434,42.4355278015137,42.3239212036133,42.1022453308105,41.7567596435547,40.9262275695801,39.741771697998,39.7488021850586,40.1357078552246,37.7277717590332,33.7472229003906,31.1813564300537,28.875186920166,29.8288993835449,31.2333393096924,30.7424125671387,31.9547481536865,35.363224029541,38.4784469604492,41.3343849182129,41.1164398193359,39.081901550293,41.0516929626465,43.7137756347656,42.2333297729492,40.1179656982422,39.8979949951172,39.4885406494141,38.3270454406738,37.1694030761719,-9999,-9999,-9999,-9999,-9999,-9999,-9999,-9999,-9999,-9999,-9999,-9999,-9999,-9999,-9999,-9999,-9999
-9999,-9999,-9999,-9999,-9999,-9999,-9999,-9999,-9999,-9999,-9999,-9999,-9999,-9999,-9999,-9999,-9999,-9999,-9999,-9999,-9999,35.9023056030273,35.4829711914063,36.7238655090332,36.1706047058105,36.9565010070801,41.5347137451172,43.8319206237793,43.554328918457,43.164737701416,42.6316795349121,42.3339996337891,42.1627006530762,41.9563026428223,41.6292915344238,41.2793769836426,40.8133316040039,40.5046272277832,40.3334884643555,40.3325729370117,39.8022232055664,38.1073532104492,37.1345863342285,37.62353515625,38.163890838623,38.720874786377,39.2396926879883,39.8042030334473,39.3954658508301,39.1503524780273,39.4064445495605,39.520580291748,39.4522819519043,39.6685218811035,39.5145530700684,38.975341796875,38.4748992919922,37.9892272949219,37.658203125,36.7987442016602,36.5783958435059,38.1303253173828,38.8270988464355,39.6652221679688,42.8044471740723,42.1910591125488,41.6061897277832,36.1812705993652,38.0119590759277,42.1987533569336,44.5826835632324,44.3849487304688,44.1129035949707,43.7466468811035,-9999,-9999,-9999,-9999,-9999,-9999,-9999,42.0785446166992,42.1369781494141,42.1935577392578,42.2422332763672,42.2164344787598,42.0503425598145,41.9313659667969,41.8640518188477,41.8366928100586,41.8358535766602,41.8035774230957,41.765739440918,41.2064933776855,39.7405128479004,36.009895324707,32.1004905700684,33.2229690551758,33.6153526306152,32.2525444030762,31.9709224700928,33.903450012207,36.5498123168945,39.995304107666,40.8227806091309,40.4956283569336,42.4660415649414,44.8351516723633,42.3408432006836,39.193733215332,39.8508949279785,38.658576965332,37.8878479003906,36.9620780944824,36.873779296875,-9999,-9999,-9999,-9999,-9999,-9999,-9999,-9999,-9999,-9999,-9999,-9999,-9999,-9999,-9999,-9999
-9999,-9999,-9999,-9999,-9999,-9999,-9999,-9999,-9999,-9999,-9999,-9999,-9999,-9999,-9999,-9999,-9999,-9999,-9999,33.8308334350586,34.5896453857422,34.0533790588379,33.4574928283691,33.2912750244141,37.0959739685059,39.8591766357422,40.7064094543457,41.1160774230957,40.7699089050293,40.3660507202148,40.0287590026855,39.9179611206055,39.8667984008789,39.5314979553223,39.2746467590332,38.9345703125,38.5839538574219,38.3305892944336,38.1699600219727,38.1709747314453,38.8502159118652,41.0457382202148,41.4914665222168,39.327075958252,38.6119575500488,39.2166061401367,40.0412216186523,40.9974822998047,39.7954406738281,37.8801956176758,38.1955528259277,38.3887557983398,38.1712532043457,38.0012092590332,37.8970222473145,37.302318572998,35.9296073913574,34.9082679748535,34.4063682556152,35.4844665527344,37.5844612121582,40.1112518310547,42.0678100585938,41.7959175109863,41.2801704406738,39.5602073669434,40.8480606079102,42.0466232299805,42.1839790344238,43.3491172790527,44.0317153930664,-9999,-9999,-9999,-9999,-9999,-9999,-9999,-9999,-9999,-9999,-9999,-9999,41.794490814209,41.9018783569336,41.9195938110352,41.7682456970215,41.5820503234863,41.3574295043945,41.0949859619141,40.8058013916016,40.7169914245605,40.7058296203613,40.7756843566895,40.8476142883301,37.3390159606934,33.8754348754883,34.4562530517578,33.8720054626465,28.938606262207,26.2666797637939,27.8165092468262,30.2696647644043,33.9816589355469,37.1121368408203,40.3468360900879,41.5937080383301,42.3206939697266,39.774959564209,36.6379852294922,38.7939033508301,40.3745346069336,40.0968589782715,34.7968482971191,35.6200294494629,-9999,-9999,-9999,-9999,-9999,-9999,-9999,-9999,-9999,-9999,-9999,-9999,-9999,-9999,-9999,-9999
-9999,-9999,-9999,-9999,-9999,-9999,-9999,-9999,-9999,-9999,-9999,-9999,-9999,-9999,-9999,-9999,-9999,-9999,31.7856044769287,32.9596290588379,33.1079940795898,35.0112953186035,33.67236328125,32.7644653320313,36.8685493469238,39.6478080749512,40.4085922241211,40.8014602661133,40.2725715637207,39.8993530273438,39.7080345153809,39.5908432006836,39.6100692749023,39.4679679870605,38.9459953308105,38.9039535522461,38.734977722168,38.4335136413574,38.2101821899414,38.2738304138184,39.066089630127,41.9575729370117,42.8086814880371,40.3096351623535,39.2631568908691,39.7757263183594,40.6572875976563,41.4395217895508,39.8125991821289,37.1902618408203,36.4940910339355,36.0800819396973,35.7755012512207,35.7704582214355,36.6798973083496,37.0076522827148,35.5912246704102,34.448299407959,33.9318504333496,36.1932487487793,39.2553443908691,41.5404968261719,43.0021057128906,43.2384757995605,43.1218605041504,42.8874893188477,42.5038070678711,43.1357650756836,-9999,-9999,-9999,-9999,-9999,-9999,-9999,-9999,-9999,-9999,-9999,-9999,-9999,-9999,-9999,-9999,-9999,41.5947875976563,41.4757614135742,41.2797508239746,40.9986267089844,40.6299667358398,40.198600769043,40.0388412475586,39.9784278869629,40.2767639160156,40.6442832946777,38.2768173217773,35.8796577453613,35.0647010803223,33.4597625732422,28.542163848877,24.7599754333496,23.9447479248047,25.0544528961182,27.770336151123,32.874683380127,37.6587295532227,38.7165412902832,38.921630859375,38.4052734375,37.6213760375977,38.4956398010254,39.4501762390137,38.9410133361816,35.7184982299805,34.4692764282227,-9999,-9999,-9999,-9999,-9999,-9999,-9999,-9999,-9999,-9999,-9999,-9999,-9999,-9999,-9999,-9999
-9999,-9999,-9999,-9999,-9999,-9999,-9999,-9999,-9999,-9999,-9999,-9999,33.2949028015137,31.900276184082,-9999,31.5933876037598,33.0554962158203,34.5759391784668,33.9676895141602,31.3881759643555,34.0657348632813,36.9500923156738,36.0639572143555,35.2199935913086,35.6791687011719,37.1177368164063,40.5839576721191,42.5155944824219,42.0853080749512,41.9432830810547,41.7892684936523,41.6634216308594,41.8272514343262,41.5144424438477,41.1688346862793,41.0743141174316,41.098274230957,40.8552932739258,40.7040710449219,40.9858283996582,40.7345924377441,41.0721626281738,41.0676231384277,40.8135299682617,40.9121322631836,41.0724487304688,41.0124740600586,41.6132926940918,39.7088851928711,37.2146682739258,34.7291374206543,32.3231887817383,32.1391334533691,32.550910949707,35.7629051208496,37.5016555786133,36.388614654541,35.9829406738281,36.3536491394043,38.7286033630371,41.4257583618164,42.6481552124023,43.2726631164551,43.381103515625,43.3612060546875,43.1833190917969,43.0160598754883,-9999,-9999,-9999,-9999,-9999,-9999,-9999,-9999,-9999,-9999,-9999,-9999,-9999,-9999,-9999,-9999,-9999,-9999,-9999,41.1728210449219,41.0175971984863,40.7696990966797,40.4098587036133,39.9719657897949,39.7276611328125,39.5543556213379,39.7255859375,39.9520797729492,39.0755081176758,37.9838180541992,35.3273658752441,32.4376831054688,30.8013954162598,27.9047508239746,22.6662292480469,20.9599685668945,22.8959712982178,27.4436378479004,32.1909828186035,33.6625480651855,34.5939025878906,38.1161689758301,41.3767433166504,39.5206680297852,38.5400886535645,39.2428512573242,36.7836608886719,34.5674819946289,-9999,-9999,-9999,-9999,-9999,-9999,-9999,-9999,-9999,-9999,-9999,-9999,-9999,-9999,-9999,-9999
-9999,-9999,-9999,-9999,-9999,-9999,-9999,-9999,-9999,-9999,30.8748168945313,32.7752838134766,34.3476676940918,31.945348739624,31.6824741363525,29.5773735046387,31.7451362609863,36.0447425842285,35.4647979736328,33.0279426574707,35.6659469604492,39.1003532409668,38.5588111877441,37.5681457519531,37.3965187072754,37.7536849975586,40.3809585571289,41.8255577087402,41.7078704833984,41.8724479675293,42.8894729614258,43.1982650756836,43.2348937988281,43.0121231079102,42.8412971496582,42.6478843688965,42.6111297607422,42.1895217895508,42.1586151123047,41.8536834716797,41.7491722106934,41.3470916748047,41.3661651611328,41.3780822753906,41.4138488769531,41.7595748901367,42.119384765625,42.3232460021973,41.1142234802246,39.8120269775391,36.6639442443848,33.5958023071289,33.4140777587891,33.8224678039551,36.2947616577148,37.9069442749023,37.6351051330566,38.0053443908691,38.2184562683105,39.8559989929199,41.826545715332,42.597240447998,42.9140968322754,42.9581069946289,42.9386100769043,42.8498992919922,-9999,-9999,-9999,-9999,-9999,-9999,-9999,-9999,-9999,-9999,-9999,-9999,-9999,-9999,-9999,-9999,-9999,-9999,-9999,-9999,-9999,40.7131500244141,40.4632873535156,40.1242713928223,39.7236213684082,39.477123260498,39.2852210998535,39.3542366027832,39.4624252319336,39.3113975524902,38.9008445739746,36.409309387207,33.5871658325195,31.9583015441895,29.4225044250488,24.9495544433594,21.9040985107422,20.8278179168701,23.0903167724609,27.1034145355225,30.372688293457,33.2282371520996,37.0398864746094,40.2698554992676,38.1539649963379,36.3911476135254,37.7725639343262,35.4271049499512,33.5154266357422,-9999,-9999,-9999,-9999,-9999,-9999,-9999,-9999,-9999,-9999,-9999,-9999,-9999,-9999,-9999,-9999
-9999,-9999,-9999,-9999,-9999,-9999,-9999,-9999,27.7182579040527,28.7167778015137,29.12131690979,28.9752197265625,30.107177734375,32.2486267089844,31.4697036743164,29.6318073272705,31.7942695617676,36.2624053955078,36.3464393615723,35.0809135437012,37.5628890991211,40.5851554870605,40.1550483703613,39.6738700866699,39.4804039001465,39.2648429870605,39.4366035461426,39.3337783813477,39.0302886962891,40.2838249206543,43.2008666992188,44.2120628356934,44.2132873535156,44.1450538635254,44.0960388183594,43.9056167602539,43.7003173828125,43.4739456176758,43.2621421813965,43.0687255859375,42.8323669433594,42.6528625488281,42.4921264648438,42.4648361206055,42.3474006652832,42.3783302307129,42.3897438049316,42.4672470092773,42.5222091674805,42.5062255859375,40.5091400146484,37.9495162963867,38.1397705078125,38.2474555969238,38.5224418640137,38.7291374206543,38.323657989502,38.6887016296387,40.2177429199219,41.3825607299805,41.9312362670898,42.1924133300781,-9999,-9999,-9999,-9999,-9999,-9999,-9999,-9999,-9999,-9999,-9999,-9999,-9999,-9999,-9999,-9999,-9999,-9999,-9999,-9999,-9999,-9999,-9999,-9999,-9999,-9999,40.1149101257324,39.8032722473145,39.4640846252441,39.2572898864746,39.0987701416016,39.0723571777344,39.0672302246094,39.2895545959473,39.3130073547363,37.8503684997559,35.8339653015137,32.6078033447266,30.1440868377686,29.0458850860596,26.0350437164307,20.1607780456543,19.9594478607178,22.6105651855469,28.44873046875,33.5942344665527,35.2110443115234,36.6249656677246,35.1471138000488,34.3039970397949,36.2658081054688,34.6045913696289,33.3664817810059,-9999,-9999,-9999,-9999,-9999,-9999,-9999,-9999,-9999,-9999,-9999,-9999,-9999,-9999,-9999,-9999
-9999,-9999,-9999,-9999,-9999,-9999,-9999,-9999,26.2937660217285,27.637077331543,28.7992725372314,28.3169403076172,28.6102752685547,29.1638927459717,29.6883201599121,30.5376892089844,33.3902702331543,37.4597282409668,37.61474609375,36.9572296142578,37.8893356323242,39.512077331543,40.371955871582,40.9769134521484,40.8286018371582,40.4870719909668,40.2360305786133,39.8326759338379,39.5091323852539,40.3415832519531,42.1160583496094,42.6625175476074,42.5035171508789,42.405086517334,42.2057113647461,41.9925575256348,41.9039192199707,41.6946296691895,41.5355072021484,41.2963409423828,41.1939964294434,41.0154724121094,41.2278251647949,41.9917526245117,42.2684288024902,42.2161102294922,42.112174987793,41.9863395690918,42.1161918640137,42.2475891113281,41.1948089599609,40.0175895690918,40.2416114807129,40.3823776245117,40.2599563598633,40.0518531799316,39.7730178833008,40.1100692749023,40.9860420227051,41.5361938476563,41.8424224853516,41.9619674682617,-9999,-9999,-9999,-9999,-9999,-9999,-9999,-9999,-9999,-9999,-9999,-9999,-9999,-9999,-9999,-9999,-9999,-9999,-9999,-9999,-9999,-9999,-9999,-9999,-9999,-9999,-9999,-9999,39.0704650878906,38.9048805236816,38.7822456359863,38.7300148010254,38.6862716674805,38.9014930725098,38.9780960083008,38.0370750427246,36.7955436706543,34.463191986084,32.3893814086914,30.5049648284912,27.7915287017822,23.6575145721436,21.5187740325928,20.237850189209,24.5955429077148,29.8130855560303,31.3879699707031,32.2748565673828,31.6263446807861,31.456148147583,34.662166595459,31.2915668487549,30.4422435760498,-9999,-9999,-9999,-9999,-9999,-9999,-9999,-9999,-9999,-9999,-9999,-9999,-9999,-9999,-9999,-9999
-9999,-9999,-9999,-9999,-9999,-9999,20.7061824798584,26.103328704834,26.3279438018799,26.143087387085,27.601448059082,28.4497680664063,27.9752712249756,26.0477085113525,27.2864761352539,31.9114170074463,35.9624252319336,39.0471420288086,39.4555854797363,38.3918495178223,37.8687591552734,37.2496376037598,39.934871673584,42.0404319763184,42.0091857910156,41.9603385925293,41.647144317627,41.2622222900391,40.910945892334,40.6551246643066,40.3842735290527,40.0857200622559,39.7581977844238,39.5132522583008,39.329475402832,39.1346206665039,38.9531555175781,38.9010124206543,38.8575820922852,38.741081237793,38.640682220459,38.5168228149414,39.2389717102051,41.1606292724609,41.9659461975098,41.8634262084961,41.6003608703613,41.2431945800781,41.0258941650391,40.8150939941406,40.9328460693359,41.0703201293945,41.2732391357422,41.4692611694336,41.4755020141602,41.4023170471191,41.1320457458496,40.9765090942383,40.997932434082,41.2568550109863,41.704231262207,-9999,-9999,-9999,-9999,-9999,-9999,-9999,-9999,-9999,-9999,-9999,-9999,-9999,-9999,-9999,-9999,-9999,-9999,-9999,-9999,-9999,-9999,-9999,-9999,-9999,-9999,-9999,-9999,-9999,-9999,-9999,-9999,38.3664817810059,38.3057823181152,38.4156646728516,38.4496688842773,37.9374809265137,37.3802223205566,36.5705833435059,34.8213043212891,31.2743263244629,28.9910659790039,28.1824188232422,24.6619701385498,18.7140045166016,20.4181251525879,24.408805847168,25.7316417694092,26.8410167694092,27.3174686431885,28.3454704284668,32.2493362426758,29.9932518005371,-9999,-9999,-9999,-9999,-9999,-9999,-9999,-9999,-9999,-9999,-9999,-9999,-9999,-9999,-9999,-9999,-9999
-9999,-9999,-9999,-9999,-9999,-9999,26.0217094421387,26.1252269744873,25.8898105621338,25.9030494689941,26.0488471984863,28.9438209533691,31.4034595489502,31.8555221557617,33.1850662231445,34.7253875732422,37.272159576416,40.0159187316895,40.1703720092773,39.3393859863281,38.853199005127,38.3276443481445,40.4106407165527,42.1005859375,42.0784606933594,41.9314880371094,41.7211074829102,41.5218276977539,41.1777076721191,40.8047180175781,40.3666305541992,40.1089363098145,39.8424377441406,39.554874420166,39.2711944580078,39.461856842041,39.710132598877,39.6548500061035,39.5908660888672,39.4344787597656,39.2964401245117,39.2253532409668,39.6043891906738,40.6701889038086,41.1284637451172,41.0755805969238,40.8639297485352,40.5552291870117,40.4346923828125,40.3791275024414,40.5012893676758,40.6459808349609,40.7401885986328,40.8301773071289,40.8740196228027,40.8574142456055,40.6754951477051,40.5545768737793,40.5146026611328,-9999,-9999,-9999,-9999,-9999,-9999,-9999,-9999,-9999,-9999,-9999,-9999,-9999,-9999,-9999,-9999,-9999,-9999,-9999,-9999,-9999,-9999,-9999,-9999,-9999,-9999,-9999,-9999,-9999,-9999,-9999,-9999,-9999,-9999,-9999,37.9008598327637,37.9611358642578,37.9911766052246,37.8135795593262,37.5395698547363,36.9838676452637,35.9484252929688,34.1017074584961,31.821964263916,29.1732330322266,26.3370704650879,22.669376373291,21.6114292144775,21.0768527984619,24.2889919281006,27.4261837005615,28.6421241760254,29.7405662536621,31.5633449554443,29.3917980194092,30.2099113464355,28.088306427002,-9999,-9999,-9999,-9999,-9999,-9999,-9999,-9999,-9999,-9999,-9999,-9999,-9999,-9999,-9999
-9999,-9999,-9999,-9999,25.229793548584,26.8321743011475,26.2459545135498,26.0601081848145,25.9460887908936,25.9770736694336,26.8966960906982,30.9072761535645,34.7386436462402,37.4468231201172,38.3254089355469,37.3329315185547,38.3137855529785,40.5075531005859,40.719051361084,40.1892852783203,39.721363067627,39.2285079956055,40.3421783447266,41.3461875915527,41.4342002868652,41.4760551452637,41.3649444580078,41.2164688110352,41.0275955200195,40.7801895141602,40.5047073364258,40.217399597168,39.9266242980957,39.6111450195313,39.3118667602539,39.8972473144531,40.5842552185059,40.5001487731934,40.4002227783203,40.1903991699219,40.026611328125,39.9970588684082,40.0093727111816,40.0949058532715,40.135124206543,40.1372718811035,40.0095596313477,39.8076858520508,39.8711547851563,40.0060272216797,40.0494842529297,40.0793380737305,40.0609397888184,40.0587158203125,-9999,-9999,-9999,-9999,-9999,-9999,-9999,-9999,-9999,-9999,-9999,-9999,-9999,-9999,-9999,-9999,-9999,-9999,-9999,-9999,-9999,-9999,-9999,-9999,-9999,-9999,-9999,-9999,-9999,-9999,-9999,-9999,-9999,-9999,-9999,-9999,-9999,-9999,-9999,-9999,-9999,37.5019569396973,37.5329399108887,37.6725273132324,37.655517578125,37.1687088012695,36.8250160217285,36.6190986633301,34.3964195251465,29.9967269897461,27.8343772888184,26.889820098877,22.9861621856689,17.7755184173584,23.052038192749,28.447322845459,29.9855670928955,31.2575950622559,30.9612274169922,22.3288822174072,22.767261505127,28.2743434906006,29.1230525970459,-9999,-9999,-9999,-9999,-9999,-9999,-9999,-9999,-9999,-9999,-9999,-9999,-9999,-9999
-9999,-9999,-9999,-9999,30.493932723999,28.2479705810547,27.4213409423828,25.8021793365479,26.37526512146,27.9647903442383,30.1619644165039,33.5667152404785,36.151741027832,38.1398582458496,39.1590347290039,39.2365341186523,39.6813735961914,40.3708305358887,40.1955642700195,39.7056045532227,39.9641380310059,40.3531494140625,40.7502670288086,41.1000518798828,41.1125106811523,41.1134223937988,41.069751739502,40.9913101196289,40.8502006530762,40.6743698120117,40.4628448486328,40.2677993774414,40.0893821716309,39.9318618774414,39.7820777893066,39.9873085021973,40.2344970703125,40.0304985046387,39.8216857910156,39.5338401794434,39.2886009216309,39.1773719787598,39.1122779846191,39.1190452575684,39.1189117431641,39.1129531860352,39.0336074829102,-9999,-9999,-9999,-9999,-9999,-9999,-9999,-9999,-9999,-9999,-9999,-9999,-9999,-9999,-9999,-9999,-9999,-9999,-9999,-9999,-9999,-9999,-9999,-9999,-9999,-9999,-9999,-9999,-9999,-9999,-9999,-9999,-9999,-9999,-9999,-9999,-9999,-9999,-9999,-9999,-9999,-9999,-9999,-9999,-9999,-9999,-9999,-9999,-9999,37.1378746032715,37.2529029846191,37.2951240539551,37.1266326904297,36.6672897338867,35.6757354736328,33.4147262573242,29.8073997497559,27.8597831726074,26.7725200653076,22.4180030822754,16.2889976501465,19.6292781829834,23.5701026916504,25.0165519714355,26.5168056488037,27.2952613830566,28.1191940307617,21.515552520752,26.5842208862305,25.0752353668213,-9999,-9999,-9999,-9999,-9999,-9999,-9999,-9999,-9999,-9999,-9999,-9999,-9999,-9999
-9999,-9999,-9999,-9999,-9999,30.6700839996338,28.6622161865234,28.7024116516113,27.6415939331055,31.2429351806641,34.120548248291,35.9586715698242,37.5426483154297,38.7625617980957,39.6979789733887,40.4011917114258,40.3725852966309,39.840747833252,39.508415222168,39.2559928894043,-9999,-9999,-9999,-9999,-9999,-9999,-9999,-9999,-9999,-9999,-9999,-9999,-9999,40.0119476318359,39.9670219421387,39.8562126159668,39.7360076904297,39.4412651062012,-9999,-9999,-9999,-9999,-9999,-9999,-9999,-9999,-9999,-9999,-9999,-9999,-9999,-9999,-9999,-9999,-9999,-9999,-9999,-9999,-9999,-9999,-9999,-9999,-9999,-9999,-9999,-9999,-9999,-9999,-9999,-9999,-9999,-9999,-9999,-9999,-9999,-9999,-9999,-9999,-9999,-9999,-9999,-9999,-9999,-9999,-9999,-9999,-9999,-9999,-9999,-9999,-9999,-9999,-9999,-9999,-9999,-9999,36.7499160766602,36.8612747192383,36.9662780761719,37.0640068054199,36.5863723754883,35.0994606018066,33.0411834716797,30.3180446624756,28.3925971984863,26.8874759674072,22.2740802764893,15.8167629241943,16.8894538879395,18.6917476654053,20.4293994903564,22.0744247436523,23.517650604248,24.8021507263184,24.8394088745117,22.2738857269287,-9999,-9999,-9999,-9999,-9999,-9999,-9999,-9999,-9999,-9999,-9999,-9999,-9999,-9999,-9999
-9999,-9999,-9999,-9999,-9999,30.3118572235107,30.3598537445068,31.1002025604248,32.2471923828125,36.2403106689453,38.9970054626465,39.4337768554688,39.8217887878418,40.4256858825684,40.6820373535156,40.5717544555664,40.191722869873,39.6127014160156,-9999,-9999,-9999,-9999,-9999,-9999,-9999,-9999,-9999,-9999,-9999,-9999,-9999,-9999,-9999,-9999,-9999,-9999,-9999,-9999,-9999,-9999,-9999,-9999,-9999,-9999,-9999,-9999,-9999,-9999,-9999,-9999,-9999,-9999,-9999,-9999,-9999,-9999,-9999,-9999,-9999,-9999,-9999,-9999,-9999,-9999,-9999,-9999,-9999,-9999,-9999,-9999,-9999,-9999,-9999,-9999,-9999,-9999,-9999,-9999,-9999,-9999,-9999,-9999,-9999,-9999,-9999,-9999,-9999,-9999,-9999,-9999,-9999,-9999,-9999,-9999,-9999,-9999,-9999,36.6207656860352,36.7933883666992,36.8988876342773,36.8046798706055,36.3708190917969,35.4440422058105,33.9520034790039,31.2549629211426,27.6272811889648,24.473072052002,21.4561862945557,18.7746200561523,16.1410102844238,19.7123775482178,22.1963577270508,20.5345802307129,20.4089736938477,21.543830871582,18.9965991973877,-9999,-9999,-9999,-9999,-9999,-9999,-9999,-9999,-9999,-9999,-9999,-9999,-9999,-9999,-9999
-9999,-9999,30.6765766143799,30.4177703857422,30.624137878418,30.1365299224854,30.652645111084,33.2631072998047,36.1857147216797,39.4610824584961,41.6342964172363,41.2838592529297,41.0570220947266,41.2932510375977,41.1062240600586,40.4081420898438,39.7668304443359,-9999,-9999,-9999,-9999,-9999,-9999,-9999,-9999,-9999,-9999,-9999,-9999,-9999,-9999,-9999,-9999,-9999,-9999,-9999,-9999,-9999,-9999,-9999,-9999,-9999,-9999,-9999,-9999,-9999,-9999,-9999,-9999,-9999,-9999,-9999,-9999,-9999,-9999,-9999,-9999,-9999,-9999,-9999,-9999,-9999,-9999,-9999,-9999,-9999,-9999,-9999,-9999,-9999,-9999,-9999,-9999,-9999,-9999,-9999,-9999,-9999,-9999,-9999,-9999,-9999,-9999,-9999,-9999,-9999,-9999,-9999,-9999,-9999,-9999,-9999,-9999,-9999,-9999,-9999,-9999,36.3595275878906,36.5793914794922,36.6808319091797,36.8448066711426,37.1040840148926,36.9781913757324,36.4010696411133,33.8501091003418,29.7703533172607,27.1116924285889,25.0537261962891,20.6369590759277,15.6624622344971,18.8754653930664,20.9984912872314,17.9404296875,16.8796844482422,21.1584491729736,17.6767635345459,-9999,-9999,-9999,-9999,-9999,-9999,-9999,-9999,-9999,-9999,-9999,-9999,-9999,-9999,-9999
-9999,-9999,-9999,-9999,30.6738567352295,30.1816921234131,30.8179168701172,35.3301124572754,39.0697708129883,40.1595611572266,40.8017272949219,40.6566162109375,40.5438117980957,40.6468658447266,40.3241996765137,39.4894409179688,-9999,-9999,-9999,-9999,-9999,-9999,-9999,-9999,-9999,-9999,-9999,-9999,-9999,-9999,-9999,-9999,-9999,-9999,-9999,-9999,-9999,-9999,-9999,-9999,-9999,-9999,-9999,-9999,-9999,-9999,-9999,-9999,-9999,-9999,-9999,-9999,-9999,-9999,-9999,-9999,-9999,-9999,-9999,-9999,-9999,-9999,-9999,-9999,-9999,-9999,-9999,-9999,-9999,-9999,-9999,-9999,-9999,-9999,-9999,-9999,-9999,-9999,-9999,-9999,-9999,-9999,-9999,-9999,-9999,-9999,-9999,-9999,-9999,-9999,-9999,-9999,-9999,-9999,-9999,-9999,-9999,36.0562553405762,36.2759246826172,36.345043182373,36.4972305297852,36.7782211303711,36.9541931152344,36.9825019836426,36.0341720581055,34.3694000244141,30.4658393859863,25.5746154785156,22.928337097168,20.6543865203857,18.9834041595459,17.4178314208984,16.1590270996094,15.9705839157104,17.558032989502,19.0117473602295,-9999,-9999,-9999,-9999,-9999,-9999,-9999,-9999,-9999,-9999,-9999,-9999,-9999,-9999,-9999
-9999,-9999,-9999,-9999,30.8690319061279,30.8042755126953,31.4927959442139,36.2162475585938,40.4484901428223,40.4893417358398,40.2813682556152,40.3727264404297,40.3543815612793,40.1535949707031,39.6180763244629,-9999,-9999,-9999,-9999,-9999,-9999,-9999,-9999,-9999,-9999,-9999,-9999,-9999,-9999,-9999,-9999,-9999,-9999,-9999,-9999,-9999,-9999,-9999,-9999,-9999,-9999,-9999,-9999,-9999,-9999,-9999,-9999,-9999,-9999,-9999,-9999,-9999,-9999,-9999,-9999,-9999,-9999,-9999,-9999,-9999,-9999,-9999,-9999,-9999,-9999,-9999,-9999,-9999,-9999,-9999,-9999,-9999,-9999,-9999,-9999,-9999,-9999,-9999,-9999,-9999,-9999,-9999,-9999,-9999,-9999,-9999,-9999,-9999,-9999,-9999,-9999,-9999,-9999,-9999,-9999,-9999,-9999,35.7113876342773,35.9396171569824,35.9827651977539,36.0940437316895,36.3061752319336,36.5608978271484,36.8498306274414,36.7610969543457,36.3826522827148,32.1230888366699,25.9676189422607,24.222261428833,23.0596218109131,18.5157833099365,14.3497495651245,15.2009963989258,15.816554069519,15.7907276153564,16.7810363769531,13.6917304992676,-9999,-9999,-9999,-9999,-9999,-9999,-9999,-9999,-9999,-9999,-9999,-9999,-9999,-9999
-9999,-9999,-9999,-9999,31.141393661499,31.1011962890625,32.2325897216797,36.3892021179199,40.3896446228027,40.4221153259277,40.2419281005859,40.5736503601074,40.5744323730469,39.8709716796875,39.0250396728516,-9999,-9999,-9999,-9999,-9999,-9999,-9999,-9999,-9999,-9999,-9999,-9999,-9999,-9999,-9999,-9999,-9999,-9999,-9999,-9999,-9999,-9999,-9999,-9999,-9999,-9999,-9999,-9999,-9999,-9999,-9999,-9999,-9999,-9999,-9999,-9999,-9999,-9999,-9999,-9999,-9999,-9999,-9999,-9999,-9999,-9999,-9999,-9999,-9999,-9999,-9999,-9999,-9999,-9999,-9999,-9999,-9999,-9999,-9999,-9999,-9999,-9999,-9999,-9999,-9999,-9999,-9999,-9999,-9999,-9999,-9999,-9999,-9999,-9999,-9999,-9999,-9999,-9999,-9999,-9999,-9999,-9999,35.313404083252,35.5615921020508,35.5881881713867,35.6156730651855,35.635555267334,35.6808929443359,35.7468872070313,35.7132682800293,35.5864410400391,31.7312202453613,26.1692447662354,24.3668098449707,22.8302879333496,17.4547557830811,12.7986812591553,15.1681957244873,16.7549953460693,17.2854080200195,17.8205337524414,18.7202301025391,13.9877243041992,-9999,-9999,-9999,-9999,-9999,-9999,-9999,-9999,-9999,-9999,-9999,-9999,-9999
-9999,-9999,-9999,-9999,26.6894454956055,31.1620082855225,32.4874496459961,35.8053741455078,38.9274406433105,39.1314506530762,39.2040672302246,40.0817413330078,40.3802719116211,39.5455780029297,-9999,-9999,-9999,-9999,-9999,-9999,-9999,-9999,-9999,-9999,-9999,-9999,-9999,-9999,-9999,-9999,-9999,-9999,-9999,-9999,-9999,-9999,-9999,-9999,-9999,-9999,-9999,-9999,-9999,-9999,-9999,-9999,-9999,-9999,-9999,-9999,-9999,-9999,-9999,-9999,-9999,-9999,-9999,-9999,-9999,-9999,-9999,-9999,-9999,-9999,-9999,-9999,-9999,-9999,-9999,-9999,-9999,-9999,-9999,-9999,-9999,-9999,-9999,-9999,-9999,-9999,-9999,-9999,-9999,-9999,-9999,-9999,-9999,-9999,-9999,-9999,-9999,-9999,-9999,-9999,-9999,-9999,-9999,34.8789100646973,35.1452751159668,35.1866569519043,35.1838760375977,35.099666595459,35.096248626709,35.1714553833008,35.0012702941895,34.6769332885742,32.4756164550781,29.5149002075195,26.371618270874,22.9346542358398,18.4613990783691,14.5862274169922,15.3254051208496,15.8869495391846,16.6085510253906,17.4346237182617,18.3204383850098,18.9061241149902,17.1133708953857,16.6564922332764,-9999,-9999,-9999,-9999,-9999,-9999,-9999,-9999,-9999,-9999,-9999
-9999,-9999,-9999,-9999,29.2717895507813,31.4054927825928,32.6609382629395,34.2348175048828,36.128246307373,36.6562652587891,37.3218841552734,39.0403518676758,39.869441986084,39.1881103515625,-9999,-9999,-9999,-9999,-9999,-9999,-9999,-9999,-9999,-9999,-9999,-9999,-9999,-9999,-9999,-9999,-9999,-9999,-9999,-9999,-9999,-9999,-9999,-9999,-9999,-9999,-9999,-9999,-9999,-9999,-9999,-9999,-9999,-9999,-9999,-9999,-9999,-9999,-9999,-9999,-9999,-9999,-9999,-9999,-9999,-9999,-9999,-9999,-9999,-9999,-9999,-9999,-9999,-9999,-9999,-9999,-9999,-9999,-9999,-9999,-9999,-9999,-9999,-9999,-9999,-9999,-9999,-9999,-9999,-9999,-9999,-9999,-9999,-9999,-9999,-9999,-9999,-9999,-9999,-9999,-9999,-9999,-9999,-9999,34.6971702575684,34.7780723571777,34.7864036560059,34.6700248718262,34.7482223510742,35.0158958435059,34.5636711120605,33.6451530456543,33.9520454406738,34.5431594848633,29.6148376464844,23.1450805664063,21.0361175537109,19.0730533599854,15.6342172622681,13.4643535614014,14.1617832183838,15.4844436645508,17.6931476593018,18.6355495452881,18.9037590026855,-9999,-9999,-9999,-9999,-9999,-9999,-9999,-9999,-9999,-9999,-9999,-9999
-9999,-9999,-9999,-9999,28.6807861328125,30.69091796875,30.5646457672119,31.3562278747559,32.6858100891113,34.7420539855957,36.9027214050293,38.2806510925293,38.9687423706055,38.7397232055664,-9999,-9999,-9999,-9999,-9999,-9999,-9999,-9999,-9999,-9999,-9999,-9999,-9999,-9999,-9999,-9999,-9999,-9999,-9999,-9999,-9999,-9999,-9999,-9999,-9999,-9999,-9999,-9999,-9999,-9999,-9999,-9999,-9999,-9999,-9999,-9999,-9999,-9999,-9999,-9999,-9999,-9999,-9999,-9999,-9999,-9999,-9999,-9999,-9999,-9999,-9999,-9999,-9999,-9999,-9999,-9999,-9999,-9999,-9999,-9999,-9999,-9999,-9999,-9999,-9999,-9999,-9999,-9999,-9999,-9999,-9999,-9999,-9999,-9999,-9999,-9999,-9999,-9999,-9999,-9999,-9999,-9999,-9999,-9999,34.2889022827148,34.3853492736816,34.4069061279297,34.3011054992676,34.429084777832,34.7785415649414,34.5387229919434,33.929328918457,34.7935066223145,35.9734992980957,30.6381149291992,23.4137878417969,21.9867210388184,19.9950790405273,15.3466644287109,12.1610488891602,12.4602365493774,13.8500938415527,17.0375938415527,23.3982334136963,32.1152763366699,29.607931137085,34.5050354003906,-9999,-9999,-9999,-9999,-9999,-9999,-9999,-9999,-9999,-9999
-9999,-9999,-9999,-9999,-9999,22.0819206237793,28.0796756744385,28.9871711730957,28.7003059387207,33.371467590332,36.7997245788574,37.4857444763184,37.8585510253906,38.2425079345703,-9999,-9999,-9999,-9999,-9999,-9999,-9999,-9999,-9999,-9999,-9999,-9999,-9999,-9999,-9999,-9999,-9999,-9999,-9999,-9999,-9999,-9999,-9999,-9999,-9999,-9999,-9999,-9999,-9999,-9999,-9999,-9999,-9999,-9999,-9999,-9999,-9999,-9999,-9999,-9999,-9999,-9999,-9999,-9999,-9999,-9999,-9999,-9999,-9999,-9999,-9999,-9999,-9999,-9999,-9999,-9999,-9999,-9999,-9999,-9999,-9999,-9999,-9999,-9999,-9999,-9999,-9999,-9999,-9999,-9999,-9999,-9999,-9999,-9999,-9999,-9999,-9999,-9999,-9999,-9999,-9999,-9999,-9999,-9999,33.8946113586426,33.9962577819824,34.0324440002441,33.9600448608398,34.122371673584,34.5033569335938,34.6974830627441,34.7709999084473,35.4362983703613,36.1206893920898,30.7896461486816,23.7700042724609,22.1092987060547,19.8711967468262,14.9848957061768,10.9962310791016,10.9029493331909,12.2667255401611,16.130220413208,23.032829284668,31.852409362793,34.126033782959,34.9294891357422,31.653844833374,-9999,-9999,-9999,-9999,-9999,-9999,-9999,-9999,-9999
-9999,-9999,-9999,-9999,-9999,25.1677589416504,26.4103736877441,26.2006206512451,27.7764892578125,32.9404411315918,36.7470054626465,37.182544708252,37.5605812072754,38.0447235107422,-9999,-9999,-9999,-9999,-9999,-9999,-9999,-9999,-9999,-9999,-9999,-9999,-9999,-9999,-9999,-9999,-9999,-9999,-9999,-9999,-9999,-9999,-9999,-9999,-9999,-9999,-9999,-9999,-9999,-9999,-9999,-9999,-9999,-9999,-9999,-9999,-9999,-9999,-9999,-9999,-9999,-9999,-9999,-9999,-9999,-9999,-9999,-9999,-9999,-9999,-9999,-9999,-9999,-9999,-9999,-9999,-9999,-9999,-9999,-9999,-9999,-9999,-9999,-9999,-9999,-9999,-9999,-9999,-9999,-9999,-9999,-9999,-9999,-9999,-9999,-9999,-9999,-9999,-9999,-9999,-9999,-9999,-9999,-9999,33.5071411132813,33.6163520812988,33.671443939209,33.6431732177734,33.7856178283691,34.0823364257813,34.287540435791,34.4217071533203,35.1267509460449,35.845401763916,30.7922019958496,24.0472564697266,22.3428993225098,20.0663261413574,14.7301120758057,10.9371480941772,11.5335817337036,13.5152263641357,16.9070835113525,22.4698219299316,29.0144901275635,33.5083427429199,37.1728477478027,37.7639961242676,-9999,-9999,-9999,-9999,-9999,-9999,-9999,-9999,-9999
-9999,-9999,-9999,-9999,-9999,25.1008853912354,25.2932052612305,26.061092376709,27.2952117919922,32.9055137634277,36.7841529846191,37.1240310668945,37.4273529052734,37.9105644226074,-9999,-9999,-9999,-9999,-9999,-9999,-9999,-9999,-9999,-9999,-9999,-9999,-9999,-9999,-9999,-9999,-9999,-9999,-9999,-9999,-9999,-9999,-9999,-9999,-9999,-9999,-9999,-9999,-9999,-9999,-9999,-9999,-9999,-9999,-9999,-9999,-9999,-9999,-9999,-9999,-9999,-9999,-9999,-9999,-9999,-9999,-9999,-9999,-9999,-9999,-9999,-9999,-9999,-9999,-9999,-9999,-9999,-9999,-9999,-9999,-9999,-9999,-9999,-9999,-9999,-9999,-9999,-9999,-9999,-9999,-9999,-9999,-9999,-9999,-9999,-9999,-9999,-9999,-9999,-9999,-9999,-9999,-9999,-9999,-9999,33.2340812683105,33.3095855712891,33.3296546936035,33.4407653808594,33.6294784545898,33.7524108886719,33.8129501342773,34.6489410400391,35.5276908874512,30.7284488677979,24.311408996582,22.6209545135498,20.303050994873,14.6602029800415,11.1041431427002,13.0127372741699,15.330394744873,18.3860626220703,21.9508972167969,25.964542388916,31.2833805084229,36.8661994934082,38.0444602966309,-9999,-9999,-9999,-9999,-9999,-9999,-9999,-9999,-9999
-9999,-9999,-9999,-9999,-9999,-9999,24.2807464599609,24.5482692718506,26.0175704956055,32.103385925293,36.3938941955566,36.8469314575195,37.1793518066406,-9999,-9999,-9999,-9999,-9999,-9999,-9999,-9999,-9999,-9999,-9999,-9999,-9999,-9999,-9999,-9999,-9999,-9999,-9999,-9999,-9999,-9999,-9999,-9999,-9999,-9999,-9999,-9999,-9999,-9999,-9999,-9999,-9999,-9999,-9999,-9999,-9999,-9999,-9999,-9999,-9999,-9999,-9999,-9999,-9999,-9999,-9999,-9999,-9999,-9999,-9999,-9999,-9999,-9999,-9999,-9999,-9999,-9999,-9999,-9999,-9999,-9999,-9999,-9999,-9999,-9999,-9999,-9999,-9999,-9999,-9999,-9999,-9999,-9999,-9999,-9999,-9999,-9999,-9999,-9999,-9999,-9999,-9999,-9999,-9999,-9999,32.9643020629883,33.0650482177734,33.1254615783691,33.2249565124512,33.352897644043,33.6749153137207,34.0896148681641,34.6112937927246,35.0122108459473,30.4789161682129,24.5916042327881,22.9856796264648,21.1018753051758,17.8286590576172,15.1042098999023,13.8850154876709,13.3379392623901,14.9085874557495,19.3846645355225,25.5636367797852,29.41823387146,32.820556640625,33.8451805114746,-9999,-9999,-9999,-9999,-9999,-9999,-9999,-9999,-9999
-9999,-9999,-9999,-9999,-9999,-9999,22.8705806732178,22.5797786712646,24.4863548278809,31.2530708312988,36.0492401123047,36.5621490478516,36.9131774902344,-9999,-9999,-9999,-9999,-9999,-9999,-9999,-9999,-9999,-9999,-9999,-9999,-9999,-9999,-9999,-9999,-9999,-9999,-9999,-9999,-9999,-9999,-9999,-9999,-9999,-9999,-9999,-9999,-9999,-9999,-9999,-9999,-9999,-9999,-9999,-9999,-9999,-9999,-9999,-9999,-9999,-9999,-9999,-9999,-9999,-9999,-9999,-9999,-9999,-9999,-9999,-9999,-9999,-9999,-9999,-9999,-9999,-9999,-9999,-9999,-9999,-9999,-9999,-9999,-9999,-9999,-9999,-9999,-9999,-9999,-9999,-9999,-9999,-9999,-9999,-9999,-9999,-9999,-9999,-9999,-9999,-9999,-9999,-9999,-9999,-9999,32.7081260681152,32.8310737609863,32.9227561950684,33.010570526123,33.0878028869629,33.5970993041992,34.3398284912109,34.560718536377,34.5163116455078,30.2594833374023,24.8454437255859,23.3668117523193,21.8585815429688,20.6112728118896,18.6662540435791,14.0947370529175,11.3800945281982,11.2354183197021,16.6812877655029,25.0702362060547,27.6252174377441,28.1520690917969,23.7858085632324,17.9474983215332,16.0204105377197,-9999,-9999,-9999,-9999,-9999,-9999,-9999
-9999,-9999,-9999,-9999,-9999,-9999,21.5447807312012,21.78098487854,23.1560859680176,30.2476444244385,35.2932167053223,36.018310546875,36.6336669921875,-9999,-9999,-9999,-9999,-9999,-9999,-9999,-9999,-9999,-9999,-9999,-9999,-9999,-9999,-9999,-9999,-9999,-9999,-9999,-9999,-9999,-9999,-9999,-9999,-9999,-9999,-9999,-9999,-9999,-9999,-9999,-9999,-9999,-9999,-9999,-9999,-9999,-9999,-9999,-9999,-9999,-9999,-9999,-9999,-9999,-9999,-9999,-9999,-9999,-9999,-9999,-9999,-9999,-9999,-9999,-9999,-9999,-9999,-9999,-9999,-9999,-9999,-9999,-9999,-9999,-9999,-9999,-9999,-9999,-9999,-9999,-9999,-9999,-9999,-9999,-9999,-9999,-9999,-9999,-9999,-9999,-9999,-9999,-9999,-9999,-9999,32.5742950439453,32.6678771972656,32.6930656433105,32.7537689208984,32.8376426696777,33.3273315429688,34.0383834838867,34.2676467895508,34.2773132324219,30.1714401245117,24.9849548339844,23.6206340789795,22.2338275909424,20.9668502807617,18.7603931427002,13.846752166748,11.5092573165894,12.9190320968628,15.9268522262573,20.6702766418457,21.8809928894043,21.4928646087646,19.7723827362061,17.5724067687988,13.7088737487793,7.97261905670166,-9999,-9999,-9999,-9999,-9999,-9999
-9999,-9999,-9999,-9999,-9999,-9999,-9999,-9999,-9999,-9999,-9999,-9999,-9999,-9999,-9999,-9999,-9999,-9999,-9999,-9999,-9999,-9999,-9999,-9999,-9999,-9999,-9999,-9999,-9999,-9999,-9999,-9999,-9999,-9999,-9999,-9999,-9999,-9999,-9999,-9999,-9999,-9999,-9999,-9999,-9999,-9999,-9999,-9999,-9999,-9999,-9999,-9999,-9999,-9999,-9999,-9999,-9999,-9999,-9999,-9999,-9999,-9999,-9999,-9999,-9999,-9999,-9999,-9999,-9999,-9999,-9999,-9999,-9999,-9999,-9999,-9999,-9999,-9999,-9999,-9999,-9999,-9999,-9999,-9999,-9999,-9999,-9999,-9999,-9999,-9999,-9999,-9999,-9999,-9999,-9999,-9999,-9999,-9999,-9999,-9999,32.4929351806641,32.4635772705078,32.5071182250977,32.609748840332,33.0931549072266,33.7848739624023,34.0016593933105,33.9914817810059,30.6029834747314,26.4060192108154,24.4891300201416,22.5758171081543,21.2636661529541,18.8139114379883,13.7688732147217,11.6445121765137,13.7522525787354,15.2174673080444,16.325662612915,15.9868965148926,14.6721200942993,15.0972051620483,15.8996133804321,9.6585693359375,7.6264533996582,2.9975528717041,-9999,-9999,-9999,-9999,-9999
-9999,-9999,-9999,-9999,-9999,-9999,-9999,-9999,-9999,-9999,-9999,-9999,-9999,-9999,-9999,-9999,-9999,-9999,-9999,-9999,-9999,-9999,-9999,-9999,-9999,-9999,-9999,-9999,-9999,-9999,-9999,-9999,-9999,-9999,-9999,-9999,-9999,-9999,-9999,-9999,-9999,-9999,-9999,-9999,-9999,-9999,-9999,-9999,-9999,-9999,-9999,-9999,-9999,-9999,-9999,-9999,-9999,-9999,-9999,-9999,-9999,-9999,-9999,-9999,-9999,-9999,-9999,-9999,-9999,-9999,-9999,-9999,-9999,-9999,-9999,-9999,-9999,-9999,-9999,-9999,-9999,-9999,-9999,-9999,-9999,-9999,-9999,-9999,-9999,-9999,-9999,-9999,-9999,-9999,-9999,-9999,-9999,-9999,-9999,-9999,32.2817687988281,32.240779876709,32.3095474243164,32.4757118225098,32.9989776611328,33.7143402099609,33.8863906860352,33.8210868835449,33.0398635864258,32.0478248596191,27.4405822753906,22.8376541137695,21.5476226806641,19.207462310791,13.9827928543091,11.4365262985229,13.074725151062,13.8285684585571,13.4872894287109,12.1173820495605,10.2701025009155,9.702392578125,9.67464351654053,6.88708448410034,3.39922428131104,3.25185966491699,2.76788902282715,-9999,-9999,-9999,-9999
-9999,-9999,-9999,-9999,-9999,-9999,-9999,-9999,-9999,-9999,-9999,-9999,-9999,-9999,-9999,-9999,-9999,-9999,-9999,-9999,-9999,-9999,-9999,-9999,-9999,-9999,-9999,-9999,-9999,-9999,-9999,-9999,-9999,-9999,-9999,-9999,-9999,-9999,-9999,-9999,-9999,-9999,-9999,-9999,-9999,-9999,-9999,-9999,-9999,-9999,-9999,-9999,-9999,-9999,-9999,-9999,-9999,-9999,-9999,-9999,-9999,-9999,-9999,-9999,-9999,-9999,-9999,-9999,-9999,-9999,-9999,-9999,-9999,-9999,-9999,-9999,-9999,-9999,-9999,-9999,-9999,-9999,-9999,-9999,-9999,-9999,-9999,-9999,-9999,-9999,-9999,-9999,-9999,-9999,-9999,-9999,-9999,-9999,-9999,-9999,32.0888023376465,32.0599708557129,32.1511535644531,32.3641510009766,32.8052597045898,33.3682632446289,33.6235809326172,33.7106590270996,34.5432014465332,35.2576179504395,29.2882347106934,23.0716152191162,21.8600082397461,19.5397758483887,14.1589555740356,11.4070148468018,12.4499845504761,12.206166267395,10.9287490844727,9.21860504150391,7.32218027114868,6.22733402252197,5.20630073547363,4.28901338577271,3.37947559356689,2.757972240448,2.51156377792358,-9999,-9999,-9999,-9999
-9999,-9999,-9999,-9999,-9999,-9999,-9999,-9999,-9999,-9999,-9999,-9999,-9999,-9999,-9999,-9999,-9999,-9999,-9999,-9999,-9999,-9999,-9999,-9999,-9999,-9999,-9999,-9999,-9999,-9999,-9999,-9999,-9999,-9999,-9999,-9999,-9999,-9999,-9999,-9999,-9999,-9999,-9999,-9999,-9999,-9999,-9999,-9999,-9999,-9999,-9999,-9999,-9999,-9999,-9999,-9999,-9999,-9999,-9999,-9999,-9999,-9999,-9999,-9999,-9999,-9999,-9999,-9999,-9999,-9999,-9999,-9999,-9999,-9999,-9999,-9999,-9999,-9999,-9999,-9999,-9999,-9999,-9999,-9999,-9999,-9999,-9999,-9999,-9999,-9999,-9999,-9999,-9999,-9999,-9999,-9999,-9999,-9999,-9999,-9999,-9999,31.9572792053223,32.0771141052246,32.3000183105469,32.4215087890625,32.4802436828613,33.0642776489258,33.7043647766113,34.6064910888672,35.3247604370117,29.4174137115479,23.2905502319336,22.1797122955322,19.9448928833008,14.5968599319458,11.5221786499023,12.4905138015747,11.7216701507568,9.59862899780273,8.47457599639893,7.84411144256592,6.36757040023804,3.7323157787323,3.4042603969574,2.81950569152832,2.51254558563232,2.2407922744751,-9999,-9999,3.40476417541504,3.35885906219482
-9999,-9999,-9999,-9999,-9999,-9999,-9999,-9999,-9999,-9999,-9999,-9999,-9999,-9999,-9999,-9999,-9999,-9999,-9999,-9999,-9999,-9999,-9999,-9999,-9999,-9999,-9999,-9999,-9999,-9999,-9999,-9999,-9999,-9999,-9999,-9999,-9999,-9999,-9999,-9999,-9999,-9999,-9999,-9999,-9999,-9999,-9999,-9999,-9999,-9999,-9999,-9999,-9999,-9999,-9999,-9999,-9999,-9999,-9999,-9999,-9999,-9999,-9999,-9999,-9999,-9999,-9999,-9999,-9999,-9999,-9999,-9999,-9999,-9999,-9999,-9999,-9999,-9999,-9999,-9999,-9999,-9999,-9999,-9999,-9999,-9999,-9999,-9999,-9999,-9999,-9999,-9999,-9999,-9999,-9999,-9999,-9999,-9999,-9999,-9999,-9999,-9999,32.0208358764648,32.1972427368164,32.1535491943359,31.9678916931152,32.6890449523926,33.5731201171875,34.5696983337402,35.3682556152344,29.5981197357178,23.3378753662109,20.2208518981934,16.6194763183594,12.6212310791016,10.2979946136475,10.8104305267334,9.80464172363281,7.53296279907227,6.8896484375,7.02000951766968,5.64514207839966,2.89594054222107,2.72610998153687,2.69335627555847,2.59315609931946,2.57498407363892,2.97456312179565,3.26293420791626,3.30440187454224,3.35665202140808
-9999,-9999,-9999,-9999,-9999,-9999,-9999,-9999,-9999,-9999,-9999,-9999,-9999,-9999,-9999,-9999,-9999,-9999,-9999,-9999,-9999,-9999,-9999,-9999,-9999,-9999,-9999,-9999,-9999,-9999,-9999,-9999,-9999,-9999,-9999,-9999,-9999,-9999,-9999,-9999,-9999,-9999,-9999,-9999,-9999,-9999,-9999,-9999,-9999,-9999,-9999,-9999,-9999,-9999,-9999,-9999,-9999,-9999,-9999,-9999,-9999,-9999,-9999,-9999,-9999,-9999,-9999,-9999,-9999,-9999,-9999,-9999,-9999,-9999,-9999,-9999,-9999,-9999,-9999,-9999,-9999,-9999,-9999,-9999,-9999,-9999,-9999,-9999,-9999,-9999,-9999,-9999,-9999,-9999,-9999,-9999,-9999,-9999,-9999,-9999,-9999,-9999,-9999,32.0541839599609,32.0162696838379,31.8991813659668,32.5102996826172,33.221508026123,34.4347839355469,35.4445419311523,29.8755168914795,23.2353134155273,15.4241371154785,8.96720409393311,7.89692163467407,7.43131351470947,7.66705083847046,6.80941009521484,4.71627902984619,4.00156164169312,4.2552170753479,3.9078950881958,3.26457095146179,3.07440686225891,3.1700279712677,3.13230800628662,3.12654066085815,3.18868350982666,3.14867115020752,2.97741103172302,2.83438444137573
-9999,-9999,-9999,-9999,-9999,-9999,-9999,-9999,-9999,-9999,-9999,-9999,-9999,-9999,-9999,-9999,-9999,-9999,-9999,-9999,-9999,-9999,-9999,-9999,-9999,-9999,-9999,-9999,-9999,-9999,-9999,-9999,-9999,-9999,-9999,-9999,-9999,-9999,-9999,-9999,-9999,-9999,-9999,-9999,-9999,-9999,-9999,-9999,-9999,-9999,-9999,-9999,-9999,-9999,-9999,-9999,-9999,-9999,-9999,-9999,-9999,-9999,-9999,-9999,-9999,-9999,-9999,-9999,-9999,-9999,-9999,-9999,-9999,-9999,-9999,-9999,-9999,-9999,-9999,-9999,-9999,-9999,-9999,-9999,-9999,-9999,-9999,-9999,-9999,-9999,-9999,-9999,-9999,-9999,-9999,-9999,-9999,-9999,-9999,-9999,-9999,-9999,-9999,31.9184074401855,31.9663963317871,32.0408782958984,32.3977661132813,32.7538719177246,33.8858375549316,34.905517578125,29.7562294006348,23.3030204772949,13.6160335540771,6.18238735198975,6.49451446533203,6.76930093765259,6.87645673751831,6.08045625686646,3.5549430847168,2.74606585502625,2.92956757545471,2.98076558113098,3.06232833862305,3.05250859260559,3.14634895324707,3.16185784339905,3.15768766403198,2.89225745201111,4.4760365486145,9.49249362945557,15.0178203582764
-9999,-9999,-9999,-9999,-9999,-9999,-9999,-9999,-9999,-9999,-9999,-9999,-9999,-9999,-9999,-9999,-9999,-9999,-9999,-9999,-9999,-9999,-9999,-9999,-9999,-9999,-9999,-9999,-9999,-9999,-9999,-9999,-9999,-9999,-9999,-9999,-9999,-9999,-9999,-9999,-9999,-9999,-9999,-9999,-9999,-9999,-9999,-9999,-9999,-9999,-9999,-9999,-9999,-9999,-9999,-9999,-9999,-9999,-9999,-9999,-9999,-9999,-9999,-9999,-9999,-9999,-9999,-9999,-9999,-9999,-9999,-9999,-9999,-9999,-9999,-9999,-9999,-9999,-9999,-9999,-9999,-9999,-9999,-9999,-9999,-9999,-9999,-9999,-9999,-9999,-9999,-9999,-9999,-9999,-9999,-9999,-9999,-9999,-9999,-9999,-9999,-9999,-9999,-9999,31.9881572723389,32.319278717041,32.469066619873,32.5074615478516,33.0633811950684,33.9415550231934,29.3536224365234,23.016019821167,13.2907819747925,6.51232194900513,7.1986231803894,7.58389520645142,7.641432762146,6.5624041557312,3.67386317253113,2.53087282180786,2.54583835601807,2.5549693107605,2.43317770957947,2.36671876907349,2.35874104499817,2.3842601776123,2.3415687084198,2.10784530639648,6.64977359771729,20.1838722229004,30.8321094512939
-9999,-9999,-9999,-9999,-9999,-9999,-9999,-9999,-9999,-9999,-9999,-9999,-9999,-9999,-9999,-9999,-9999,-9999,-9999,-9999,-9999,-9999,-9999,-9999,-9999,-9999,-9999,-9999,-9999,-9999,-9999,-9999,-9999,-9999,-9999,-9999,-9999,-9999,-9999,-9999,-9999,-9999,-9999,-9999,-9999,-9999,-9999,-9999,-9999,-9999,-9999,-9999,-9999,-9999,-9999,-9999,-9999,-9999,-9999,-9999,-9999,-9999,-9999,-9999,-9999,-9999,-9999,-9999,-9999,-9999,-9999,-9999,-9999,-9999,-9999,-9999,-9999,-9999,-9999,-9999,-9999,-9999,-9999,-9999,-9999,-9999,-9999,-9999,-9999,-9999,-9999,-9999,-9999,-9999,-9999,-9999,-9999,-9999,-9999,-9999,-9999,-9999,-9999,-9999,-9999,-9999,32.2264671325684,32.1319580078125,32.6876487731934,33.2497482299805,30.344087600708,25.9849338531494,18.8579196929932,13.2841196060181,11.4832906723022,10.5020246505737,10.7469329833984,9.8775520324707,8.02247047424316,8.68394088745117,10.9927587509155,10.9455738067627,10.4749393463135,12.0987386703491,14.2148561477661,15.6526823043823,16.6156673431396,16.0821952819824,18.3860130310059,26.205228805542,32.6767425537109
-9999,-9999,-9999,-9999,-9999,-9999,-9999,-9999,-9999,-9999,-9999,-9999,-9999,-9999,-9999,-9999,-9999,-9999,-9999,-9999,-9999,-9999,-9999,-9999,-9999,-9999,-9999,-9999,-9999,-9999,-9999,-9999,-9999,-9999,-9999,-9999,-9999,-9999,-9999,-9999,-9999,-9999,-9999,-9999,-9999,-9999,-9999,-9999,-9999,-9999,-9999,-9999,-9999,-9999,-9999,-9999,-9999,-9999,-9999,-9999,-9999,-9999,-9999,-9999,-9999,-9999,-9999,-9999,-9999,-9999,-9999,-9999,-9999,-9999,-9999,-9999,-9999,-9999,-9999,-9999,-9999,-9999,-9999,-9999,-9999,-9999,-9999,-9999,-9999,-9999,-9999,-9999,-9999,-9999,-9999,-9999,-9999,-9999,-9999,-9999,-9999,-9999,-9999,-9999,-9999,-9999,-9999,-9999,31.9275417327881,32.1818046569824,31.8967189788818,31.1779479980469,27.6160449981689,23.183048248291,17.8607769012451,14.6598787307739,15.477071762085,15.5003023147583,14.474497795105,17.6697025299072,22.5841197967529,22.8728523254395,22.0245151519775,24.8121109008789,27.6609172821045,29.934549331665,31.5934638977051,31.0184650421143,30.6117668151855,30.5852565765381,-9999
-9999,-9999,-9999,-9999,-9999,-9999,-9999,-9999,-9999,-9999,-9999,-9999,-9999,-9999,-9999,-9999,-9999,-9999,-9999,-9999,-9999,-9999,-9999,-9999,-9999,-9999,-9999,-9999,-9999,-9999,-9999,-9999,-9999,-9999,-9999,-9999,-9999,-9999,-9999,-9999,-9999,-9999,-9999,-9999,-9999,-9999,-9999,-9999,-9999,-9999,-9999,-9999,-9999,-9999,-9999,-9999,-9999,-9999,-9999,-9999,-9999,-9999,-9999,-9999,-9999,-9999,-9999,-9999,-9999,-9999,-9999,-9999,-9999,-9999,-9999,-9999,-9999,-9999,-9999,-9999,-9999,-9999,-9999,-9999,-9999,-9999,-9999,-9999,-9999,-9999,-9999,-9999,-9999,-9999,-9999,-9999,-9999,-9999,-9999,-9999,-9999,-9999,-9999,-9999,-9999,-9999,-9999,-9999,-9999,-9999,31.6634330749512,31.4607906341553,29.6425285339355,27.4989681243896,24.6047687530518,22.8235034942627,22.9674510955811,22.7910308837891,22.3434162139893,24.0053024291992,26.591609954834,26.7914352416992,26.3914222717285,27.8656997680664,29.4141807556152,30.6975021362305,31.6472339630127,31.2598972320557,-9999,-9999,-9999
-9999,-9999,-9999,-9999,-9999,-9999,-9999,-9999,-9999,-9999,-9999,-9999,-9999,-9999,-9999,-9999,-9999,-9999,-9999,-9999,-9999,-9999,-9999,-9999,-9999,-9999,-9999,-9999,-9999,-9999,-9999,-9999,-9999,-9999,-9999,-9999,-9999,-9999,-9999,-9999,-9999,-9999,-9999,-9999,-9999,-9999,-9999,-9999,-9999,-9999,-9999,-9999,-9999,-9999,-9999,-9999,-9999,-9999,-9999,-9999,-9999,-9999,-9999,-9999,-9999,-9999,-9999,-9999,-9999,-9999,-9999,-9999,-9999,-9999,-9999,-9999,-9999,-9999,-9999,-9999,-9999,-9999,-9999,-9999,-9999,-9999,-9999,-9999,-9999,-9999,-9999,-9999,-9999,-9999,-9999,-9999,-9999,-9999,-9999,-9999,-9999,-9999,-9999,-9999,-9999,-9999,-9999,-9999,-9999,-9999,-9999,-9999,-9999,-9999,-9999,-9999,-9999,-9999,-9999,-9999,-9999,-9999,-9999,-9999,-9999,-9999,-9999,-9999,-9999,-9999,-9999
-9999,-9999,-9999,-9999,-9999,-9999,-9999,-9999,-9999,-9999,-9999,-9999,-9999,-9999,-9999,-9999,-9999,-9999,-9999,-9999,-9999,-9999,-9999,-9999,-9999,-9999,-9999,-9999,-9999,-9999,-9999,-9999,-9999,-9999,-9999,-9999,-9999,-9999,-9999,-9999,-9999,-9999,-9999,-9999,-9999,-9999,-9999,-9999,-9999,-9999,-9999,-9999,-9999,-9999,-9999,-9999,-9999,-9999,-9999,-9999,-9999,-9999,-9999,-9999,-9999,-9999,-9999,-9999,-9999,-9999,-9999,-9999,-9999,-9999,-9999,-9999,-9999,-9999,-9999,-9999,-9999,-9999,-9999,-9999,-9999,-9999,-9999,-9999,-9999,-9999,-9999,-9999,-9999,-9999,-9999,-9999,-9999,-9999,-9999,-9999,-9999,-9999,-9999,-9999,-9999,-9999,-9999,-9999,-9999,-9999,-9999,-9999,-9999,-9999,-9999,-9999,-9999,-9999,-9999,-9999,-9999,-9999,-9999,-9999,-9999,-9999,-9999,-9999,-9999,-9999,-9999

Step,121
Year,10.08333
-9999,-9999,-9999,-9999,-9999,-9999,-9999,-9999,-9999,-9999,-9999,-9999,-9999,-9999,-9999,-9999,-9999,-9999,-9999,-9999,-9999,-9999,-9999,-9999,-9999,-9999,-9999,-9999,-9999,-9999,-9999,-9999,-9999,-9999,-9999,-9999,-9999,-9999,-9999,-9999,-9999,-9999,-9999,-9999,-9999,-9999,-9999,-9999,-9999,-9999,-9999,-9999,-9999,-9999,-9999,-9999,-9999,-9999,-9999,-9999,-9999,-9999,-9999,-9999,-9999,-9999,-9999,-9999,-9999,-9999,-9999,-9999,-9999,-9999,-9999,-9999,-9999,-9999,-9999,-9999,-9999,-9999,-9999,-9999,-9999,-9999,-9999,-9999,-9999,-9999,-9999,-9999,-9999,-9999,-9999,-9999,-9999,-9999,-9999,-9999,-9999,-9999,-9999,-9999,-9999,-9999,-9999,-9999,-9999,-9999,-9999,-9999,-9999,-9999,-9999,-9999,-9999,-9999,-9999,-9999,-9999,-9999,-9999,-9999,-9999,-9999,-9999,-9999,-9999,-9999,-9999
-9999,-9999,-9999,-9999,-9999,-9999,-9999,-9999,-9999,-9999,-9999,-9999,-9999,-9999,-9999,-9999,-9999,-9999,-9999,-9999,-9999,-9999,-9999,-9999,-9999,-9999,-9999,-9999,-9999,-9999,-9999,-9999,-9999,-9999,-9999,-9999,-9999,-9999,-9999,-9999,-9999,-9999,-9999,-9999,-9999,-9999,-9999,-9999,-9999,-9999,-9999,-9999,-9999,-9999,-9999,-9999,-9999,-9999,-9999,-9999,-9999,-9999,-9999,-9999,-9999,-9999,-9999,-9999,-9999,-9999,-9999,-9999,-9999,-9999,-9999,-9999,-9999,-9999,-9999,-9999,-9999,-9999,-9999,-9999,-9999,-9999,-9999,-9999,-9999,-9999,-9999,-9999,-9999,-9999,-9999,-9999,-9999,-9999,-9999,-9999,-9999,-9999,-9999,-9999,-9999,-9999,-9999,-9999,-9999,-9999,-9999,-9999,-9999,-9999,-9999,-9999,-9999,-9999,-9999,-9999,-9999,-9999,-9999,-9999,-9999,-9999,-9999,-9999,-9999,-9999,-9999
-9999,-9999,-9999,-9999,-9999,-9999,-9999,-9999,-9999,-9999,-9999,-9999,-9999,-9999,-9999,-9999,-9999,-9999,-9999,-9999,-9999,-9999,-9999,-9999,-9999,-9999,-9999,-9999,-9999,-9999,-9999,-9999,-9999,-9999,-9999,-9999,-9999,-9999,-9999,-9999,-9999,-9999,-9999,-9999,-9999,-9999,-9999,-9999,-9999,-9999,-9999,-9999,-9999,-9999,-9999,-9999,-9999,-9999,-9999,-9999,-9999,-9999,-9999,-9999,-9999,-9999,-9999,-9999,-9999,-9999,-9999,-9999,-9999,-9999,36.9801445007324,37.7498092651367,-9999,-9999,-9999,-9999,-9999,-9999,-9999,-9999,-9999,-9999,-9999,-9999,-9999,-9999,-9999,-9999,-9999,-9999,-9999,-9999,-9999,-9999,-9999,-9999,-9999,-9999,-9999,-9999,-9999,-9999,-9999,-9999,-9999,-9999,-9999,-9999,-9999,-9999,-9999,-9999,-9999,-9999,-9999,-9999,-9999,-9999,-9999,-9999,-9999,-9999,-9999,-9999,-9999,-9999,-9999
-9999,-9999,-9999,-9999,-9999,-9999,-9999,-9999,-9999,-9999,-9999,-9999,-9999,-9999,-9999,-9999,-9999,-9999,-9999,-9999,-9999,-9999,-9999,-9999,-9999,-9999,-9999,-9999,-9999,-9999,-9999,-9999,-9999,-9999,-9999,-9999,-9999,-9999,-9999,-9999,-9999,-9999,-9999,-9999,-9999,-9999,-9999,-9999,-9999,-9999,-9999,-9999,-9999,-9999,-9999,-9999,-9999,-9999,-9999,-9999,-9999,-9999,-9999,-9999,-9999,-9999,-9999,-9999,-9999,-9999,-9999,-9999,-9999,-9999,38.1132049560547,37.610107421875,-9999,-9999,-9999,-9999,-9999,-9999,-9999,-9999,-9999,-9999,-9999,-9999,-9999,-9999,-9999,-9999,-9999,-9999,-9999,-9999,-9999,-9999,-9999,-9999,-9999,-9999,-9999,-9999,-9999,-9999,-9999,-9999,-9999,-9999,-9999,-9999,-9999,-9999,-9999,-9999,-9999,-9999,-9999,-9999,-9999,-9999,-9999,-9999,-9999,-9999,-9999,-9999,-9999,-9999,-9999
-9999,-9999,-9999,-9999,-9999,-9999,-9999,-9999,-9999,-9999,-9999,-9999,-9999,-9999,-9999,-9999,-9999,-9999,-9999,-9999,-9999,-9999,-9999,-9999,-9999,-9999,-9999,-9999,-9999,-9999,-9999,-9999,-9999,-9999,-9999,-9999,-9999,-9999,-9999,-9999,-9999,-9999,-9999,-9999,-9999,-9999,-9999,-9999,-9999,-9999,-9999,-9999,-9999,-9999,-9999,-9999,6.17708629472441E-13,1.09035056539142E-08,1.08200683968107E-08,1.08047943925271E-08,-9999,-9999,-9999,-9999,-9999,38.6734886169434,38.4639625549316,39.3293037414551,39.8732872009277,37.0430870056152,36.021183013916,32.7538566589355,32.4929962158203,31.8931560516357,35.5970840454102,34.4420585632324,32.9801330566406,-9999,-9999,25.255313873291,23.8702087402344,23.0009365081787,23.6316223144531,30.4209156036377,33.5464096069336,35.5329551696777,35.4631004333496,33.1418418884277,25.0278873443604,-9999,-9999,-9999,-9999,-9999,-9999,-9999,-9999,-9999,-9999,-9999,-9999,-9999,-9999,-9999,-9999,-9999,-9999,-9999,-9999,-9999,-9999,-9999,-9999,-9999,-9999,-9999,-9999,-9999,-9999,-9999,-9999,-9999,-9999,-9999,-9999,-9999,-9999,-9999,-9999,-9999,-9999
-9999,-9999,-9999,-9999,-9999,-9999,-9999,-9999,-9999,-9999,-9999,-9999,-9999,-9999,-9999,-9999,-9999,-9999,-9999,-9999,-9999,-9999,-9999,-9999,-9999,-9999,-9999,-9999,-9999,-9999,-9999,-9999,-9999,-9999,-9999,-9999,-9999,-9999,-9999,-9999,-9999,-9999,-9999,-9999,-9999,-9999,-9999,-9999,-9999,-9999,-9999,-9999,-9999,-9999,-9999,7.13430616666733E-13,2.48550193759911E-08,0.000671803369186819,0.000668069056700915,0.000667367421556264,0.00136929424479604,44.7396621704102,-9999,44.0504264831543,42.2489013671875,41.6420021057129,41.3834342956543,40.3469772338867,39.9163970947266,39.3440971374512,36.1961555480957,35.304271697998,36.0004348754883,34.9937973022461,34.6087760925293,35.1050300598145,33.8266181945801,33.3864479064941,32.143856048584,29.6811695098877,26.4508209228516,23.6945781707764,26.7031764984131,29.7957630157471,34.136043548584,36.5332107543945,36.3103675842285,34.119499206543,28.5649871826172,22.4793453216553,15.9503936767578,-9999,-9999,-9999,-9999,-9999,-9999,-9999,-9999,-9999,-9999,-9999,-9999,-9999,-9999,-9999,-9999,-9999,-9999,-9999,-9999,-9999,-9999,-9999,-9999,-9999,-9999,-9999,-9999,-9999,-9999,-9999,-9999,-9999,-9999,-9999,-9999,-9999,-9999,-9999,-9999
-9999,-9999,-9999,-9999,-9999,-9999,-9999,-9999,-9999,-9999,-9999,-9999,-9999,-9999,-9999,-9999,-9999,-9999,-9999,-9999,-9999,-9999,-9999,-9999,-9999,-9999,-9999,-9999,-9999,-9999,-9999,-9999,-9999,-9999,-9999,-9999,-9999,-9999,-9999,-9999,-9999,-9999,-9999,-9999,-9999,-9999,-9999,-9999,-9999,-9999,-9999,-9999,-9999,-9999,-9999,1.44869689577831E-08,0.000772571074776351,45.8888931274414,45.8314895629883,45.8811721801758,46.0367088317871,45.3985443115234,44.6272048950195,44.5918121337891,42.7100563049316,42.4255599975586,41.176513671875,40.5522994995117,39.979736328125,38.5709190368652,37.3880844116211,37.1595077514648,36.8143272399902,36.5603179931641,36.1346130371094,35.7201538085938,34.8370590209961,33.7325630187988,31.8858203887939,29.6903972625732,26.580436706543,24.0680046081543,27.3553447723389,31.9580554962158,35.8941307067871,37.744758605957,37.7076110839844,35.155403137207,29.2440185546875,22.9571113586426,15.9469881057739,13.8979730606079,18.075626373291,-9999,-9999,-9999,-9999,-9999,-9999,-9999,-9999,-9999,29.9456119537354,30.7678852081299,32.6006278991699,-9999,-9999,-9999,-9999,-9999,-9999,-9999,-9999,-9999,-9999,-9999,-9999,-9999,-9999,-9999,-9999,-9999,-9999,-9999,-9999,-9999,-9999,-9999,-9999,-9999,-9999
-9999,-9999,-9999,-9999,-9999,-9999,-9999,-9999,-9999,-9999,-9999,-9999,-9999,-9999,-9999,-9999,-9999,-9999,-9999,-9999,-9999,-9999,-9999,-9999,-9999,-9999,-9999,-9999,-9999,-9999,-9999,39.1784820556641,-9999,-9999,-9999,40.3999977111816,-9999,-9999,-9999,-9999,-9999,-9999,-9999,-9999,-9999,-9999,-9999,-9999,-9999,-9999,-9999,-9999,-9999,-9999,-9999,-9999,-9999,45.4573936462402,45.6827125549316,45.7805366516113,-9999,46.1732749938965,45.5877265930176,44.6655654907227,43.2818069458008,42.1118659973145,41.6971244812012,40.6107444763184,40.1080284118652,37.6904373168945,36.8368072509766,37.9371147155762,38.1943244934082,37.7168045043945,37.1222763061523,36.6843070983887,35.8086929321289,34.9653472900391,34.7106170654297,34.4815521240234,32.9197883605957,31.4006519317627,34.7462348937988,36.8062133789063,39.5431251525879,40.7881736755371,39.7838859558105,37.474723815918,32.9200210571289,29.2927913665771,27.1634044647217,22.5366306304932,16.7927780151367,20.0427227020264,-9999,-9999,-9999,-9999,-9999,-9999,-9999,-9999,34.291675567627,35.8583145141602,36.6675491333008,34.3917655944824,33.6967658996582,-9999,-9999,-9999,-9999,-9999,-9999,-9999,-9999,-9999,-9999,-9999,-9999,-9999,-9999,-9999,-9999,-9999,-9999,-9999,-9999,-9999,-9999,-9999,-9999
-9999,-9999,-9999,-9999,-9999,-9999,-9999,-9999,-9999,-9999,-9999,-9999,-9999,-9999,-9999,-9999,-9999,-9999,-9999,-9999,-9999,-9999,-9999,-9999,-9999,-9999,-9999,-9999,-9999,-9999,38.6961326599121,38.7559051513672,-9999,-9999,40.1292953491211,40.2975196838379,-9999,-9999,36.0698089599609,38.4490356445313,-9999,-9999,-9999,-9999,-9999,41.3989715576172,-9999,-9999,-9999,-9999,-9999,-9999,-9999,-9999,-9999,-9999,-9999,-9999,-9999,-9999,-9999,46.0362396240234,46.5971946716309,44.7845993041992,43.4179153442383,42.3138809204102,40.9753227233887,39.8244743347168,38.7338180541992,36.6444206237793,35.5257911682129,38.5102691650391,40.3388366699219,39.2769966125488,38.6234741210938,38.1023483276367,37.0272178649902,36.3329963684082,37.8772850036621,39.2427291870117,39.7219200134277,38.8341903686523,39.7592964172363,40.731029510498,41.8841819763184,42.324146270752,41.4432640075684,39.7024192810059,36.462963104248,35.4490928649902,36.7652015686035,30.1528186798096,18.2171268463135,20.0377311706543,24.3097343444824,-9999,-9999,-9999,-9999,-9999,34.7587966918945,35.0490074157715,35.4730186462402,35.8721160888672,36.7760848999023,37.1909446716309,35.6719398498535,32.6341590881348,-9999,-9999,-9999,-9999,-9999,-9999,-9999,-9999,-9999,-9999,-9999,-9999,-9999,-9999,-9999,-9999,-9999,-9999,-9999,-9999,-9999,-9999,-9999
-9999,-9999,-9999,-9999,-9999,-9999,-9999,-9999,-9999,-9999,-9999,-9999,-9999,-9999,-9999,-9999,-9999,-9999,-9999,-9999,-9999,-9999,-9999,38.7682647705078,38.9547691345215,-9999,-9999,-9999,-9999,38.7102851867676,38.4243774414063,38.867504119873,38.4674530029297,39.5461540222168,39.9756660461426,39.796443939209,37.1654014587402,35.6898078918457,36.2133941650391,-9999,38.4297828674316,40.5378952026367,-9999,-9999,41.009349822998,41.1098098754883,41.9400405883789,42.8876953125,-9999,-9999,-9999,-9999,-9999,-9999,-9999,-9999,-9999,41.8309745788574,43.9066505432129,-9999,-9999,-9999,44.8399238586426,44.9923820495605,43.9725723266602,42.445182800293,41.9829063415527,40.8909568786621,39.4166526794434,35.8609085083008,34.452018737793,37.8680572509766,39.7949447631836,40.3901710510254,40.1267700195313,39.4975700378418,38.7405014038086,37.9301338195801,38.0088157653809,39.4717254638672,39.925537109375,39.9479484558105,40.9768371582031,41.8340263366699,42.2516555786133,42.3937759399414,42.0330505371094,40.9402275085449,38.3381423950195,36.7055969238281,35.6650810241699,31.2056713104248,24.0657196044922,23.4317283630371,24.1876583099365,21.2866134643555,20.8288593292236,22.2829742431641,22.7984199523926,24.8115749359131,29.7327003479004,34.9267349243164,35.0878410339355,35.3234100341797,36.4967079162598,37.44775390625,37.9845581054688,35.0223045349121,33.5021095275879,34.6743011474609,-9999,-9999,-9999,-9999,-9999,-9999,-9999,-9999,-9999,-9999,-9999,-9999,-9999,-9999,-9999,-9999,-9999,-9999,-9999,-9999,-9999
-9999,-9999,-9999,-9999,-9999,-9999,-9999,-9999,-9999,-9999,-9999,-9999,-9999,-9999,-9999,-9999,-9999,-9999,-9999,-9999,-9999,-9999,38.9782371520996,38.6547622680664,38.7828559875488,39.6252021789551,40.1137466430664,37.5057830810547,37.7925109863281,37.7496490478516,38.2921943664551,38.2517051696777,37.411937713623,38.3628616333008,39.1835174560547,37.5172576904297,35.267936706543,35.4977340698242,35.3220825195313,36.6115417480469,37.6524543762207,39.4107093811035,40.8343811035156,40.4753189086914,41.0811729431152,41.4153251647949,42.4742546081543,42.8920516967773,43.3174438476563,-9999,-9999,-9999,-9999,-9999,-9999,-9999,-9999,39.1044921875,40.9101715087891,42.3348083496094,-9999,-9999,43.7756881713867,44.512321472168,45.4945869445801,44.3645935058594,42.4101142883301,40.6904296875,38.182243347168,34.8635711669922,33.6801414489746,37.5048065185547,39.2227363586426,40.7202262878418,41.1053657531738,40.4858779907227,40.083080291748,39.2970962524414,39.307544708252,38.6738891601563,39.8902969360352,41.0332565307617,42.0117225646973,42.7081565856934,42.5666389465332,42.4742279052734,42.4714393615723,41.8415412902832,40.3641586303711,37.9532470703125,34.7341232299805,31.8053321838379,28.6664276123047,25.9904193878174,23.5111637115479,22.2994499206543,21.9474010467529,24.0030727386475,24.2410049438477,23.7070026397705,26.0699424743652,32.4024391174316,35.278865814209,35.891918182373,36.4554443359375,37.0653038024902,37.786808013916,38.7130432128906,36.9612655639648,34.5481910705566,-9999,-9999,-9999,-9999,-9999,-9999,-9999,-9999,-9999,-9999,-9999,-9999,-9999,-9999,-9999,-9999,-9999,-9999,-9999,-9999,-9999
-9999,-9999,-9999,-9999,-9999,-9999,-9999,-9999,-9999,-9999,-9999,-9999,-9999,-9999,-9999,-9999,-9999,-9999,-9999,-9999,-9999,-9999,39.3878593444824,38.0732879638672,37.579158782959,39.1933898925781,41.9308052062988,41.2081756591797,36.8840789794922,37.31982421875,37.8016662597656,37.9328193664551,37.7418594360352,37.4801254272461,37.4075927734375,36.4478302001953,35.1067886352539,35.0900611877441,34.7127418518066,35.5929260253906,36.829662322998,38.8626365661621,40.246768951416,40.5556259155273,40.7012634277344,41.025218963623,41.5224800109863,42.6229133605957,42.912036895752,42.7412986755371,42.7054824829102,-9999,-9999,-9999,-9999,-9999,-9999,-9999,39.6966285705566,40.7926750183105,42.2919311523438,42.6305046081543,43.5746726989746,44.7821388244629,45.4797477722168,43.7047309875488,42.0893592834473,38.3281173706055,35.0367202758789,33.3017425537109,34.5497550964355,38.5811767578125,40.7429580688477,41.9005508422852,42.1234588623047,42.2104835510254,41.8729667663574,41.4554328918457,40.9061470031738,40.0776252746582,41.0849494934082,42.0453147888184,42.3724670410156,42.6169815063477,42.5898513793945,42.5743560791016,42.5823593139648,42.0216484069824,40.807674407959,38.1371726989746,33.5573768615723,31.8498439788818,30.7421455383301,25.6928749084473,19.3314571380615,20.392650604248,21.3408584594727,23.0633544921875,24.234447479248,23.8695793151855,26.4437942504883,33.0291862487793,36.687572479248,38.509033203125,38.0379028320313,35.9879608154297,36.6671333312988,38.241455078125,38.284423828125,35.8719749450684,38.4309997558594,-9999,-9999,-9999,-9999,-9999,-9999,-9999,-9999,-9999,-9999,-9999,-9999,-9999,-9999,-9999,-9999,-9999,-9999,-9999,-9999
-9999,-9999,-9999,-9999,-9999,-9999,-9999,-9999,-9999,-9999,-9999,-9999,-9999,-9999,-9999,-9999,-9999,-9999,-9999,-9999,-9999,-9999,39.0550804138184,38.8480987548828,36.3588180541992,35.9259376525879,42.2877082824707,43.9942169189453,40.3571472167969,38.5636444091797,38.5964584350586,38.6095542907715,38.3301887512207,37.5818748474121,37.2375793457031,36.9089012145996,36.149974822998,35.8719177246094,35.7235412597656,36.3688011169434,37.0971870422363,38.2834014892578,39.2733917236328,39.7801551818848,39.8238868713379,40.1395835876465,40.3184089660645,40.3542900085449,41.3853340148926,42.4944305419922,43.188232421875,-9999,-9999,-9999,-9999,40.0235137939453,39.3229370117188,39.1294326782227,39.2671089172363,40.1041946411133,41.0703811645508,42.173583984375,43.086498260498,44.1905174255371,44.3613967895508,42.2971687316895,40.9638748168945,37.1691246032715,33.9656600952148,35.3594856262207,36.6454734802246,40.0972747802734,42.1483383178711,43.1687698364258,43.5402526855469,43.3427810668945,42.930793762207,42.4029159545898,41.8404922485352,41.2406616210938,41.9787368774414,42.6558532714844,42.5740661621094,42.5208358764648,42.5711517333984,42.5996017456055,42.5904808044434,42.1482696533203,41.2067070007324,38.7070274353027,34.6699409484863,34.1897773742676,35.4054374694824,29.2942867279053,21.0665607452393,22.0297832489014,23.1618194580078,24.7984466552734,25.9716854095459,25.663501739502,28.0027332305908,34.102466583252,37.9465713500977,40.4511375427246,39.4905738830566,36.1291847229004,37.2091522216797,39.509635925293,40.058910369873,39.7722511291504,38.6692199707031,39.7761726379395,-9999,-9999,-9999,-9999,-9999,-9999,-9999,-9999,-9999,-9999,-9999,-9999,-9999,-9999,-9999,-9999,-9999,-9999,-9999
-9999,-9999,-9999,-9999,-9999,-9999,-9999,-9999,-9999,-9999,-9999,-9999,-9999,-9999,-9999,-9999,-9999,-9999,-9999,-9999,-9999,37.7931785583496,39.0981025695801,38.3649826049805,35.7137908935547,35.5530586242676,41.9563751220703,44.5032196044922,43.2370262145996,42.1815376281738,41.8101272583008,41.5011520385742,41.3151512145996,41.0144691467285,40.675121307373,40.2387199401855,39.8000068664551,39.4701728820801,39.3222045898438,39.5084075927734,39.2082252502441,37.3653984069824,36.9300422668457,38.3447608947754,38.8798027038574,39.1953392028809,39.3938255310059,39.2749710083008,39.7180366516113,39.9702262878418,40.2463645935059,40.1153984069824,40.1307907104492,40.1832733154297,40.1952247619629,39.8213500976563,39.3865089416504,39.034740447998,39.020133972168,39.019172668457,38.1722183227539,38.530834197998,40.0593032836914,42.6545753479004,44.3149337768555,43.0281219482422,40.2171287536621,35.0532760620117,35.5790557861328,39.5751609802246,42.2478485107422,43.2115097045898,43.7018127441406,43.711727142334,43.5750885009766,43.3271484375,43.0321388244629,42.7128486633301,42.4179534912109,42.1248817443848,42.2422294616699,42.3641967773438,42.3897552490234,42.4169425964355,42.4513854980469,42.4351348876953,42.3236274719238,42.1018218994141,41.7557640075684,40.9279708862305,39.7420768737793,39.7464714050293,40.1234893798828,37.730167388916,33.7905387878418,31.0510520935059,28.9528827667236,30.1900959014893,30.8522930145264,30.666934967041,32.1636428833008,35.2226371765137,38.433837890625,41.3710556030273,41.1331100463867,39.0625114440918,41.0318450927734,43.6591148376465,42.2067604064941,40.1477661132813,40.0508880615234,39.4904670715332,38.4318237304688,37.8024024963379,-9999,-9999,-9999,-9999,-9999,-9999,-9999,-9999,-9999,-9999,-9999,-9999,-9999,-9999,-9999,-9999,-9999
-9999,-9999,-9999,-9999,-9999,-9999,-9999,-9999,-9999,-9999,-9999,-9999,-9999,-9999,-9999,-9999,-9999,-9999,-9999,-9999,-9999,35.9019317626953,35.4959259033203,36.7130317687988,36.150821685791,36.9346733093262,41.5041275024414,43.7963409423828,43.5391311645508,43.1687545776367,42.6045265197754,42.2985954284668,42.1651268005371,41.9644355773926,41.6056137084961,41.2642517089844,40.8114624023438,40.5155067443848,40.3134994506836,40.3117218017578,39.8426704406738,38.0852508544922,37.1823692321777,37.6692657470703,38.1272239685059,38.7352256774902,39.2614250183105,39.7705497741699,39.4954376220703,39.1553649902344,39.2537994384766,39.5617637634277,39.5690155029297,39.7974815368652,39.4239044189453,39.1168632507324,38.4333572387695,38.0528373718262,37.7077522277832,36.7136840820313,36.656436920166,37.6061744689941,38.7402534484863,39.5097198486328,42.7417640686035,42.0686912536621,41.3265991210938,36.4465141296387,37.9966583251953,42.198673248291,44.5852508544922,44.3869285583496,44.1142463684082,43.7458801269531,-9999,-9999,-9999,-9999,-9999,-9999,-9999,42.0781288146973,42.1365623474121,42.1931266784668,42.2418365478516,42.2160301208496,42.0499572753906,41.9309158325195,41.8638534545898,41.835319519043,41.8341903686523,41.7958717346191,41.7618141174316,41.2067413330078,39.7398796081543,35.7803001403809,32.1523056030273,33.1207618713379,33.5150527954102,32.5009498596191,32.0338096618652,33.9116554260254,36.5658073425293,39.9667739868164,40.7817535400391,40.5575332641602,42.4806709289551,44.8234367370605,42.3683929443359,39.1580276489258,39.8802947998047,39.0378952026367,38.053638458252,36.5642700195313,37.2056846618652,-9999,-9999,-9999,-9999,-9999,-9999,-9999,-9999,-9999,-9999,-9999,-9999,-9999,-9999,-9999,-9999
-9999,-9999,-9999,-9999,-9999,-9999,-9999,-9999,-9999,-9999,-9999,-9999,-9999,-9999,-9999,-9999,-9999,-9999,-9999,33.8397674560547,34.5718841552734,34.0431518554688,33.4524726867676,33.2501602172852,37.1375770568848,39.8758163452148,40.6952056884766,41.1022262573242,40.7458763122559,40.3686561584473,40.0302047729492,39.9243278503418,39.849178314209,39.5474586486816,39.2611465454102,38.9067115783691,38.5528717041016,38.3606224060059,38.214599609375,38.1777000427246,38.8541603088379,40.9601669311523,41.4253692626953,39.2951507568359,38.5709838867188,39.1519355773926,40.0245590209961,41.0067367553711,39.7332496643066,37.8671760559082,38.1843185424805,38.3487510681152,38.1543884277344,38.0328330993652,37.8873023986816,37.260009765625,35.8613510131836,34.8745040893555,34.4309196472168,35.6634674072266,37.3797912597656,39.9548835754395,42.0732955932617,41.6711654663086,41.0645523071289,39.6770172119141,40.813606262207,42.0355377197266,42.1822814941406,43.3480186462402,44.0314254760742,-9999,-9999,-9999,-9999,-9999,-9999,-9999,-9999,-9999,-9999,-9999,-9999,41.7940826416016,41.9014549255371,41.9191818237305,41.7678680419922,41.5810737609863,41.3560409545898,41.0945854187012,40.8041839599609,40.7168273925781,40.705738067627,40.7723617553711,40.8453903198242,37.3500022888184,33.8631019592285,34.3836669921875,33.8953895568848,28.8862915039063,26.2949409484863,27.6087284088135,30.4655170440674,33.7162055969238,37.216609954834,40.3232574462891,41.5385894775391,42.3689575195313,39.7909927368164,36.5726089477539,38.5795440673828,40.1366195678711,40.1197624206543,34.2783813476563,35.7852439880371,-9999,-9999,-9999,-9999,-9999,-9999,-9999,-9999,-9999,-9999,-9999,-9999,-9999,-9999,-9999,-9999
-9999,-9999,-9999,-9999,-9999,-9999,-9999,-9999,-9999,-9999,-9999,-9999,-9999,-9999,-9999,-9999,-9999,-9999,31.7875671386719,32.9506072998047,33.0961990356445,35.041877746582,33.595573425293,32.7255973815918,36.8155822753906,39.5890731811523,40.4109954833984,40.8538589477539,40.2361526489258,39.8758964538574,39.6962356567383,39.6013526916504,39.5853157043457,39.4261016845703,39.0422744750977,38.9139671325684,38.5971183776855,38.4005508422852,38.3366050720215,38.2631149291992,39.2076950073242,42.3954124450684,42.810962677002,40.2156219482422,39.3419036865234,39.8614883422852,40.7201614379883,41.4485206604004,39.8293571472168,37.1448860168457,36.4415283203125,36.077335357666,35.823787689209,35.7693710327148,36.7375793457031,37.0335350036621,35.5974578857422,34.4558601379395,33.9452590942383,36.1793212890625,39.2504730224609,41.5430183410645,43.0005493164063,43.2391510009766,43.1226501464844,42.8850975036621,42.5037612915039,43.1346893310547,-9999,-9999,-9999,-9999,-9999,-9999,-9999,-9999,-9999,-9999,-9999,-9999,-9999,-9999,-9999,-9999,-9999,41.5943832397461,41.4753532409668,41.2793502807617,40.9981880187988,40.6295852661133,40.1981811523438,40.0373992919922,39.9766883850098,40.277400970459,40.6432800292969,38.2748908996582,35.8710136413574,35.0696601867676,33.4991645812988,28.6781883239746,24.8441123962402,23.7898998260498,24.7298831939697,27.8759937286377,32.8121490478516,37.6367645263672,38.6832160949707,38.9289321899414,38.3870429992676,37.65673828125,38.4328880310059,39.4035339355469,39.5126686096191,35.8517951965332,34.6948089599609,-9999,-9999,-9999,-9999,-9999,-9999,-9999,-9999,-9999,-9999,-9999,-9999,-9999,-9999,-9999,-9999
-9999,-9999,-9999,-9999,-9999,-9999,-9999,-9999,-9999,-9999,-9999,-9999,33.211124420166,32.0218734741211,-9999,31.5858898162842,33.0618553161621,34.5307693481445,33.9943161010742,31.4200344085693,34.100643157959,36.9709358215332,36.0606842041016,35.3019142150879,35.7343826293945,37.2082786560059,40.5945739746094,42.558162689209,42.3356170654297,41.9104919433594,41.7582931518555,41.7244071960449,41.7262496948242,41.5539321899414,41.2131423950195,40.9816131591797,41.3349914550781,40.8995666503906,41.0248870849609,40.4492645263672,40.2140769958496,40.6623458862305,41.1144905090332,40.7559585571289,40.521411895752,41.2660827636719,40.9113540649414,41.8045806884766,39.7280540466309,37.230152130127,34.7684631347656,32.3190307617188,32.0533790588379,32.4808578491211,35.7391319274902,37.5592651367188,36.3869018554688,35.7753601074219,36.1892166137695,38.7197914123535,41.4210777282715,42.643253326416,43.2717475891113,43.3796730041504,43.364616394043,43.1826629638672,43.0155906677246,-9999,-9999,-9999,-9999,-9999,-9999,-9999,-9999,-9999,-9999,-9999,-9999,-9999,-9999,-9999,-9999,-9999,-9999,-9999,41.172492980957,41.0171890258789,40.7692604064941,40.4093856811523,39.9714469909668,39.7270164489746,39.5540580749512,39.7255096435547,39.9525260925293,39.0746994018555,37.9901084899902,35.319465637207,32.4193534851074,30.8667430877686,27.8873138427734,22.5146064758301,21.0755958557129,22.9323139190674,27.3294544219971,32.0433158874512,33.5118446350098,34.5808486938477,38.1717147827148,41.3428802490234,39.555290222168,38.3801422119141,39.6378479003906,36.1535835266113,34.0951385498047,-9999,-9999,-9999,-9999,-9999,-9999,-9999,-9999,-9999,-9999,-9999,-9999,-9999,-9999,-9999,-9999
-9999,-9999,-9999,-9999,-9999,-9999,-9999,-9999,-9999,-9999,31.0153045654297,32.7617645263672,34.308162689209,32.0309867858887,31.6570434570313,29.5789756774902,31.7133369445801,36.0473670959473,35.5336227416992,32.9364929199219,35.7941246032715,39.0366477966309,38.3475761413574,37.6235084533691,37.313648223877,37.4885444641113,40.5300979614258,41.8675498962402,41.5020217895508,42.0494842529297,42.8515625,43.4440765380859,43.1058044433594,43.0329513549805,42.7740631103516,42.5827713012695,42.5989761352539,42.5334358215332,42.1717147827148,41.8567657470703,41.6643180847168,41.3878631591797,41.3431053161621,41.3813400268555,41.6824913024902,41.6697578430176,42.0262680053711,42.4373321533203,41.3414154052734,39.3875770568848,36.7849197387695,33.7596282958984,33.5146369934082,33.8717002868652,36.4284133911133,37.8832855224609,37.8126182556152,38.0510292053223,38.2214889526367,39.8608779907227,41.8262023925781,42.5943489074707,42.9130477905273,42.9576759338379,42.9381980895996,42.849422454834,-9999,-9999,-9999,-9999,-9999,-9999,-9999,-9999,-9999,-9999,-9999,-9999,-9999,-9999,-9999,-9999,-9999,-9999,-9999,-9999,-9999,40.7127380371094,40.4628715515137,40.1238174438477,39.7231407165527,39.4768257141113,39.2858352661133,39.3520889282227,39.4621772766113,39.3126983642578,38.896068572998,36.415828704834,33.5795249938965,31.9495506286621,29.4467735290527,24.956298828125,21.7277965545654,20.9047737121582,23.0962791442871,26.9488048553467,30.5595226287842,33.1943168640137,37.0149993896484,40.2957305908203,38.1821670532227,36.3044090270996,37.9475212097168,35.3227348327637,33.5114326477051,-9999,-9999,-9999,-9999,-9999,-9999,-9999,-9999,-9999,-9999,-9999,-9999,-9999,-9999,-9999,-9999
-9999,-9999,-9999,-9999,-9999,-9999,-9999,-9999,27.6609592437744,28.7461528778076,29.1803970336914,29.1107616424561,30.1469974517822,32.2300720214844,31.4691867828369,29.6645355224609,31.8034248352051,36.1422920227051,36.3810768127441,34.7769317626953,37.6514167785645,40.5348663330078,40.2513122558594,39.9138259887695,39.2971649169922,39.2192573547363,39.2047996520996,39.2915229797363,39.0175666809082,40.2718162536621,43.1992874145508,44.2872352600098,44.1659202575684,44.1501388549805,44.0940208435059,43.9023780822754,43.6726493835449,43.3959045410156,43.337776184082,43.1135482788086,42.8763122558594,42.6568489074707,42.5127792358398,42.4449234008789,42.3414077758789,42.3388977050781,42.3949127197266,42.4622459411621,42.4966583251953,42.5284614562988,40.4951248168945,37.8968925476074,38.0334854125977,37.930004119873,38.3869323730469,38.6333847045898,38.1169319152832,38.6800117492676,40.2196846008301,41.3839149475098,41.9306488037109,42.1917686462402,-9999,-9999,-9999,-9999,-9999,-9999,-9999,-9999,-9999,-9999,-9999,-9999,-9999,-9999,-9999,-9999,-9999,-9999,-9999,-9999,-9999,-9999,-9999,-9999,-9999,-9999,40.1144981384277,39.8028450012207,39.4636421203613,39.2567481994629,39.0982971191406,39.0717086791992,39.0665168762207,39.2875175476074,39.3123970031738,37.848087310791,35.8237380981445,32.6062889099121,30.1411151885986,29.0152416229248,25.8326225280762,20.1821250915527,20.0298748016357,22.6947193145752,28.500581741333,33.7097434997559,35.2875061035156,36.6303939819336,35.197437286377,34.2264366149902,36.4628601074219,34.2010650634766,33.0314445495605,-9999,-9999,-9999,-9999,-9999,-9999,-9999,-9999,-9999,-9999,-9999,-9999,-9999,-9999,-9999,-9999
-9999,-9999,-9999,-9999,-9999,-9999,-9999,-9999,26.3004722595215,27.7047348022461,28.6689624786377,28.2969493865967,28.452709197998,29.150089263916,29.5481929779053,30.4624099731445,33.200984954834,37.7695350646973,38.1275291442871,36.5563354492188,37.9655151367188,39.413444519043,40.5266265869141,40.9859962463379,40.8270568847656,40.5693359375,40.1914672851563,39.8391036987305,39.5327911376953,40.3361206054688,42.125560760498,42.6599998474121,42.5155982971191,42.3856201171875,42.2148017883301,42.023811340332,41.9219398498535,41.7112579345703,41.5146331787109,41.3053970336914,41.1834831237793,41.006103515625,41.228931427002,41.9885520935059,42.2562026977539,42.2067794799805,42.1102256774902,41.9861106872559,42.1126937866211,42.2508583068848,41.1916427612305,40.0008659362793,40.2460556030273,40.3816337585449,40.2518272399902,40.0586814880371,39.7633819580078,40.1079635620117,40.9840354919434,41.5371246337891,41.8416786193848,41.9614715576172,-9999,-9999,-9999,-9999,-9999,-9999,-9999,-9999,-9999,-9999,-9999,-9999,-9999,-9999,-9999,-9999,-9999,-9999,-9999,-9999,-9999,-9999,-9999,-9999,-9999,-9999,-9999,-9999,39.0700073242188,38.9044303894043,38.7817573547363,38.7295455932617,38.6857528686523,38.9009094238281,38.9774780273438,38.0366134643555,36.7947959899902,34.4580993652344,32.387752532959,30.5033721923828,27.8062629699707,23.822961807251,21.4894237518311,20.1978569030762,24.6221408843994,30.0779705047607,31.3032360076904,32.1620216369629,31.6026935577393,31.4781475067139,34.5332565307617,31.4601421356201,30.2280311584473,-9999,-9999,-9999,-9999,-9999,-9999,-9999,-9999,-9999,-9999,-9999,-9999,-9999,-9999,-9999,-9999
-9999,-9999,-9999,-9999,-9999,-9999,20.7238845825195,26.1523590087891,26.2812824249268,26.120756149292,27.5571346282959,28.5207118988037,27.9787712097168,26.0816497802734,27.4257373809814,32.0765762329102,36.2850570678711,39.1437759399414,39.4751434326172,38.4358215332031,37.8672637939453,37.1908149719238,39.902774810791,41.994441986084,42.0516052246094,41.9333000183105,41.6105690002441,41.2592887878418,40.8928642272949,40.656665802002,40.3745193481445,40.0803833007813,39.7630958557129,39.5031471252441,39.3182563781738,39.1364707946777,38.9459686279297,38.9025611877441,38.8552665710449,38.7445297241211,38.6477317810059,38.5107536315918,39.2388610839844,41.1510696411133,41.9667892456055,41.8571090698242,41.5929794311523,41.2432670593262,41.0187301635742,40.8104934692383,40.9300079345703,41.0726852416992,41.2737579345703,41.4759292602539,41.4759140014648,41.3996925354004,41.1298141479492,40.9772300720215,40.9968070983887,41.2562828063965,41.7036399841309,-9999,-9999,-9999,-9999,-9999,-9999,-9999,-9999,-9999,-9999,-9999,-9999,-9999,-9999,-9999,-9999,-9999,-9999,-9999,-9999,-9999,-9999,-9999,-9999,-9999,-9999,-9999,-9999,-9999,-9999,-9999,-9999,38.3659934997559,38.3052864074707,38.4151496887207,38.4491310119629,37.9367370605469,37.3791389465332,36.5679130554199,34.8206825256348,31.2521705627441,28.9301910400391,28.3005752563477,24.6509227752686,18.6785449981689,20.2863941192627,24.7914772033691,25.7259712219238,26.8783798217773,27.3039665222168,28.3483905792236,32.2128639221191,30.0134754180908,-9999,-9999,-9999,-9999,-9999,-9999,-9999,-9999,-9999,-9999,-9999,-9999,-9999,-9999,-9999,-9999,-9999
-9999,-9999,-9999,-9999,-9999,-9999,26.1173667907715,26.0725975036621,25.7852725982666,25.9567832946777,26.1505584716797,29.1253185272217,31.0233535766602,31.8346252441406,33.1362609863281,34.9847412109375,37.2319221496582,40.0888900756836,40.1685791015625,39.3422355651855,38.8525810241699,38.3262100219727,40.4104766845703,42.1026420593262,42.0781593322754,41.9149284362793,41.7225303649902,41.5222625732422,41.1730422973633,40.7995300292969,40.3726196289063,40.1099319458008,39.8478012084961,39.5531120300293,39.272762298584,39.4625549316406,39.7031898498535,39.6518478393555,39.591007232666,39.4299087524414,39.2930526733398,39.222843170166,39.6087303161621,40.6703338623047,41.1270294189453,41.0760955810547,40.8631591796875,40.5524864196777,40.4345397949219,40.3787689208984,40.5009689331055,40.6464004516602,40.7413940429688,40.8275909423828,40.8738174438477,40.8600921630859,40.6767120361328,40.5540733337402,40.5139770507813,-9999,-9999,-9999,-9999,-9999,-9999,-9999,-9999,-9999,-9999,-9999,-9999,-9999,-9999,-9999,-9999,-9999,-9999,-9999,-9999,-9999,-9999,-9999,-9999,-9999,-9999,-9999,-9999,-9999,-9999,-9999,-9999,-9999,-9999,-9999,37.9003372192383,37.9606094360352,37.9904098510742,37.8129196166992,37.5386657714844,36.9830551147461,35.9461631774902,34.1081314086914,31.8153591156006,29.1912994384766,26.3102703094482,22.8541297912598,21.5640716552734,21.3626480102539,24.5258522033691,27.3823204040527,28.6996631622314,29.9092216491699,31.5992584228516,29.2852001190186,29.9242897033691,27.9387149810791,-9999,-9999,-9999,-9999,-9999,-9999,-9999,-9999,-9999,-9999,-9999,-9999,-9999,-9999,-9999
-9999,-9999,-9999,-9999,25.1176567077637,26.7430114746094,26.1742191314697,25.9768009185791,25.8089828491211,25.9731159210205,27.0626525878906,31.2939567565918,34.6308097839355,37.4621772766113,38.3392677307129,37.3373832702637,38.3192253112793,40.4978370666504,40.720947265625,40.1948585510254,39.7205047607422,39.2259140014648,40.3510131835938,41.3376846313477,41.4351921081543,41.4760971069336,41.3661003112793,41.2199172973633,41.0281181335449,40.7826538085938,40.5028343200684,40.2163887023926,39.9277420043945,39.6135482788086,39.3114280700684,39.9006690979004,40.5804901123047,40.5,40.3994636535645,40.1937408447266,40.0258636474609,39.9940223693848,40.0086097717285,40.0936965942383,40.1348152160645,40.1367835998535,40.0092849731445,39.8072242736816,39.8694763183594,40.0053558349609,40.0485687255859,40.0789680480957,40.0603179931641,40.0581207275391,-9999,-9999,-9999,-9999,-9999,-9999,-9999,-9999,-9999,-9999,-9999,-9999,-9999,-9999,-9999,-9999,-9999,-9999,-9999,-9999,-9999,-9999,-9999,-9999,-9999,-9999,-9999,-9999,-9999,-9999,-9999,-9999,-9999,-9999,-9999,-9999,-9999,-9999,-9999,-9999,-9999,37.5014305114746,37.532398223877,37.6720275878906,37.6549224853516,37.1679954528809,36.8241958618164,36.618709564209,34.3952484130859,30.0331401824951,27.8296852111816,26.8018207550049,23.0264892578125,17.8266162872314,22.8938617706299,28.1179351806641,29.9587574005127,31.1924362182617,30.918420791626,22.355281829834,22.9731063842773,28.2714004516602,29.1630840301514,-9999,-9999,-9999,-9999,-9999,-9999,-9999,-9999,-9999,-9999,-9999,-9999,-9999,-9999
-9999,-9999,-9999,-9999,30.7107963562012,28.271390914917,27.3607921600342,25.9056262969971,26.2548046112061,27.943187713623,30.5183563232422,33.5617408752441,36.1516761779785,38.1310882568359,39.1584014892578,39.2232360839844,39.673770904541,40.3688201904297,40.1875762939453,39.7010536193848,39.9647331237793,40.3529434204102,40.7455787658691,41.0938873291016,41.1121826171875,41.1132621765137,41.0691146850586,40.9905090332031,40.8489837646484,40.6735076904297,40.4618453979492,40.2676467895508,40.0881385803223,39.9329376220703,39.7812881469727,39.9849700927734,40.2336120605469,40.0327339172363,39.8209228515625,39.5333023071289,39.2880516052246,39.1764106750488,39.1117401123047,39.1184997558594,39.118408203125,39.1107902526855,39.0331192016602,-9999,-9999,-9999,-9999,-9999,-9999,-9999,-9999,-9999,-9999,-9999,-9999,-9999,-9999,-9999,-9999,-9999,-9999,-9999,-9999,-9999,-9999,-9999,-9999,-9999,-9999,-9999,-9999,-9999,-9999,-9999,-9999,-9999,-9999,-9999,-9999,-9999,-9999,-9999,-9999,-9999,-9999,-9999,-9999,-9999,-9999,-9999,-9999,-9999,37.1373405456543,37.2523612976074,37.2945365905762,37.1259651184082,36.6688690185547,35.676212310791,33.4132041931152,29.8057746887207,27.8567543029785,26.6921291351318,22.3613357543945,16.2874546051025,19.4826965332031,23.6339359283447,25.1676921844482,26.5366878509521,27.1660690307617,28.1756057739258,21.668420791626,26.6062622070313,24.8003120422363,-9999,-9999,-9999,-9999,-9999,-9999,-9999,-9999,-9999,-9999,-9999,-9999,-9999,-9999
-9999,-9999,-9999,-9999,-9999,30.6569118499756,28.7085800170898,28.7058658599854,27.5944843292236,31.2018508911133,34.1001434326172,35.9591217041016,37.5395355224609,38.7615814208984,39.6950263977051,40.4013442993164,40.3751029968262,39.8418769836426,39.5109977722168,39.2561531066895,-9999,-9999,-9999,-9999,-9999,-9999,-9999,-9999,-9999,-9999,-9999,-9999,-9999,40.0113906860352,39.9664497375488,39.8555603027344,39.7352828979492,39.4407501220703,-9999,-9999,-9999,-9999,-9999,-9999,-9999,-9999,-9999,-9999,-9999,-9999,-9999,-9999,-9999,-9999,-9999,-9999,-9999,-9999,-9999,-9999,-9999,-9999,-9999,-9999,-9999,-9999,-9999,-9999,-9999,-9999,-9999,-9999,-9999,-9999,-9999,-9999,-9999,-9999,-9999,-9999,-9999,-9999,-9999,-9999,-9999,-9999,-9999,-9999,-9999,-9999,-9999,-9999,-9999,-9999,-9999,-9999,36.7493705749512,36.8607406616211,36.9657173156738,37.0634117126465,36.5863037109375,35.0986022949219,33.0394096374512,30.3164005279541,28.386739730835,26.8579902648926,22.1271629333496,15.8311357498169,16.9584770202637,18.5231800079346,20.5743656158447,22.0148162841797,23.4563694000244,24.8001899719238,24.7977123260498,22.0686893463135,-9999,-9999,-9999,-9999,-9999,-9999,-9999,-9999,-9999,-9999,-9999,-9999,-9999,-9999,-9999
-9999,-9999,-9999,-9999,-9999,30.329683303833,30.2299613952637,31.1117038726807,32.3167915344238,36.2468147277832,38.9980621337891,39.4316062927246,39.8226051330566,40.4235458374023,40.681095123291,40.5710372924805,40.1900634765625,39.6118431091309,-9999,-9999,-9999,-9999,-9999,-9999,-9999,-9999,-9999,-9999,-9999,-9999,-9999,-9999,-9999,-9999,-9999,-9999,-9999,-9999,-9999,-9999,-9999,-9999,-9999,-9999,-9999,-9999,-9999,-9999,-9999,-9999,-9999,-9999,-9999,-9999,-9999,-9999,-9999,-9999,-9999,-9999,-9999,-9999,-9999,-9999,-9999,-9999,-9999,-9999,-9999,-9999,-9999,-9999,-9999,-9999,-9999,-9999,-9999,-9999,-9999,-9999,-9999,-9999,-9999,-9999,-9999,-9999,-9999,-9999,-9999,-9999,-9999,-9999,-9999,-9999,-9999,-9999,-9999,36.6202278137207,36.7928314208984,36.8983306884766,36.8040428161621,36.3701400756836,35.4427375793457,33.950267791748,31.252799987793,27.6457023620605,24.4913139343262,21.4240493774414,18.7650012969971,16.0872421264648,19.5629787445068,22.1106033325195,20.5559730529785,20.3931465148926,21.5185241699219,19.1481876373291,-9999,-9999,-9999,-9999,-9999,-9999,-9999,-9999,-9999,-9999,-9999,-9999,-9999,-9999,-9999
-9999,-9999,30.4534759521484,30.488395690918,30.6449394226074,30.1009330749512,30.6165046691895,33.6601409912109,36.4590873718262,39.4682273864746,41.6329078674316,41.2804183959961,41.0610656738281,41.2924919128418,41.105583190918,40.4075164794922,39.766170501709,-9999,-9999,-9999,-9999,-9999,-9999,-9999,-9999,-9999,-9999,-9999,-9999,-9999,-9999,-9999,-9999,-9999,-9999,-9999,-9999,-9999,-9999,-9999,-9999,-9999,-9999,-9999,-9999,-9999,-9999,-9999,-9999,-9999,-9999,-9999,-9999,-9999,-9999,-9999,-9999,-9999,-9999,-9999,-9999,-9999,-9999,-9999,-9999,-9999,-9999,-9999,-9999,-9999,-9999,-9999,-9999,-9999,-9999,-9999,-9999,-9999,-9999,-9999,-9999,-9999,-9999,-9999,-9999,-9999,-9999,-9999,-9999,-9999,-9999,-9999,-9999,-9999,-9999,-9999,-9999,36.3589935302734,36.5788307189941,36.6802940368652,36.8442497253418,37.1033248901367,36.9770698547363,36.400218963623,33.8442802429199,29.7600059509277,27.11594581604,24.9639492034912,20.6425323486328,15.6634855270386,19.0453128814697,20.956787109375,17.9306411743164,16.9333610534668,21.1869430541992,17.872917175293,-9999,-9999,-9999,-9999,-9999,-9999,-9999,-9999,-9999,-9999,-9999,-9999,-9999,-9999,-9999
-9999,-9999,-9999,-9999,30.6570892333984,30.2297859191895,30.939998626709,35.1069564819336,39.0718650817871,40.1616363525391,40.8055953979492,40.6514930725098,40.5431175231934,40.6462326049805,40.3236045837402,39.4888458251953,-9999,-9999,-9999,-9999,-9999,-9999,-9999,-9999,-9999,-9999,-9999,-9999,-9999,-9999,-9999,-9999,-9999,-9999,-9999,-9999,-9999,-9999,-9999,-9999,-9999,-9999,-9999,-9999,-9999,-9999,-9999,-9999,-9999,-9999,-9999,-9999,-9999,-9999,-9999,-9999,-9999,-9999,-9999,-9999,-9999,-9999,-9999,-9999,-9999,-9999,-9999,-9999,-9999,-9999,-9999,-9999,-9999,-9999,-9999,-9999,-9999,-9999,-9999,-9999,-9999,-9999,-9999,-9999,-9999,-9999,-9999,-9999,-9999,-9999,-9999,-9999,-9999,-9999,-9999,-9999,-9999,36.0557250976563,36.2754287719727,36.3445243835449,36.4967193603516,36.7775802612305,36.9533195495605,36.9814605712891,36.0323791503906,34.370044708252,30.4628944396973,25.5651588439941,23.0332775115967,20.7470626831055,19.0769004821777,17.2101993560791,16.2136001586914,16.0121078491211,17.4804229736328,18.9843673706055,-9999,-9999,-9999,-9999,-9999,-9999,-9999,-9999,-9999,-9999,-9999,-9999,-9999,-9999,-9999
-9999,-9999,-9999,-9999,30.8575439453125,30.8188991546631,31.4931087493896,36.2916870117188,40.4484634399414,40.4875450134277,40.2742347717285,40.3690338134766,40.3535766601563,40.1529769897461,39.6174736022949,-9999,-9999,-9999,-9999,-9999,-9999,-9999,-9999,-9999,-9999,-9999,-9999,-9999,-9999,-9999,-9999,-9999,-9999,-9999,-9999,-9999,-9999,-9999,-9999,-9999,-9999,-9999,-9999,-9999,-9999,-9999,-9999,-9999,-9999,-9999,-9999,-9999,-9999,-9999,-9999,-9999,-9999,-9999,-9999,-9999,-9999,-9999,-9999,-9999,-9999,-9999,-9999,-9999,-9999,-9999,-9999,-9999,-9999,-9999,-9999,-9999,-9999,-9999,-9999,-9999,-9999,-9999,-9999,-9999,-9999,-9999,-9999,-9999,-9999,-9999,-9999,-9999,-9999,-9999,-9999,-9999,-9999,35.710865020752,35.9390487670898,35.9822998046875,36.0935096740723,36.3055686950684,36.5601425170898,36.8488006591797,36.759765625,36.3811645507813,32.1207504272461,25.9656181335449,24.3315200805664,23.0527725219727,18.566967010498,14.3880081176758,15.2820224761963,15.8499040603638,15.9376335144043,16.6544513702393,13.6495323181152,-9999,-9999,-9999,-9999,-9999,-9999,-9999,-9999,-9999,-9999,-9999,-9999,-9999,-9999
-9999,-9999,-9999,-9999,31.1072978973389,31.0429763793945,32.1569976806641,36.4691047668457,40.3802032470703,40.4302558898926,40.240592956543,40.5691223144531,40.5738410949707,39.870361328125,39.0244407653809,-9999,-9999,-9999,-9999,-9999,-9999,-9999,-9999,-9999,-9999,-9999,-9999,-9999,-9999,-9999,-9999,-9999,-9999,-9999,-9999,-9999,-9999,-9999,-9999,-9999,-9999,-9999,-9999,-9999,-9999,-9999,-9999,-9999,-9999,-9999,-9999,-9999,-9999,-9999,-9999,-9999,-9999,-9999,-9999,-9999,-9999,-9999,-9999,-9999,-9999,-9999,-9999,-9999,-9999,-9999,-9999,-9999,-9999,-9999,-9999,-9999,-9999,-9999,-9999,-9999,-9999,-9999,-9999,-9999,-9999,-9999,-9999,-9999,-9999,-9999,-9999,-9999,-9999,-9999,-9999,-9999,-9999,35.3128814697266,35.5610580444336,35.5876922607422,35.6151008605957,35.6350021362305,35.6801490783691,35.7458572387695,35.7120895385742,35.5850219726563,31.7294864654541,26.166919708252,24.3410873413086,22.9311065673828,17.4595546722412,12.7919416427612,15.0885877609253,17.0324783325195,17.1187858581543,17.8975296020508,18.6642818450928,14.0433683395386,-9999,-9999,-9999,-9999,-9999,-9999,-9999,-9999,-9999,-9999,-9999,-9999,-9999
-9999,-9999,-9999,-9999,26.6997623443604,31.1818675994873,32.3539657592773,35.9142799377441,38.9173240661621,39.1339645385742,39.202995300293,40.0812339782715,40.3796463012695,39.5449562072754,-9999,-9999,-9999,-9999,-9999,-9999,-9999,-9999,-9999,-9999,-9999,-9999,-9999,-9999,-9999,-9999,-9999,-9999,-9999,-9999,-9999,-9999,-9999,-9999,-9999,-9999,-9999,-9999,-9999,-9999,-9999,-9999,-9999,-9999,-9999,-9999,-9999,-9999,-9999,-9999,-9999,-9999,-9999,-9999,-9999,-9999,-9999,-9999,-9999,-9999,-9999,-9999,-9999,-9999,-9999,-9999,-9999,-9999,-9999,-9999,-9999,-9999,-9999,-9999,-9999,-9999,-9999,-9999,-9999,-9999,-9999,-9999,-9999,-9999,-9999,-9999,-9999,-9999,-9999,-9999,-9999,-9999,-9999,34.8783836364746,35.1447334289551,35.1861343383789,35.1833267211914,35.0990371704102,35.0955810546875,35.1706466674805,35.0000419616699,34.6754875183105,32.4735450744629,29.5129699707031,26.3685684204102,22.9482879638672,18.563684463501,14.629246711731,15.410400390625,15.9319686889648,16.5125522613525,17.3638610839844,18.2928581237793,19.0574836730957,16.8167514801025,16.606653213501,-9999,-9999,-9999,-9999,-9999,-9999,-9999,-9999,-9999,-9999,-9999
-9999,-9999,-9999,-9999,29.2172889709473,31.4288139343262,32.5450248718262,34.241870880127,36.1821517944336,36.6599006652832,37.3265800476074,39.0392646789551,39.8676528930664,39.1880836486816,-9999,-9999,-9999,-9999,-9999,-9999,-9999,-9999,-9999,-9999,-9999,-9999,-9999,-9999,-9999,-9999,-9999,-9999,-9999,-9999,-9999,-9999,-9999,-9999,-9999,-9999,-9999,-9999,-9999,-9999,-9999,-9999,-9999,-9999,-9999,-9999,-9999,-9999,-9999,-9999,-9999,-9999,-9999,-9999,-9999,-9999,-9999,-9999,-9999,-9999,-9999,-9999,-9999,-9999,-9999,-9999,-9999,-9999,-9999,-9999,-9999,-9999,-9999,-9999,-9999,-9999,-9999,-9999,-9999,-9999,-9999,-9999,-9999,-9999,-9999,-9999,-9999,-9999,-9999,-9999,-9999,-9999,-9999,-9999,34.6966285705566,34.7775840759277,34.785888671875,34.6694450378418,34.7475624084473,35.0151290893555,34.5626411437988,33.645076751709,33.9513969421387,34.5424575805664,29.6153888702393,23.1595058441162,21.1843643188477,19.0290412902832,15.8326416015625,13.5156440734863,14.2896366119385,15.4647397994995,17.7365550994873,18.7522830963135,18.619743347168,-9999,-9999,-9999,-9999,-9999,-9999,-9999,-9999,-9999,-9999,-9999,-9999
-9999,-9999,-9999,-9999,28.6624202728271,30.7247009277344,30.6330184936523,31.1673412322998,32.4584770202637,34.757080078125,36.902156829834,38.2807960510254,38.9670677185059,38.7390289306641,-9999,-9999,-9999,-9999,-9999,-9999,-9999,-9999,-9999,-9999,-9999,-9999,-9999,-9999,-9999,-9999,-9999,-9999,-9999,-9999,-9999,-9999,-9999,-9999,-9999,-9999,-9999,-9999,-9999,-9999,-9999,-9999,-9999,-9999,-9999,-9999,-9999,-9999,-9999,-9999,-9999,-9999,-9999,-9999,-9999,-9999,-9999,-9999,-9999,-9999,-9999,-9999,-9999,-9999,-9999,-9999,-9999,-9999,-9999,-9999,-9999,-9999,-9999,-9999,-9999,-9999,-9999,-9999,-9999,-9999,-9999,-9999,-9999,-9999,-9999,-9999,-9999,-9999,-9999,-9999,-9999,-9999,-9999,-9999,34.2883605957031,34.3848037719727,34.4063606262207,34.3004989624023,34.4284706115723,34.777889251709,34.5380172729492,33.9250221252441,34.7928848266602,35.9716339111328,30.6113719940186,23.347827911377,22.068775177002,20.2563285827637,15.5673770904541,12.1283330917358,12.4691696166992,13.9514350891113,16.9639091491699,23.4850521087646,32.1766128540039,29.3038158416748,34.5803146362305,-9999,-9999,-9999,-9999,-9999,-9999,-9999,-9999,-9999,-9999
-9999,-9999,-9999,-9999,-9999,22.1157264709473,28.0929222106934,28.9608058929443,28.6102752685547,33.2168159484863,36.8266258239746,37.4948463439941,37.8583908081055,38.2418479919434,-9999,-9999,-9999,-9999,-9999,-9999,-9999,-9999,-9999,-9999,-9999,-9999,-9999,-9999,-9999,-9999,-9999,-9999,-9999,-9999,-9999,-9999,-9999,-9999,-9999,-9999,-9999,-9999,-9999,-9999,-9999,-9999,-9999,-9999,-9999,-9999,-9999,-9999,-9999,-9999,-9999,-9999,-9999,-9999,-9999,-9999,-9999,-9999,-9999,-9999,-9999,-9999,-9999,-9999,-9999,-9999,-9999,-9999,-9999,-9999,-9999,-9999,-9999,-9999,-9999,-9999,-9999,-9999,-9999,-9999,-9999,-9999,-9999,-9999,-9999,-9999,-9999,-9999,-9999,-9999,-9999,-9999,-9999,-9999,33.8940582275391,33.9957580566406,34.0319442749023,33.9594802856445,34.1217231750488,34.5026054382324,34.6969299316406,34.7699508666992,35.4352188110352,36.119197845459,30.7878570556641,23.7671508789063,22.1063995361328,19.8881416320801,14.8490152359009,11.0773677825928,10.6817255020142,12.2598991394043,16.1818656921387,23.0034465789795,31.5770854949951,33.8333511352539,35.3427505493164,32.0429992675781,-9999,-9999,-9999,-9999,-9999,-9999,-9999,-9999,-9999
-9999,-9999,-9999,-9999,-9999,25.1600246429443,26.4228534698486,26.178840637207,27.4534378051758,33.1241836547852,36.8142509460449,37.166675567627,37.558967590332,38.0439376831055,-9999,-9999,-9999,-9999,-9999,-9999,-9999,-9999,-9999,-9999,-9999,-9999,-9999,-9999,-9999,-9999,-9999,-9999,-9999,-9999,-9999,-9999,-9999,-9999,-9999,-9999,-9999,-9999,-9999,-9999,-9999,-9999,-9999,-9999,-9999,-9999,-9999,-9999,-9999,-9999,-9999,-9999,-9999,-9999,-9999,-9999,-9999,-9999,-9999,-9999,-9999,-9999,-9999,-9999,-9999,-9999,-9999,-9999,-9999,-9999,-9999,-9999,-9999,-9999,-9999,-9999,-9999,-9999,-9999,-9999,-9999,-9999,-9999,-9999,-9999,-9999,-9999,-9999,-9999,-9999,-9999,-9999,-9999,-9999,33.5065956115723,33.6158103942871,33.6708755493164,33.6425552368164,33.7849807739258,34.081615447998,34.2867393493652,34.4206466674805,35.1209449768066,35.8440322875977,30.7906475067139,24.0454502105713,22.3506813049316,20.0285148620605,14.7311496734619,11.0657396316528,11.5677604675293,13.4825620651245,17.0213966369629,22.5043640136719,29.0013656616211,33.4662818908691,37.4851455688477,37.6730537414551,-9999,-9999,-9999,-9999,-9999,-9999,-9999,-9999,-9999
-9999,-9999,-9999,-9999,-9999,25.1059055328369,25.196834564209,26.0747890472412,27.1744709014893,33.1386451721191,36.8534774780273,37.110954284668,37.4262809753418,37.909610748291,-9999,-9999,-9999,-9999,-9999,-9999,-9999,-9999,-9999,-9999,-9999,-9999,-9999,-9999,-9999,-9999,-9999,-9999,-9999,-9999,-9999,-9999,-9999,-9999,-9999,-9999,-9999,-9999,-9999,-9999,-9999,-9999,-9999,-9999,-9999,-9999,-9999,-9999,-9999,-9999,-9999,-9999,-9999,-9999,-9999,-9999,-9999,-9999,-9999,-9999,-9999,-9999,-9999,-9999,-9999,-9999,-9999,-9999,-9999,-9999,-9999,-9999,-9999,-9999,-9999,-9999,-9999,-9999,-9999,-9999,-9999,-9999,-9999,-9999,-9999,-9999,-9999,-9999,-9999,-9999,-9999,-9999,-9999,-9999,-9999,33.2335319519043,33.3090667724609,33.3290901184082,33.4401512145996,33.628776550293,33.7516479492188,33.8117942810059,34.6482391357422,35.5274620056152,30.7267303466797,24.3097915649414,22.6634063720703,20.3150672912598,14.7086524963379,10.9034271240234,12.9853820800781,15.4259233474731,18.3818740844727,22.0232410430908,25.9515342712402,31.2013168334961,36.6653785705566,38.3996696472168,-9999,-9999,-9999,-9999,-9999,-9999,-9999,-9999,-9999
-9999,-9999,-9999,-9999,-9999,-9999,24.2583141326904,24.7946968078613,25.7773284912109,32.195068359375,36.3940773010254,36.8399505615234,37.1779174804688,-9999,-9999,-9999,-9999,-9999,-9999,-9999,-9999,-9999,-9999,-9999,-9999,-9999,-9999,-9999,-9999,-9999,-9999,-9999,-9999,-9999,-9999,-9999,-9999,-9999,-9999,-9999,-9999,-9999,-9999,-9999,-9999,-9999,-9999,-9999,-9999,-9999,-9999,-9999,-9999,-9999,-9999,-9999,-9999,-9999,-9999,-9999,-9999,-9999,-9999,-9999,-9999,-9999,-9999,-9999,-9999,-9999,-9999,-9999,-9999,-9999,-9999,-9999,-9999,-9999,-9999,-9999,-9999,-9999,-9999,-9999,-9999,-9999,-9999,-9999,-9999,-9999,-9999,-9999,-9999,-9999,-9999,-9999,-9999,-9999,-9999,32.963737487793,33.0645217895508,33.1248893737793,33.2243232727051,33.352180480957,33.6741371154785,34.0887031555176,34.6109199523926,35.0104675292969,30.4773559570313,24.5926246643066,22.9922485351563,21.0665950775146,17.7980690002441,15.0291090011597,13.6167936325073,13.5397033691406,14.8369998931885,19.2179088592529,25.7247848510742,29.3531303405762,32.7530212402344,33.6862411499023,-9999,-9999,-9999,-9999,-9999,-9999,-9999,-9999,-9999
-9999,-9999,-9999,-9999,-9999,-9999,22.93310546875,22.5770893096924,24.4631614685059,31.2664451599121,36.052433013916,36.5629348754883,36.9121284484863,-9999,-9999,-9999,-9999,-9999,-9999,-9999,-9999,-9999,-9999,-9999,-9999,-9999,-9999,-9999,-9999,-9999,-9999,-9999,-9999,-9999,-9999,-9999,-9999,-9999,-9999,-9999,-9999,-9999,-9999,-9999,-9999,-9999,-9999,-9999,-9999,-9999,-9999,-9999,-9999,-9999,-9999,-9999,-9999,-9999,-9999,-9999,-9999,-9999,-9999,-9999,-9999,-9999,-9999,-9999,-9999,-9999,-9999,-9999,-9999,-9999,-9999,-9999,-9999,-9999,-9999,-9999,-9999,-9999,-9999,-9999,-9999,-9999,-9999,-9999,-9999,-9999,-9999,-9999,-9999,-9999,-9999,-9999,-9999,-9999,-9999,32.7075538635254,32.8305816650391,32.9221572875977,33.0099716186523,33.0871391296387,33.5963668823242,34.3390007019043,34.5597801208496,34.5150909423828,30.2580509185791,24.8443450927734,23.3689289093018,21.8169612884521,20.7596397399902,18.5931777954102,14.102933883667,11.4283437728882,11.3544321060181,16.5870170593262,25.1344947814941,27.7110347747803,27.9969921112061,23.8164978027344,17.5730247497559,15.9545822143555,-9999,-9999,-9999,-9999,-9999,-9999,-9999
-9999,-9999,-9999,-9999,-9999,-9999,21.5415725708008,21.7919216156006,23.0530834197998,30.2446155548096,35.2946624755859,36.0152130126953,36.6328010559082,-9999,-9999,-9999,-9999,-9999,-9999,-9999,-9999,-9999,-9999,-9999,-9999,-9999,-9999,-9999,-9999,-9999,-9999,-9999,-9999,-9999,-9999,-9999,-9999,-9999,-9999,-9999,-9999,-9999,-9999,-9999,-9999,-9999,-9999,-9999,-9999,-9999,-9999,-9999,-9999,-9999,-9999,-9999,-9999,-9999,-9999,-9999,-9999,-9999,-9999,-9999,-9999,-9999,-9999,-9999,-9999,-9999,-9999,-9999,-9999,-9999,-9999,-9999,-9999,-9999,-9999,-9999,-9999,-9999,-9999,-9999,-9999,-9999,-9999,-9999,-9999,-9999,-9999,-9999,-9999,-9999,-9999,-9999,-9999,-9999,-9999,32.5737266540527,32.6672821044922,32.6924781799316,32.7530822753906,32.8369445800781,33.326587677002,34.0375175476074,34.2665977478027,34.2761573791504,30.1700229644775,24.9834995269775,23.6189861297607,22.2340660095215,20.9703407287598,18.7732334136963,13.9803848266602,11.4180707931519,12.818549156189,15.9929075241089,20.7087860107422,21.9975204467773,21.6491928100586,19.9271831512451,17.3958587646484,13.4540996551514,8.15898513793945,-9999,-9999,-9999,-9999,-9999,-9999
-9999,-9999,-9999,-9999,-9999,-9999,-9999,-9999,-9999,-9999,-9999,-9999,-9999,-9999,-9999,-9999,-9999,-9999,-9999,-9999,-9999,-9999,-9999,-9999,-9999,-9999,-9999,-9999,-9999,-9999,-9999,-9999,-9999,-9999,-9999,-9999,-9999,-9999,-9999,-9999,-9999,-9999,-9999,-9999,-9999,-9999,-9999,-9999,-9999,-9999,-9999,-9999,-9999,-9999,-9999,-9999,-9999,-9999,-9999,-9999,-9999,-9999,-9999,-9999,-9999,-9999,-9999,-9999,-9999,-9999,-9999,-9999,-9999,-9999,-9999,-9999,-9999,-9999,-9999,-9999,-9999,-9999,-9999,-9999,-9999,-9999,-9999,-9999,-9999,-9999,-9999,-9999,-9999,-9999,-9999,-9999,-9999,-9999,-9999,-9999,32.4923400878906,32.4629707336426,32.5064888000488,32.6090965270996,33.0923843383789,33.7839851379395,34.0006408691406,33.9903984069824,30.6015892028809,26.4044075012207,24.4886112213135,22.576358795166,21.2324314117432,18.9323177337646,13.7267513275146,11.6446323394775,13.7472667694092,15.2841539382935,16.3122043609619,15.9430522918701,14.678430557251,15.0623016357422,15.7812900543213,10.0021591186523,7.57388496398926,2.98789024353027,-9999,-9999,-9999,-9999,-9999
-9999,-9999,-9999,-9999,-9999,-9999,-9999,-9999,-9999,-9999,-9999,-9999,-9999,-9999,-9999,-9999,-9999,-9999,-9999,-9999,-9999,-9999,-9999,-9999,-9999,-9999,-9999,-9999,-9999,-9999,-9999,-9999,-9999,-9999,-9999,-9999,-9999,-9999,-9999,-9999,-9999,-9999,-9999,-9999,-9999,-9999,-9999,-9999,-9999,-9999,-9999,-9999,-9999,-9999,-9999,-9999,-9999,-9999,-9999,-9999,-9999,-9999,-9999,-9999,-9999,-9999,-9999,-9999,-9999,-9999,-9999,-9999,-9999,-9999,-9999,-9999,-9999,-9999,-9999,-9999,-9999,-9999,-9999,-9999,-9999,-9999,-9999,-9999,-9999,-9999,-9999,-9999,-9999,-9999,-9999,-9999,-9999,-9999,-9999,-9999,32.2811622619629,32.2401733398438,32.308895111084,32.4750556945801,32.9982414245605,33.7135124206543,33.88525390625,33.8198776245117,33.0387420654297,32.0470733642578,27.442590713501,22.8364562988281,21.5515174865723,19.1696472167969,13.827320098877,11.4062967300415,13.1648616790771,13.5447177886963,13.3960933685303,11.9994707107544,10.1172771453857,9.80156135559082,9.69794178009033,6.84696960449219,3.34454226493835,3.26043367385864,2.77170515060425,-9999,-9999,-9999,-9999
-9999,-9999,-9999,-9999,-9999,-9999,-9999,-9999,-9999,-9999,-9999,-9999,-9999,-9999,-9999,-9999,-9999,-9999,-9999,-9999,-9999,-9999,-9999,-9999,-9999,-9999,-9999,-9999,-9999,-9999,-9999,-9999,-9999,-9999,-9999,-9999,-9999,-9999,-9999,-9999,-9999,-9999,-9999,-9999,-9999,-9999,-9999,-9999,-9999,-9999,-9999,-9999,-9999,-9999,-9999,-9999,-9999,-9999,-9999,-9999,-9999,-9999,-9999,-9999,-9999,-9999,-9999,-9999,-9999,-9999,-9999,-9999,-9999,-9999,-9999,-9999,-9999,-9999,-9999,-9999,-9999,-9999,-9999,-9999,-9999,-9999,-9999,-9999,-9999,-9999,-9999,-9999,-9999,-9999,-9999,-9999,-9999,-9999,-9999,-9999,32.0881843566895,32.0593299865723,32.1505126953125,32.3635025024414,32.8044776916504,33.3673820495605,33.6225242614746,33.709644317627,34.5419502258301,35.2524108886719,29.2778949737549,23.07008934021,21.85791015625,19.5146408081055,14.1507616043091,11.4568271636963,12.5966835021973,12.3768396377563,10.9197483062744,9.16280269622803,7.33154821395874,6.24602508544922,5.1457986831665,4.35134983062744,3.57195281982422,2.78023028373718,2.51672434806824,-9999,-9999,-9999,-9999
-9999,-9999,-9999,-9999,-9999,-9999,-9999,-9999,-9999,-9999,-9999,-9999,-9999,-9999,-9999,-9999,-9999,-9999,-9999,-9999,-9999,-9999,-9999,-9999,-9999,-9999,-9999,-9999,-9999,-9999,-9999,-9999,-9999,-9999,-9999,-9999,-9999,-9999,-9999,-9999,-9999,-9999,-9999,-9999,-9999,-9999,-9999,-9999,-9999,-9999,-9999,-9999,-9999,-9999,-9999,-9999,-9999,-9999,-9999,-9999,-9999,-9999,-9999,-9999,-9999,-9999,-9999,-9999,-9999,-9999,-9999,-9999,-9999,-9999,-9999,-9999,-9999,-9999,-9999,-9999,-9999,-9999,-9999,-9999,-9999,-9999,-9999,-9999,-9999,-9999,-9999,-9999,-9999,-9999,-9999,-9999,-9999,-9999,-9999,-9999,-9999,31.9566287994385,32.0764312744141,32.2993240356445,32.420768737793,32.4793243408203,33.0631408691406,33.7031173706055,34.6054420471191,35.324031829834,29.4152641296387,23.2899799346924,22.1801586151123,19.8756942749023,14.5617198944092,11.5689144134521,12.4304351806641,11.6602354049683,9.63287162780762,8.46779727935791,7.84729385375977,6.26063823699951,3.81178569793701,3.16866087913513,2.90859198570251,2.51852893829346,2.24139070510864,-9999,-9999,3.28996396064758,3.3423810005188
-9999,-9999,-9999,-9999,-9999,-9999,-9999,-9999,-9999,-9999,-9999,-9999,-9999,-9999,-9999,-9999,-9999,-9999,-9999,-9999,-9999,-9999,-9999,-9999,-9999,-9999,-9999,-9999,-9999,-9999,-9999,-9999,-9999,-9999,-9999,-9999,-9999,-9999,-9999,-9999,-9999,-9999,-9999,-9999,-9999,-9999,-9999,-9999,-9999,-9999,-9999,-9999,-9999,-9999,-9999,-9999,-9999,-9999,-9999,-9999,-9999,-9999,-9999,-9999,-9999,-9999,-9999,-9999,-9999,-9999,-9999,-9999,-9999,-9999,-9999,-9999,-9999,-9999,-9999,-9999,-9999,-9999,-9999,-9999,-9999,-9999,-9999,-9999,-9999,-9999,-9999,-9999,-9999,-9999,-9999,-9999,-9999,-9999,-9999,-9999,-9999,-9999,32.0201683044434,32.1965255737305,32.1527214050293,31.9670143127441,32.6877784729004,33.5718460083008,34.5686416625977,35.3685874938965,29.5947704315186,23.3376197814941,20.2270526885986,16.8388137817383,12.6076021194458,10.3206996917725,10.8731994628906,9.80316734313965,7.48929691314697,6.89713525772095,6.99158477783203,5.78323078155518,3.09886860847473,2.77830743789673,2.71612906455994,2.58162617683411,2.57311248779297,2.9720938205719,3.25222420692444,3.28590703010559,3.37452626228333
-9999,-9999,-9999,-9999,-9999,-9999,-9999,-9999,-9999,-9999,-9999,-9999,-9999,-9999,-9999,-9999,-9999,-9999,-9999,-9999,-9999,-9999,-9999,-9999,-9999,-9999,-9999,-9999,-9999,-9999,-9999,-9999,-9999,-9999,-9999,-9999,-9999,-9999,-9999,-9999,-9999,-9999,-9999,-9999,-9999,-9999,-9999,-9999,-9999,-9999,-9999,-9999,-9999,-9999,-9999,-9999,-9999,-9999,-9999,-9999,-9999,-9999,-9999,-9999,-9999,-9999,-9999,-9999,-9999,-9999,-9999,-9999,-9999,-9999,-9999,-9999,-9999,-9999,-9999,-9999,-9999,-9999,-9999,-9999,-9999,-9999,-9999,-9999,-9999,-9999,-9999,-9999,-9999,-9999,-9999,-9999,-9999,-9999,-9999,-9999,-9999,-9999,-9999,32.0534629821777,32.0154762268066,31.8982048034668,32.5091705322266,33.2200698852539,34.4365501403809,35.4438438415527,29.8780326843262,23.2068710327148,15.4498443603516,9.00197124481201,7.85704851150513,7.27479124069214,7.62594223022461,6.77513599395752,4.71702527999878,4.0381031036377,4.23839473724365,3.79389095306396,3.1998279094696,3.23482847213745,3.12316584587097,3.1305103302002,3.13227987289429,3.1962308883667,3.14956068992615,2.98421883583069,2.86471366882324
-9999,-9999,-9999,-9999,-9999,-9999,-9999,-9999,-9999,-9999,-9999,-9999,-9999,-9999,-9999,-9999,-9999,-9999,-9999,-9999,-9999,-9999,-9999,-9999,-9999,-9999,-9999,-9999,-9999,-9999,-9999,-9999,-9999,-9999,-9999,-9999,-9999,-9999,-9999,-9999,-9999,-9999,-9999,-9999,-9999,-9999,-9999,-9999,-9999,-9999,-9999,-9999,-9999,-9999,-9999,-9999,-9999,-9999,-9999,-9999,-9999,-9999,-9999,-9999,-9999,-9999,-9999,-9999,-9999,-9999,-9999,-9999,-9999,-9999,-9999,-9999,-9999,-9999,-9999,-9999,-9999,-9999,-9999,-9999,-9999,-9999,-9999,-9999,-9999,-9999,-9999,-9999,-9999,-9999,-9999,-9999,-9999,-9999,-9999,-9999,-9999,-9999,-9999,31.9176807403564,31.9655570983887,32.0399475097656,32.3964500427246,32.7532424926758,33.8856658935547,34.9035186767578,29.7623653411865,23.3358249664307,13.6052122116089,6.20736837387085,6.51078414916992,6.74618577957153,6.9580774307251,5.94502544403076,3.54009771347046,2.71160316467285,2.93100738525391,3.09576416015625,3.29151320457458,3.207515001297,3.16753172874451,3.19987392425537,3.19864344596863,2.82789754867554,4.4773097038269,9.49795913696289,15.0189037322998
-9999,-9999,-9999,-9999,-9999,-9999,-9999,-9999,-9999,-9999,-9999,-9999,-9999,-9999,-9999,-9999,-9999,-9999,-9999,-9999,-9999,-9999,-9999,-9999,-9999,-9999,-9999,-9999,-9999,-9999,-9999,-9999,-9999,-9999,-9999,-9999,-9999,-9999,-9999,-9999,-9999,-9999,-9999,-9999,-9999,-9999,-9999,-9999,-9999,-9999,-9999,-9999,-9999,-9999,-9999,-9999,-9999,-9999,-9999,-9999,-9999,-9999,-9999,-9999,-9999,-9999,-9999,-9999,-9999,-9999,-9999,-9999,-9999,-9999,-9999,-9999,-9999,-9999,-9999,-9999,-9999,-9999,-9999,-9999,-9999,-9999,-9999,-9999,-9999,-9999,-9999,-9999,-9999,-9999,-9999,-9999,-9999,-9999,-9999,-9999,-9999,-9999,-9999,-9999,31.9874420166016,32.3185806274414,32.4678916931152,32.5060043334961,33.0622215270996,33.9396324157715,29.37034034729,22.9195442199707,13.4219655990601,6.52903604507446,7.35206174850464,7.63301563262939,7.68855047225952,6.54526138305664,3.67645764350891,2.54352331161499,2.54435801506042,2.50333189964294,2.47865724563599,2.41056513786316,2.37526631355286,2.38646197319031,2.34069609642029,2.11025834083557,6.65161180496216,20.1826515197754,30.8314933776855
-9999,-9999,-9999,-9999,-9999,-9999,-9999,-9999,-9999,-9999,-9999,-9999,-9999,-9999,-9999,-9999,-9999,-9999,-9999,-9999,-9999,-9999,-9999,-9999,-9999,-9999,-9999,-9999,-9999,-9999,-9999,-9999,-9999,-9999,-9999,-9999,-9999,-9999,-9999,-9999,-9999,-9999,-9999,-9999,-9999,-9999,-9999,-9999,-9999,-9999,-9999,-9999,-9999,-9999,-9999,-9999,-9999,-9999,-9999,-9999,-9999,-9999,-9999,-9999,-9999,-9999,-9999,-9999,-9999,-9999,-9999,-9999,-9999,-9999,-9999,-9999,-9999,-9999,-9999,-9999,-9999,-9999,-9999,-9999,-9999,-9999,-9999,-9999,-9999,-9999,-9999,-9999,-9999,-9999,-9999,-9999,-9999,-9999,-9999,-9999,-9999,-9999,-9999,-9999,-9999,-9999,32.2256927490234,32.1311225891113,32.6875610351563,33.2415390014648,30.3445110321045,25.8157501220703,18.8255958557129,13.2915945053101,11.5466613769531,10.4264106750488,10.7543392181396,9.82207298278809,8.05763244628906,8.49885749816895,10.8843069076538,11.244384765625,10.7072982788086,12.1898412704468,14.2158679962158,15.6522846221924,16.6147842407227,16.0815086364746,18.3852787017822,26.2045478820801,32.6760711669922
-9999,-9999,-9999,-9999,-9999,-9999,-9999,-9999,-9999,-9999,-9999,-9999,-9999,-9999,-9999,-9999,-9999,-9999,-9999,-9999,-9999,-9999,-9999,-9999,-9999,-9999,-9999,-9999,-9999,-9999,-9999,-9999,-9999,-9999,-9999,-9999,-9999,-9999,-9999,-9999,-9999,-9999,-9999,-9999,-9999,-9999,-9999,-9999,-9999,-9999,-9999,-9999,-9999,-9999,-9999,-9999,-9999,-9999,-9999,-9999,-9999,-9999,-9999,-9999,-9999,-9999,-9999,-9999,-9999,-9999,-9999,-9999,-9999,-9999,-9999,-9999,-9999,-9999,-9999,-9999,-9999,-9999,-9999,-9999,-9999,-9999,-9999,-9999,-9999,-9999,-9999,-9999,-9999,-9999,-9999,-9999,-9999,-9999,-9999,-9999,-9999,-9999,-9999,-9999,-9999,-9999,-9999,-9999,31.9267044067383,32.1805267333984,31.8926239013672,31.187198638916,27.6160449981689,23.1820526123047,17.7066612243652,14.75843334198,15.3891448974609,15.4971132278442,14.4781875610352,17.6714115142822,22.5935077667236,22.8836708068848,22.0346431732178,24.8127784729004,27.6603965759277,29.9339389801025,31.5928115844727,31.0179176330566,30.6110935211182,30.5846195220947,-9999
-9999,-9999,-9999,-9999,-9999,-9999,-9999,-9999,-9999,-9999,-9999,-9999,-9999,-9999,-9999,-9999,-9999,-9999,-9999,-9999,-9999,-9999,-9999,-9999,-9999,-9999,-9999,-9999,-9999,-9999,-9999,-9999,-9999,-9999,-9999,-9999,-9999,-9999,-9999,-9999,-9999,-9999,-9999,-9999,-9999,-9999,-9999,-9999,-9999,-9999,-9999,-9999,-9999,-9999,-9999,-9999,-9999,-9999,-9999,-9999,-9999,-9999,-9999,-9999,-9999,-9999,-9999,-9999,-9999,-9999,-9999,-9999,-9999,-9999,-9999,-9999,-9999,-9999,-9999,-9999,-9999,-9999,-9999,-9999,-9999,-9999,-9999,-9999,-9999,-9999,-9999,-9999,-9999,-9999,-9999,-9999,-9999,-9999,-9999,-9999,-9999,-9999,-9999,-9999,-9999,-9999,-9999,-9999,-9999,-9999,31.6627559661865,31.4586029052734,29.6410064697266,27.4965572357178,24.6028461456299,22.8364543914795,22.9677352905273,22.7898025512695,22.342248916626,24.0043411254883,26.5911865234375,26.7912578582764,26.3911418914795,27.865026473999,29.4134674072266,30.6968612670898,31.6466102600098,31.2592926025391,-9999,-9999,-9999
-9999,-9999,-9999,-9999,-9999,-9999,-9999,-9999,-9999,-9999,-9999,-9999,-9999,-9999,-9999,-9999,-9999,-9999,-9999,-9999,-9999,-9999,-9999,-9999,-9999,-9999,-9999,-9999,-9999,-9999,-9999,-9999,-9999,-9999,-9999,-9999,-9999,-9999,-9999,-9999,-9999,-9999,-9999,-9999,-9999,-9999,-9999,-9999,-9999,-9999,-9999,-9999,-9999,-9999,-9999,-9999,-9999,-9999,-9999,-9999,-9999,-9999,-9999,-9999,-9999,-9999,-9999,-9999,-9999,-9999,-9999,-9999,-9999,-9999,-9999,-9999,-9999,-9999,-9999,-9999,-9999,-9999,-9999,-9999,-9999,-9999,-9999,-9999,-9999,-9999,-9999,-9999,-9999,-9999,-9999,-9999,-9999,-9999,-9999,-9999,-9999,-9999,-9999,-9999,-9999,-9999,-9999,-9999,-9999,-9999,-9999,-9999,-9999,-9999,-9999,-9999,-9999,-9999,-9999,-9999,-9999,-9999,-9999,-9999,-9999,-9999,-9999,-9999,-9999,-9999,-9999
-9999,-9999,-9999,-9999,-9999,-9999,-9999,-9999,-9999,-9999,-9999,-9999,-9999,-9999,-9999,-9999,-9999,-9999,-9999,-9999,-9999,-9999,-9999,-9999,-9999,-9999,-9999,-9999,-9999,-9999,-9999,-9999,-9999,-9999,-9999,-9999,-9999,-9999,-9999,-9999,-9999,-9999,-9999,-9999,-9999,-9999,-9999,-9999,-9999,-9999,-9999,-9999,-9999,-9999,-9999,-9999,-9999,-9999,-9999,-9999,-9999,-9999,-9999,-9999,-9999,-9999,-9999,-9999,-9999,-9999,-9999,-9999,-9999,-9999,-9999,-9999,-9999,-9999,-9999,-9999,-9999,-9999,-9999,-9999,-9999,-9999,-9999,-9999,-9999,-9999,-9999,-9999,-9999,-9999,-9999,-9999,-9999,-9999,-9999,-9999,-9999,-9999,-9999,-9999,-9999,-9999,-9999,-9999,-9999,-9999,-9999,-9999,-9999,-9999,-9999,-9999,-9999,-9999,-9999,-9999,-9999,-9999,-9999,-9999,-9999,-9999,-9999,-9999,-9999,-9999,-9999

Step,133
Year,11.08333
-9999,-9999,-9999,-9999,-9999,-9999,-9999,-9999,-9999,-9999,-9999,-9999,-9999,-9999,-9999,-9999,-9999,-9999,-9999,-9999,-9999,-9999,-9999,-9999,-9999,-9999,-9999,-9999,-9999,-9999,-9999,-9999,-9999,-9999,-9999,-9999,-9999,-9999,-9999,-9999,-9999,-9999,-9999,-9999,-9999,-9999,-9999,-9999,-9999,-9999,-9999,-9999,-9999,-9999,-9999,-9999,-9999,-9999,-9999,-9999,-9999,-9999,-9999,-9999,-9999,-9999,-9999,-9999,-9999,-9999,-9999,-9999,-9999,-9999,-9999,-9999,-9999,-9999,-9999,-9999,-9999,-9999,-9999,-9999,-9999,-9999,-9999,-9999,-9999,-9999,-9999,-9999,-9999,-9999,-9999,-9999,-9999,-9999,-9999,-9999,-9999,-9999,-9999,-9999,-9999,-9999,-9999,-9999,-9999,-9999,-9999,-9999,-9999,-9999,-9999,-9999,-9999,-9999,-9999,-9999,-9999,-9999,-9999,-9999,-9999,-9999,-9999,-9999,-9999,-9999,-9999
-9999,-9999,-9999,-9999,-9999,-9999,-9999,-9999,-9999,-9999,-9999,-9999,-9999,-9999,-9999,-9999,-9999,-9999,-9999,-9999,-9999,-9999,-9999,-9999,-9999,-9999,-9999,-9999,-9999,-9999,-9999,-9999,-9999,-9999,-9999,-9999,-9999,-9999,-9999,-9999,-9999,-9999,-9999,-9999,-9999,-9999,-9999,-9999,-9999,-9999,-9999,-9999,-9999,-9999,-9999,-9999,-9999,-9999,-9999,-9999,-9999,-9999,-9999,-9999,-9999,-9999,-9999,-9999,-9999,-9999,-9999,-9999,-9999,-9999,-9999,-9999,-9999,-9999,-9999,-9999,-9999,-9999,-9999,-9999,-9999,-9999,-9999,-9999,-9999,-9999,-9999,-9999,-9999,-9999,-9999,-9999,-9999,-9999,-9999,-9999,-9999,-9999,-9999,-9999,-9999,-9999,-9999,-9999,-9999,-9999,-9999,-9999,-9999,-9999,-9999,-9999,-9999,-9999,-9999,-9999,-9999,-9999,-9999,-9999,-9999,-9999,-9999,-9999,-9999,-9999,-9999
-9999,-9999,-9999,-9999,-9999,-9999,-9999,-9999,-9999,-9999,-9999,-9999,-9999,-9999,-9999,-9999,-9999,-9999,-9999,-9999,-9999,-9999,-9999,-9999,-9999,-9999,-9999,-9999,-9999,-9999,-9999,-9999,-9999,-9999,-9999,-9999,-9999,-9999,-9999,-9999,-9999,-9999,-9999,-9999,-9999,-9999,-9999,-9999,-9999,-9999,-9999,-9999,-9999,-9999,-9999,-9999,-9999,-9999,-9999,-9999,-9999,-9999,-9999,-9999,-9999,-9999,-9999,-9999,-9999,-9999,-9999,-9999,-9999,-9999,37.2372436523438,37.6015129089355,-9999,-9999,-9999,-9999,-9999,-9999,-9999,-9999,-9999,-9999,-9999,-9999,-9999,-9999,-9999,-9999,-9999,-9999,-9999,-9999,-9999,-9999,-9999,-9999,-9999,-9999,-9999,-9999,-9999,-9999,-9999,-9999,-9999,-9999,-9999,-9999,-9999,-9999,-9999,-9999,-9999,-9999,-9999,-9999,-9999,-9999,-9999,-9999,-9999,-9999,-9999,-9999,-9999,-9999,-9999
-9999,-9999,-9999,-9999,-9999,-9999,-9999,-9999,-9999,-9999,-9999,-9999,-9999,-9999,-9999,-9999,-9999,-9999,-9999,-9999,-9999,-9999,-9999,-9999,-9999,-9999,-9999,-9999,-9999,-9999,-9999,-9999,-9999,-9999,-9999,-9999,-9999,-9999,-9999,-9999,-9999,-9999,-9999,-9999,-9999,-9999,-9999,-9999,-9999,-9999,-9999,-9999,-9999,-9999,-9999,-9999,-9999,-9999,-9999,-9999,-9999,-9999,-9999,-9999,-9999,-9999,-9999,-9999,-9999,-9999,-9999,-9999,-9999,-9999,38.1711845397949,37.9261474609375,-9999,-9999,-9999,-9999,-9999,-9999,-9999,-9999,-9999,-9999,-9999,-9999,-9999,-9999,-9999,-9999,-9999,-9999,-9999,-9999,-9999,-9999,-9999,-9999,-9999,-9999,-9999,-9999,-9999,-9999,-9999,-9999,-9999,-9999,-9999,-9999,-9999,-9999,-9999,-9999,-9999,-9999,-9999,-9999,-9999,-9999,-9999,-9999,-9999,-9999,-9999,-9999,-9999,-9999,-9999
-9999,-9999,-9999,-9999,-9999,-9999,-9999,-9999,-9999,-9999,-9999,-9999,-9999,-9999,-9999,-9999,-9999,-9999,-9999,-9999,-9999,-9999,-9999,-9999,-9999,-9999,-9999,-9999,-9999,-9999,-9999,-9999,-9999,-9999,-9999,-9999,-9999,-9999,-9999,-9999,-9999,-9999,-9999,-9999,-9999,-9999,-9999,-9999,-9999,-9999,-9999,-9999,-9999,-9999,-9999,-9999,6.17683475982039E-13,1.09030882100569E-08,1.08195097325847E-08,1.08041815494175E-08,-9999,-9999,-9999,-9999,-9999,38.6776351928711,38.542049407959,39.736686706543,40.2290344238281,37.3230819702148,35.9574203491211,32.6929626464844,32.4794464111328,31.9510059356689,35.5623741149902,34.3940391540527,32.9931945800781,-9999,-9999,25.2265129089355,23.8548793792725,23.0688972473145,23.6376190185547,30.3599586486816,33.5296592712402,35.522590637207,35.4713287353516,33.1003952026367,25.0006084442139,-9999,-9999,-9999,-9999,-9999,-9999,-9999,-9999,-9999,-9999,-9999,-9999,-9999,-9999,-9999,-9999,-9999,-9999,-9999,-9999,-9999,-9999,-9999,-9999,-9999,-9999,-9999,-9999,-9999,-9999,-9999,-9999,-9999,-9999,-9999,-9999,-9999,-9999,-9999,-9999,-9999,-9999
-9999,-9999,-9999,-9999,-9999,-9999,-9999,-9999,-9999,-9999,-9999,-9999,-9999,-9999,-9999,-9999,-9999,-9999,-9999,-9999,-9999,-9999,-9999,-9999,-9999,-9999,-9999,-9999,-9999,-9999,-9999,-9999,-9999,-9999,-9999,-9999,-9999,-9999,-9999,-9999,-9999,-9999,-9999,-9999,-9999,-9999,-9999,-9999,-9999,-9999,-9999,-9999,-9999,-9999,-9999,7.13400259005903E-13,2.48540104053063E-08,0.000671778048854321,0.000668034015689045,0.000667328655254096,0.00136922812089324,44.7375183105469,-9999,44.0483779907227,42.2488632202148,42.0789985656738,41.5019683837891,40.0938415527344,39.9119529724121,39.4231452941895,36.2413787841797,35.3566131591797,35.9809417724609,34.9953575134277,34.5978088378906,35.048999786377,33.8247108459473,33.4069137573242,32.1885452270508,29.6767902374268,26.4539451599121,23.6087741851807,26.7811985015869,29.9216747283936,34.139289855957,36.5453872680664,36.2814483642578,34.1788597106934,28.6166687011719,22.5323905944824,15.9518451690674,-9999,-9999,-9999,-9999,-9999,-9999,-9999,-9999,-9999,-9999,-9999,-9999,-9999,-9999,-9999,-9999,-9999,-9999,-9999,-9999,-9999,-9999,-9999,-9999,-9999,-9999,-9999,-9999,-9999,-9999,-9999,-9999,-9999,-9999,-9999,-9999,-9999,-9999,-9999,-9999
-9999,-9999,-9999,-9999,-9999,-9999,-9999,-9999,-9999,-9999,-9999,-9999,-9999,-9999,-9999,-9999,-9999,-9999,-9999,-9999,-9999,-9999,-9999,-9999,-9999,-9999,-9999,-9999,-9999,-9999,-9999,-9999,-9999,-9999,-9999,-9999,-9999,-9999,-9999,-9999,-9999,-9999,-9999,-9999,-9999,-9999,-9999,-9999,-9999,-9999,-9999,-9999,-9999,-9999,-9999,1.44863392392836E-08,0.000772539176978171,45.8873062133789,45.8291816711426,45.8788146972656,46.0342254638672,45.3961563110352,44.6243209838867,44.5896339416504,42.6845321655273,42.4103012084961,41.0405540466309,40.55078125,39.8118476867676,38.4713745117188,37.4693031311035,37.1676826477051,36.8015785217285,36.5142288208008,36.1164207458496,35.7168579101563,34.8484077453613,33.7227935791016,31.8534278869629,29.6664543151855,26.7038841247559,24.0538902282715,27.2532634735107,31.9537086486816,35.9267044067383,37.8754119873047,37.5191078186035,35.043140411377,29.171781539917,22.8090324401855,15.9615602493286,13.859227180481,18.0567569732666,-9999,-9999,-9999,-9999,-9999,-9999,-9999,-9999,-9999,29.5700759887695,30.9263648986816,32.8820037841797,-9999,-9999,-9999,-9999,-9999,-9999,-9999,-9999,-9999,-9999,-9999,-9999,-9999,-9999,-9999,-9999,-9999,-9999,-9999,-9999,-9999,-9999,-9999,-9999,-9999,-9999
-9999,-9999,-9999,-9999,-9999,-9999,-9999,-9999,-9999,-9999,-9999,-9999,-9999,-9999,-9999,-9999,-9999,-9999,-9999,-9999,-9999,-9999,-9999,-9999,-9999,-9999,-9999,-9999,-9999,-9999,-9999,38.7972717285156,-9999,-9999,-9999,39.6674995422363,-9999,-9999,-9999,-9999,-9999,-9999,-9999,-9999,-9999,-9999,-9999,-9999,-9999,-9999,-9999,-9999,-9999,-9999,-9999,-9999,-9999,45.4552459716797,45.6806106567383,45.7782669067383,-9999,46.1706352233887,45.5849952697754,44.6665534973145,43.240592956543,41.5299224853516,41.9983062744141,40.5525398254395,40.0734252929688,37.6038513183594,36.8094253540039,37.8620948791504,38.2844772338867,37.7589912414551,37.1322784423828,36.5814819335938,35.8664016723633,34.997257232666,34.6493377685547,34.5359840393066,32.7615127563477,31.5226821899414,34.7443542480469,36.8059577941895,39.5546760559082,40.7904434204102,39.7888946533203,37.4584312438965,32.7356910705566,29.6119518280029,27.0060005187988,22.6141757965088,16.8481369018555,20.1575832366943,-9999,-9999,-9999,-9999,-9999,-9999,-9999,-9999,34.2640495300293,36.4859657287598,36.3626556396484,34.2154655456543,33.1487503051758,-9999,-9999,-9999,-9999,-9999,-9999,-9999,-9999,-9999,-9999,-9999,-9999,-9999,-9999,-9999,-9999,-9999,-9999,-9999,-9999,-9999,-9999,-9999,-9999
-9999,-9999,-9999,-9999,-9999,-9999,-9999,-9999,-9999,-9999,-9999,-9999,-9999,-9999,-9999,-9999,-9999,-9999,-9999,-9999,-9999,-9999,-9999,-9999,-9999,-9999,-9999,-9999,-9999,-9999,37.9121780395508,37.9698638916016,-9999,-9999,39.6142845153809,39.5273742675781,-9999,-9999,36.0092315673828,38.0166816711426,-9999,-9999,-9999,-9999,-9999,41.3969841003418,-9999,-9999,-9999,-9999,-9999,-9999,-9999,-9999,-9999,-9999,-9999,-9999,-9999,-9999,-9999,46.0330352783203,46.5981864929199,44.791072845459,43.4773445129395,42.5485687255859,40.7214660644531,39.8119087219238,38.6691856384277,36.6323432922363,35.412670135498,38.5641250610352,40.06591796875,39.3832511901855,38.6049880981445,37.8621826171875,37.3420486450195,36.1194381713867,37.7486534118652,39.3760528564453,39.7096099853516,38.8485679626465,39.761791229248,40.7283210754395,41.8731460571289,42.3239974975586,41.4410858154297,39.7132568359375,36.4667205810547,35.607837677002,36.7429733276367,30.3147258758545,18.0071334838867,20.026439666748,24.3104610443115,-9999,-9999,-9999,-9999,-9999,34.7786674499512,35.1821517944336,35.3710746765137,35.7704811096191,36.845100402832,37.5739631652832,36.0561180114746,32.5243301391602,-9999,-9999,-9999,-9999,-9999,-9999,-9999,-9999,-9999,-9999,-9999,-9999,-9999,-9999,-9999,-9999,-9999,-9999,-9999,-9999,-9999,-9999,-9999
-9999,-9999,-9999,-9999,-9999,-9999,-9999,-9999,-9999,-9999,-9999,-9999,-9999,-9999,-9999,-9999,-9999,-9999,-9999,-9999,-9999,-9999,-9999,38.4821281433105,38.7692985534668,-9999,-9999,-9999,-9999,37.9359893798828,37.7213439941406,38.141357421875,37.7869033813477,39.1470489501953,39.4048728942871,39.1714706420898,36.612434387207,35.2171974182129,35.4449691772461,-9999,38.5749168395996,40.4377517700195,-9999,-9999,40.8113861083984,41.4160575866699,41.9466972351074,42.887451171875,-9999,-9999,-9999,-9999,-9999,-9999,-9999,-9999,-9999,41.5388412475586,43.8650283813477,-9999,-9999,-9999,44.9217910766602,44.8379440307617,44.0613327026367,42.1626815795898,42.0182571411133,40.8635101318359,39.4255332946777,35.8475799560547,34.3779106140137,37.8742904663086,39.5242004394531,40.6878662109375,40.1830368041992,39.4200172424316,38.7189178466797,37.8300323486328,37.7333908081055,39.4604721069336,39.9175186157227,39.9460296630859,40.976505279541,41.8321533203125,42.2480964660645,42.3912048339844,42.0364303588867,40.931022644043,38.3549461364746,36.5385360717773,35.8486480712891,31.0453853607178,24.1199016571045,23.3722801208496,24.2643909454346,21.3137702941895,20.8486099243164,22.2657222747803,22.8096199035645,24.8331851959229,29.5955486297607,34.8931083679199,35.0873718261719,35.5513534545898,36.4883575439453,37.6434326171875,37.7617263793945,35.524658203125,33.6905364990234,34.6437835693359,-9999,-9999,-9999,-9999,-9999,-9999,-9999,-9999,-9999,-9999,-9999,-9999,-9999,-9999,-9999,-9999,-9999,-9999,-9999,-9999,-9999
-9999,-9999,-9999,-9999,-9999,-9999,-9999,-9999,-9999,-9999,-9999,-9999,-9999,-9999,-9999,-9999,-9999,-9999,-9999,-9999,-9999,-9999,38.4714775085449,38.0684356689453,37.9508819580078,39.1372108459473,40.1550254821777,37.0843544006348,37.3402519226074,37.1260070800781,37.8253135681152,37.5842742919922,36.9884185791016,37.0972137451172,38.2716369628906,37.0008773803711,35.1833915710449,34.9406547546387,34.9662857055664,35.7861557006836,37.4053764343262,39.7141342163086,41.1110458374023,40.8843269348145,41.3943252563477,41.4481544494629,42.7292327880859,43.2444496154785,43.303409576416,-9999,-9999,-9999,-9999,-9999,-9999,-9999,-9999,39.7962684631348,40.7942314147949,42.360237121582,-9999,-9999,43.5000076293945,44.3418273925781,45.1205673217773,43.5734405517578,42.3601684570313,40.6329803466797,38.2065200805664,34.8140335083008,33.6523208618164,37.6044158935547,39.0944023132324,40.8478584289551,41.1827964782715,40.4119682312012,39.807056427002,39.2749176025391,39.3322448730469,38.6758842468262,39.8853950500488,41.0311393737793,42.0090866088867,42.705192565918,42.5661010742188,42.4737358093262,42.4709434509277,41.842414855957,40.364990234375,37.9550285339355,34.7312774658203,31.626392364502,28.447925567627,25.9353084564209,23.4979362487793,22.2448348999023,21.9152584075928,24.0347518920898,24.1818084716797,23.6411170959473,26.1039085388184,32.4423179626465,35.2858047485352,35.8692665100098,36.4571075439453,36.9716720581055,37.8773994445801,38.8496627807617,37.027645111084,34.9095764160156,-9999,-9999,-9999,-9999,-9999,-9999,-9999,-9999,-9999,-9999,-9999,-9999,-9999,-9999,-9999,-9999,-9999,-9999,-9999,-9999,-9999
-9999,-9999,-9999,-9999,-9999,-9999,-9999,-9999,-9999,-9999,-9999,-9999,-9999,-9999,-9999,-9999,-9999,-9999,-9999,-9999,-9999,-9999,38.772819519043,37.7275543212891,37.4595031738281,38.5737609863281,41.3050193786621,40.8746452331543,36.3745384216309,36.7433853149414,37.2354507446289,37.3088569641113,36.8644828796387,36.7880477905273,37.0884094238281,36.159366607666,35.0689697265625,34.5909309387207,34.6163177490234,35.6430053710938,36.8772506713867,38.9195709228516,40.2761840820313,40.5184059143066,40.7715454101563,41.2531471252441,41.3179931640625,42.3811454772949,43.1158409118652,43.0787582397461,43.0818290710449,-9999,-9999,-9999,-9999,-9999,-9999,-9999,39.3764610290527,40.4846725463867,42.2380752563477,42.6754722595215,42.9525566101074,44.3413925170898,45.2711944580078,43.7048149108887,42.0818138122559,38.405574798584,35.0620536804199,33.2984619140625,34.5362701416016,38.5529022216797,40.6640663146973,41.8100929260254,42.1307792663574,42.1777420043945,41.8685493469238,41.4499244689941,40.9056816101074,40.077278137207,41.0874481201172,42.0446624755859,42.3723487854004,42.6167068481445,42.5885124206543,42.5741844177246,42.580982208252,42.0208473205566,40.806884765625,38.1360855102539,33.5605392456055,31.6858520507813,30.8231887817383,25.6713123321533,19.3914890289307,20.3800315856934,21.3052539825439,23.0123538970947,24.2976226806641,23.7602672576904,26.3959999084473,32.9924621582031,36.7141494750977,38.4878959655762,37.9965782165527,35.9778823852539,36.4695472717285,38.2283554077148,38.1849098205566,35.9227142333984,38.4663429260254,-9999,-9999,-9999,-9999,-9999,-9999,-9999,-9999,-9999,-9999,-9999,-9999,-9999,-9999,-9999,-9999,-9999,-9999,-9999,-9999
-9999,-9999,-9999,-9999,-9999,-9999,-9999,-9999,-9999,-9999,-9999,-9999,-9999,-9999,-9999,-9999,-9999,-9999,-9999,-9999,-9999,-9999,38.8370323181152,38.7381896972656,36.2771263122559,35.8093032836914,42.1341209411621,43.9245910644531,40.2740478515625,38.1438369750977,38.4713287353516,38.302318572998,38.0436744689941,37.5141639709473,37.0552597045898,36.7089004516602,36.1592025756836,35.844539642334,35.7449111938477,36.381664276123,37.050407409668,38.2912406921387,39.2960777282715,39.7031860351563,39.9992027282715,39.8845634460449,40.1110954284668,40.2823753356934,41.3770599365234,42.9560699462891,43.0857467651367,-9999,-9999,-9999,-9999,40.0700454711914,39.2001113891602,39.0653038024902,38.9699478149414,39.9120635986328,41.2013244628906,42.183708190918,43.1857452392578,44.2002792358398,44.245246887207,42.3011283874512,41.0427513122559,36.5013275146484,33.7504959106445,35.3796157836914,36.6500701904297,40.1012077331543,42.1568374633789,43.1496162414551,43.5354194641113,43.3378105163574,42.9199905395508,42.404914855957,41.8426055908203,41.2435417175293,41.9786911010742,42.6559982299805,42.5730323791504,42.5204467773438,42.5707588195801,42.5998382568359,42.5900382995605,42.1465454101563,41.2065925598145,38.7076683044434,34.6692161560059,34.1909866333008,35.4020500183105,29.3464202880859,20.9407997131348,22.0390968322754,23.1202754974365,24.7458267211914,25.9619026184082,25.6338367462158,28.0302295684814,34.0765914916992,37.8879470825195,40.5314712524414,39.4518966674805,36.1529083251953,37.2447242736816,39.4446105957031,39.9533500671387,39.834545135498,39.0500793457031,40.4114379882813,-9999,-9999,-9999,-9999,-9999,-9999,-9999,-9999,-9999,-9999,-9999,-9999,-9999,-9999,-9999,-9999,-9999,-9999,-9999
-9999,-9999,-9999,-9999,-9999,-9999,-9999,-9999,-9999,-9999,-9999,-9999,-9999,-9999,-9999,-9999,-9999,-9999,-9999,-9999,-9999,37.5323295593262,39.0844497680664,38.4947624206543,35.6596221923828,35.5865135192871,41.889705657959,44.3588676452637,43.1057243347168,42.2218399047852,41.7569046020508,41.5138473510742,41.2092018127441,41.0376396179199,40.5954055786133,40.3052215576172,39.7624282836914,39.4538803100586,39.2923545837402,39.4517402648926,39.1828193664551,37.3676528930664,36.8972206115723,38.3081970214844,38.8823471069336,39.241455078125,39.399341583252,39.3760032653809,39.494457244873,39.914436340332,40.2462730407715,40.4251708984375,40.5015716552734,40.0655059814453,40.0953407287598,39.832836151123,39.1616249084473,39.1144218444824,39.0782890319824,38.9527473449707,38.1582069396973,38.49853515625,40.059684753418,42.6438636779785,44.2538948059082,42.6209297180176,40.099235534668,35.2272453308105,35.5818977355957,39.5754356384277,42.2491226196289,43.2100791931152,43.701904296875,43.7095108032227,43.5762672424316,43.3317604064941,43.0345993041992,42.7144508361816,42.4173278808594,42.1240997314453,42.2418785095215,42.3638114929199,42.3892211914063,42.4165687561035,42.4509963989258,42.4347496032715,42.3232154846191,42.1004524230957,41.755199432373,40.9266471862793,39.7409286499023,39.7446212768555,40.1394195556641,37.7253379821777,33.8778533935547,31.2943534851074,29.2135105133057,29.9534034729004,30.6348495483398,31.0463905334473,32.0435523986816,35.3742904663086,38.3696174621582,41.337760925293,41.1498184204102,39.0630798339844,41.0339126586914,43.7022094726563,42.2747344970703,40.2260360717773,40.3888549804688,40.0353889465332,38.6651077270508,37.845760345459,-9999,-9999,-9999,-9999,-9999,-9999,-9999,-9999,-9999,-9999,-9999,-9999,-9999,-9999,-9999,-9999,-9999
-9999,-9999,-9999,-9999,-9999,-9999,-9999,-9999,-9999,-9999,-9999,-9999,-9999,-9999,-9999,-9999,-9999,-9999,-9999,-9999,-9999,35.9205703735352,35.4818687438965,36.6952476501465,36.1541481018066,36.9424819946289,41.5727920532227,43.8090362548828,43.5373229980469,43.1527061462402,42.5946960449219,42.2899856567383,42.1910591125488,41.9314460754395,41.6096382141113,41.267822265625,40.8116798400879,40.5250587463379,40.3326530456543,40.3502349853516,39.8299942016602,38.0743522644043,37.1455574035645,37.6375312805176,38.1647834777832,38.710620880127,39.2373580932617,39.7883911132813,39.4731941223145,39.1037979125977,39.4871444702148,39.4751663208008,39.668399810791,39.6179122924805,39.6360778808594,39.0163993835449,38.4661521911621,38.033821105957,37.6673240661621,36.705192565918,36.6038932800293,37.6235046386719,38.6218109130859,39.6802406311035,42.6109657287598,42.0715560913086,41.0897254943848,36.5369071960449,37.9998893737793,42.1951217651367,44.5847015380859,44.3862495422363,44.1137542724609,43.7450714111328,-9999,-9999,-9999,-9999,-9999,-9999,-9999,42.0777359008789,42.1361770629883,42.1927528381348,42.2414512634277,42.215633392334,42.0495376586914,41.9305114746094,41.8632659912109,41.8322296142578,41.8359794616699,41.8036918640137,41.7568435668945,41.1964797973633,39.7181243896484,35.6371078491211,32.3792381286621,33.0818634033203,34.076114654541,32.0054206848145,31.900390625,34.45068359375,36.4823379516602,39.8940277099609,40.7479476928711,40.4860153198242,42.5110549926758,44.796501159668,42.3568115234375,39.1047286987305,40.0566635131836,39.3086357116699,38.0314254760742,36.6079139709473,37.4729080200195,-9999,-9999,-9999,-9999,-9999,-9999,-9999,-9999,-9999,-9999,-9999,-9999,-9999,-9999,-9999,-9999
-9999,-9999,-9999,-9999,-9999,-9999,-9999,-9999,-9999,-9999,-9999,-9999,-9999,-9999,-9999,-9999,-9999,-9999,-9999,33.8535194396973,34.5781517028809,34.0412063598633,33.4043159484863,33.3191261291504,37.1127052307129,39.869743347168,40.7073249816895,41.1218376159668,40.7665481567383,40.3287963867188,40.0161819458008,39.9307403564453,39.8336372375488,39.5448303222656,39.2489356994629,38.9579391479492,38.572883605957,38.2897796630859,38.1816444396973,38.1520881652832,38.8178100585938,40.9911613464355,41.4832382202148,39.3019485473633,38.5312690734863,39.1692886352539,40.0622825622559,40.9890937805176,39.7792472839355,37.8684005737305,38.1607513427734,38.3227615356445,38.1832618713379,38.0984153747559,37.7734527587891,37.2694854736328,35.8485221862793,34.9069137573242,34.4637565612793,35.3878746032715,37.7978477478027,40.1215286254883,42.0431709289551,41.6990280151367,41.462215423584,39.3900909423828,40.7972526550293,42.0400428771973,42.1835708618164,43.3427429199219,44.0310745239258,-9999,-9999,-9999,-9999,-9999,-9999,-9999,-9999,-9999,-9999,-9999,-9999,41.7937088012695,41.9010772705078,41.9188003540039,41.7674751281738,41.5812492370605,41.356575012207,41.0941390991211,40.8015060424805,40.7149505615234,40.7044982910156,40.7681732177734,40.8338279724121,37.3365516662598,33.865592956543,34.4148368835449,33.9552879333496,29.0068492889404,26.2228488922119,27.6838550567627,30.5980377197266,33.8319892883301,37.2587471008301,40.3075942993164,41.5179176330566,42.3256149291992,39.8401985168457,36.557014465332,38.6442070007324,40.0801467895508,40.3623886108398,35.1677093505859,36.0859870910645,-9999,-9999,-9999,-9999,-9999,-9999,-9999,-9999,-9999,-9999,-9999,-9999,-9999,-9999,-9999,-9999
-9999,-9999,-9999,-9999,-9999,-9999,-9999,-9999,-9999,-9999,-9999,-9999,-9999,-9999,-9999,-9999,-9999,-9999,31.7577533721924,32.9887237548828,33.0879287719727,35.0779495239258,33.6218299865723,32.703239440918,36.8352470397949,39.5840187072754,40.4066314697266,40.8067016601563,40.2585220336914,39.8260231018066,39.6684379577637,39.5960884094238,39.5829620361328,39.3825531005859,39.0566749572754,38.78369140625,38.6368560791016,38.5461730957031,38.2697067260742,38.3043060302734,39.377815246582,42.5727157592773,43.0734176635742,40.4800148010254,39.4271354675293,39.8543243408203,40.5815582275391,41.4682540893555,39.8137817382813,37.1556091308594,36.4449348449707,36.0526275634766,35.7940483093262,35.7488746643066,36.7261962890625,37.0094795227051,35.5982322692871,34.489143371582,34.0135154724121,36.1728019714355,39.2518463134766,41.5319557189941,42.9992561340332,43.2374153137207,43.1324043273926,42.8887786865234,42.5050735473633,43.1349716186523,-9999,-9999,-9999,-9999,-9999,-9999,-9999,-9999,-9999,-9999,-9999,-9999,-9999,-9999,-9999,-9999,-9999,41.5940017700195,41.474967956543,41.2789459228516,40.9978065490723,40.6294212341309,40.1976661682129,40.0378494262695,39.9784355163574,40.2758407592773,40.6367378234863,38.2717247009277,35.8696060180664,35.0486183166504,33.4125518798828,28.6344165802002,24.7294216156006,23.8950080871582,25.0305919647217,27.7671070098877,33.2224731445313,37.6216011047363,38.726692199707,38.9548377990723,38.4029922485352,37.6443672180176,38.5034866333008,39.5102348327637,39.3041687011719,36.3293876647949,35.0989532470703,-9999,-9999,-9999,-9999,-9999,-9999,-9999,-9999,-9999,-9999,-9999,-9999,-9999,-9999,-9999,-9999
-9999,-9999,-9999,-9999,-9999,-9999,-9999,-9999,-9999,-9999,-9999,-9999,33.1937675476074,32.1155014038086,-9999,31.5714244842529,33.0656242370605,34.5749397277832,33.9827651977539,31.3217830657959,34.0661239624023,36.9297561645508,36.174015045166,35.1801910400391,35.8258438110352,37.1012077331543,40.5740585327148,42.4587936401367,42.2945518493652,42.0637512207031,41.9180145263672,41.7527847290039,41.7621192932129,41.5821762084961,41.1433067321777,41.6320686340332,41.3290100097656,40.6889266967773,40.6655616760254,40.453182220459,40.7056045532227,40.8713073730469,41.2744445800781,41.0365104675293,40.6111679077148,41.0156364440918,41.4532203674316,41.4071197509766,39.8849678039551,37.2001647949219,34.7724952697754,32.2967948913574,32.0500717163086,32.4835243225098,35.7055244445801,37.5652694702148,36.5547370910645,35.7371406555176,36.1814270019531,38.7301025390625,41.4230766296387,42.643253326416,43.2705574035645,43.376033782959,43.3650550842285,43.1811065673828,43.0153579711914,-9999,-9999,-9999,-9999,-9999,-9999,-9999,-9999,-9999,-9999,-9999,-9999,-9999,-9999,-9999,-9999,-9999,-9999,-9999,41.1721000671387,41.0167922973633,40.7688827514648,40.4089050292969,39.9710121154785,39.7263641357422,39.5533866882324,39.7256507873535,39.9507141113281,39.0695304870605,37.9912414550781,35.3211212158203,32.3725128173828,30.7837524414063,27.8977584838867,22.5499248504639,21.0940723419189,22.77858543396,27.3968467712402,32.0377426147461,33.6484565734863,34.5529365539551,38.1623306274414,41.302116394043,39.5467224121094,38.5072860717773,39.2922210693359,36.6040534973145,34.6094017028809,-9999,-9999,-9999,-9999,-9999,-9999,-9999,-9999,-9999,-9999,-9999,-9999,-9999,-9999,-9999,-9999
-9999,-9999,-9999,-9999,-9999,-9999,-9999,-9999,-9999,-9999,31.045015335083,32.7464294433594,34.3120765686035,32.0058403015137,31.6957550048828,29.5520877838135,31.7055530548096,36.0569458007813,35.4953117370605,33.0730590820313,35.8275566101074,38.909725189209,38.2289009094238,37.8703308105469,37.3917236328125,37.6970520019531,40.6388702392578,42.2594299316406,41.6713790893555,41.8053131103516,43.2339096069336,43.3224334716797,43.1624526977539,43.2801971435547,42.9680557250977,42.5026702880859,42.6783027648926,42.318431854248,42.1785774230957,41.9429168701172,41.6639175415039,41.392219543457,41.4991912841797,41.3458137512207,41.4018707275391,41.6996841430664,42.3152389526367,42.2742156982422,41.282356262207,39.5211372375488,36.6730003356934,33.5899391174316,33.4463958740234,33.8353500366211,36.4786682128906,37.8351402282715,37.8367233276367,37.8178443908691,38.2281951904297,39.8614463806152,41.8253173828125,42.595703125,42.9131278991699,42.9573135375977,42.9376831054688,42.8490028381348,-9999,-9999,-9999,-9999,-9999,-9999,-9999,-9999,-9999,-9999,-9999,-9999,-9999,-9999,-9999,-9999,-9999,-9999,-9999,-9999,-9999,40.7123413085938,40.4624633789063,40.1234130859375,39.7226066589355,39.4763870239258,39.2853851318359,39.353458404541,39.4626502990723,39.3111686706543,38.8970718383789,36.4073905944824,33.5754852294922,31.9318962097168,29.4096851348877,25.0411148071289,21.9562454223633,20.7638740539551,23.3437461853027,26.9313735961914,30.2789611816406,33.2134819030762,37.0297203063965,40.2564430236816,38.1482849121094,36.3280410766602,37.8312225341797,35.8347015380859,32.9898719787598,-9999,-9999,-9999,-9999,-9999,-9999,-9999,-9999,-9999,-9999,-9999,-9999,-9999,-9999,-9999,-9999
-9999,-9999,-9999,-9999,-9999,-9999,-9999,-9999,27.8072261810303,28.744607925415,29.0692310333252,29.0201568603516,30.2087726593018,32.1814727783203,31.4472770690918,29.5994930267334,31.8476219177246,36.2522811889648,36.229320526123,34.998664855957,37.4353713989258,40.5271377563477,39.9945831298828,39.8766021728516,39.3754501342773,39.1879615783691,39.1566123962402,39.258544921875,39.0287399291992,40.312816619873,43.175235748291,44.2861862182617,44.2633514404297,44.1894950866699,44.0995826721191,43.9554748535156,43.6858024597168,43.3983345031738,43.3556900024414,43.0680313110352,42.8299255371094,42.6522407531738,42.4754371643066,42.4545745849609,42.373405456543,42.3711700439453,42.3751373291016,42.4242897033691,42.5124244689941,42.5451431274414,40.4763832092285,37.8908271789551,37.9564781188965,38.0775375366211,38.2649955749512,38.4806022644043,38.2583770751953,38.6771697998047,40.2147903442383,41.3824310302734,41.9299850463867,42.1913261413574,-9999,-9999,-9999,-9999,-9999,-9999,-9999,-9999,-9999,-9999,-9999,-9999,-9999,-9999,-9999,-9999,-9999,-9999,-9999,-9999,-9999,-9999,-9999,-9999,-9999,-9999,40.114086151123,39.8024291992188,39.4632301330566,39.2563247680664,39.0978126525879,39.0711364746094,39.066104888916,39.2858772277832,39.3115386962891,37.8459968566895,35.8292846679688,32.6065788269043,30.1418533325195,29.146053314209,25.9038772583008,20.0326843261719,19.8997592926025,22.4059715270996,28.2538909912109,33.5567245483398,35.3682899475098,36.5977020263672,35.2075042724609,34.2560195922852,36.6874122619629,34.6467399597168,33.455493927002,-9999,-9999,-9999,-9999,-9999,-9999,-9999,-9999,-9999,-9999,-9999,-9999,-9999,-9999,-9999,-9999
-9999,-9999,-9999,-9999,-9999,-9999,-9999,-9999,26.3044548034668,27.5995750427246,28.7665328979492,28.3053646087646,28.5120010375977,29.0251731872559,29.5890998840332,30.3908462524414,33.4345703125,37.6237602233887,37.6788368225098,36.9117240905762,37.8579711914063,39.3565940856934,40.5255432128906,40.95556640625,40.8218078613281,40.5009155273438,40.2114143371582,39.8325614929199,39.5022468566895,40.3304748535156,42.1207962036133,42.6582107543945,42.4976463317871,42.3917617797852,42.2177124023438,41.9876136779785,41.9025802612305,41.7066345214844,41.5124359130859,41.2992820739746,41.1906585693359,41.0114364624023,41.230411529541,41.9850997924805,42.2615432739258,42.2107772827148,42.1077613830566,41.9890480041504,42.1116638183594,42.2474822998047,41.1897048950195,40.0057792663574,40.2531127929688,40.3849868774414,40.251823425293,40.0563125610352,39.7671928405762,40.1065826416016,40.9741058349609,41.5354499816895,41.8411140441895,41.9610176086426,-9999,-9999,-9999,-9999,-9999,-9999,-9999,-9999,-9999,-9999,-9999,-9999,-9999,-9999,-9999,-9999,-9999,-9999,-9999,-9999,-9999,-9999,-9999,-9999,-9999,-9999,-9999,-9999,39.0695877075195,38.9039916992188,38.781307220459,38.7290458679199,38.6851654052734,38.9003524780273,38.9763107299805,38.0365219116211,36.7900543212891,34.455207824707,32.3807983398438,30.4961795806885,27.7853965759277,23.8949432373047,21.4983787536621,20.368579864502,24.8704414367676,30.2518405914307,31.2544555664063,32.2471084594727,31.5803375244141,31.4965496063232,34.3766555786133,31.1870574951172,30.1994647979736,-9999,-9999,-9999,-9999,-9999,-9999,-9999,-9999,-9999,-9999,-9999,-9999,-9999,-9999,-9999,-9999
-9999,-9999,-9999,-9999,-9999,-9999,20.6859340667725,26.161584854126,26.3163242340088,26.1358947753906,27.608268737793,28.4970245361328,27.9198589324951,26.0115070343018,27.3604030609131,31.9493560791016,36.1201057434082,39.0475234985352,39.6465492248535,38.3252868652344,37.8725128173828,37.1633644104004,39.9479446411133,42.0577507019043,42.0512847900391,41.9632415771484,41.6411094665527,41.2561874389648,40.8836860656738,40.6626396179199,40.3820381164551,40.0761909484863,39.7620010375977,39.5019836425781,39.324649810791,39.1313018798828,38.9436836242676,38.9110832214355,38.8580017089844,38.7416763305664,38.6402359008789,38.5029640197754,39.2379837036133,41.157844543457,41.963134765625,41.8602142333984,41.5947341918945,41.2443389892578,41.0162506103516,40.8168487548828,40.9306335449219,41.0682144165039,41.2731819152832,41.4695739746094,41.4722061157227,41.3986206054688,41.1301345825195,40.9756736755371,40.9961280822754,41.2557106018066,41.703182220459,-9999,-9999,-9999,-9999,-9999,-9999,-9999,-9999,-9999,-9999,-9999,-9999,-9999,-9999,-9999,-9999,-9999,-9999,-9999,-9999,-9999,-9999,-9999,-9999,-9999,-9999,-9999,-9999,-9999,-9999,-9999,-9999,38.3655128479004,38.3047828674316,38.4145698547363,38.4486503601074,37.9364776611328,37.3778419494629,36.5655288696289,34.8177642822266,31.2573070526123,28.926212310791,28.1836414337158,24.4947052001953,18.7223453521729,20.4588050842285,24.5340061187744,25.7572937011719,26.9696006774902,27.2832069396973,28.272102355957,32.2512626647949,29.9078750610352,-9999,-9999,-9999,-9999,-9999,-9999,-9999,-9999,-9999,-9999,-9999,-9999,-9999,-9999,-9999,-9999,-9999
-9999,-9999,-9999,-9999,-9999,-9999,26.0341644287109,26.2284126281738,25.8562602996826,25.9889831542969,26.113883972168,28.9327201843262,31.4369029998779,31.9262657165527,33.1730651855469,34.789794921875,37.3347587585449,40.0126037597656,40.1605377197266,39.3177375793457,38.851432800293,38.3235969543457,40.4004783630371,42.0859298706055,42.0758323669434,41.9162673950195,41.711612701416,41.523265838623,41.1681594848633,40.8077926635742,40.3709487915039,40.1050758361816,39.8410034179688,39.5535430908203,39.269115447998,39.4621353149414,39.7096557617188,39.656925201416,39.580394744873,39.4334335327148,39.2926559448242,39.2223739624023,39.6042556762695,40.6688461303711,41.1258964538574,41.0699882507324,40.8612899780273,40.5513229370117,40.4332389831543,40.3736152648926,40.5011558532715,40.6418762207031,40.7379989624023,40.8268585205078,40.8719253540039,40.8580741882324,40.6755638122559,40.5535430908203,40.5135040283203,-9999,-9999,-9999,-9999,-9999,-9999,-9999,-9999,-9999,-9999,-9999,-9999,-9999,-9999,-9999,-9999,-9999,-9999,-9999,-9999,-9999,-9999,-9999,-9999,-9999,-9999,-9999,-9999,-9999,-9999,-9999,-9999,-9999,-9999,-9999,37.8998527526855,37.9601135253906,37.990161895752,37.8121795654297,37.5380210876465,36.9820861816406,35.9458618164063,34.1011581420898,31.8204212188721,29.1536960601807,26.3395195007324,22.7532844543457,21.5914154052734,20.8920669555664,24.5180130004883,27.4321479797363,28.6055583953857,29.8240909576416,31.5510997772217,29.1756649017334,29.8890151977539,28.1099319458008,-9999,-9999,-9999,-9999,-9999,-9999,-9999,-9999,-9999,-9999,-9999,-9999,-9999,-9999,-9999
-9999,-9999,-9999,-9999,25.21803855896,26.6796817779541,26.2185478210449,25.9756202697754,25.8811893463135,25.8064479827881,26.7402667999268,30.9478778839111,34.7886924743652,37.4407806396484,38.332462310791,37.3100738525391,38.3127555847168,40.5019340515137,40.7134056091309,40.1971206665039,39.7163200378418,39.2257881164551,40.342098236084,41.3423805236816,41.4314651489258,41.4752540588379,41.3616638183594,41.2176399230957,41.0314102172852,40.7774543762207,40.5028953552246,40.2145233154297,39.9258804321289,39.6104431152344,39.3096961975098,39.8984184265137,40.5823707580566,40.4973106384277,40.3957138061523,40.1917419433594,40.025318145752,39.9954605102539,40.007884979248,40.0936126708984,40.1347923278809,40.1330375671387,40.0081939697266,39.8059539794922,39.8697319030762,40.0048332214355,40.0484924316406,40.0781745910645,40.0597953796387,40.0575904846191,-9999,-9999,-9999,-9999,-9999,-9999,-9999,-9999,-9999,-9999,-9999,-9999,-9999,-9999,-9999,-9999,-9999,-9999,-9999,-9999,-9999,-9999,-9999,-9999,-9999,-9999,-9999,-9999,-9999,-9999,-9999,-9999,-9999,-9999,-9999,-9999,-9999,-9999,-9999,-9999,-9999,37.5009269714355,37.531909942627,37.6714363098145,37.6541786193848,37.1671409606934,36.8226585388184,36.6156997680664,34.3920364379883,30.0313472747803,27.7777576446533,26.8088912963867,22.9365272521973,17.7422008514404,22.7205791473389,28.3704643249512,29.9055576324463,31.2861347198486,30.9771423339844,22.5133895874023,22.6967620849609,27.7127914428711,29.1898765563965,-9999,-9999,-9999,-9999,-9999,-9999,-9999,-9999,-9999,-9999,-9999,-9999,-9999,-9999
-9999,-9999,-9999,-9999,30.5500297546387,28.28369140625,27.3463859558105,25.7930431365967,26.211742401123,28.1471061706543,30.4788513183594,33.5782203674316,36.1507148742676,38.1278305053711,39.1550559997559,39.2343902587891,39.6807136535645,40.3658561706543,40.1955795288086,39.7054252624512,39.9624938964844,40.3520927429199,40.749153137207,41.0987434387207,41.1118621826172,41.1123924255371,41.065788269043,40.9898796081543,40.8481674194336,40.6729583740234,40.4606323242188,40.2668952941895,40.0873260498047,39.9308929443359,39.7804832458496,39.9857711791992,40.2324562072754,40.0312767028809,39.8204765319824,39.5328025817871,39.2875556945801,39.1762886047363,39.1112022399902,39.1180038452148,39.1180000305176,39.1114921569824,39.032585144043,-9999,-9999,-9999,-9999,-9999,-9999,-9999,-9999,-9999,-9999,-9999,-9999,-9999,-9999,-9999,-9999,-9999,-9999,-9999,-9999,-9999,-9999,-9999,-9999,-9999,-9999,-9999,-9999,-9999,-9999,-9999,-9999,-9999,-9999,-9999,-9999,-9999,-9999,-9999,-9999,-9999,-9999,-9999,-9999,-9999,-9999,-9999,-9999,-9999,37.1368217468262,37.2518272399902,37.2938385009766,37.1251792907715,36.6675605773926,35.6679725646973,33.4126930236816,29.8088321685791,27.8593101501465,26.6888828277588,22.3560733795166,16.1079750061035,19.7031841278076,23.8917026519775,25.0652484893799,26.4649906158447,27.2451705932617,28.1349945068359,21.6029109954834,26.6496906280518,24.8171195983887,-9999,-9999,-9999,-9999,-9999,-9999,-9999,-9999,-9999,-9999,-9999,-9999,-9999,-9999
-9999,-9999,-9999,-9999,-9999,30.6030387878418,28.6915016174316,28.7340850830078,27.6843166351318,31.1015014648438,34.082389831543,35.9604301452637,37.538402557373,38.7612648010254,39.6958808898926,40.399787902832,40.3724670410156,39.8408813476563,39.5108680725098,39.2555198669434,-9999,-9999,-9999,-9999,-9999,-9999,-9999,-9999,-9999,-9999,-9999,-9999,-9999,40.0108261108398,39.9658622741699,39.8550262451172,39.7349853515625,39.4402084350586,-9999,-9999,-9999,-9999,-9999,-9999,-9999,-9999,-9999,-9999,-9999,-9999,-9999,-9999,-9999,-9999,-9999,-9999,-9999,-9999,-9999,-9999,-9999,-9999,-9999,-9999,-9999,-9999,-9999,-9999,-9999,-9999,-9999,-9999,-9999,-9999,-9999,-9999,-9999,-9999,-9999,-9999,-9999,-9999,-9999,-9999,-9999,-9999,-9999,-9999,-9999,-9999,-9999,-9999,-9999,-9999,-9999,-9999,36.748851776123,36.8601951599121,36.9651298522949,37.0626602172852,36.5853385925293,35.097110748291,33.0391883850098,30.3152256011963,28.3870697021484,26.860782623291,22.1914138793945,15.8999576568604,16.9712715148926,18.8143157958984,20.4943599700928,22.071361541748,23.4725074768066,24.7740154266357,24.7446537017822,22.4307975769043,-9999,-9999,-9999,-9999,-9999,-9999,-9999,-9999,-9999,-9999,-9999,-9999,-9999,-9999,-9999
-9999,-9999,-9999,-9999,-9999,30.3168506622314,30.3399467468262,31.0479412078857,32.5376510620117,36.1713409423828,38.9944114685059,39.4298706054688,39.8209228515625,40.4224853515625,40.6808471679688,40.5700492858887,40.1894836425781,39.6104469299316,-9999,-9999,-9999,-9999,-9999,-9999,-9999,-9999,-9999,-9999,-9999,-9999,-9999,-9999,-9999,-9999,-9999,-9999,-9999,-9999,-9999,-9999,-9999,-9999,-9999,-9999,-9999,-9999,-9999,-9999,-9999,-9999,-9999,-9999,-9999,-9999,-9999,-9999,-9999,-9999,-9999,-9999,-9999,-9999,-9999,-9999,-9999,-9999,-9999,-9999,-9999,-9999,-9999,-9999,-9999,-9999,-9999,-9999,-9999,-9999,-9999,-9999,-9999,-9999,-9999,-9999,-9999,-9999,-9999,-9999,-9999,-9999,-9999,-9999,-9999,-9999,-9999,-9999,-9999,36.6196899414063,36.7922592163086,36.8976631164551,36.8031616210938,36.3687362670898,35.4418029785156,33.9485740661621,31.2499656677246,27.6419544219971,24.4512424468994,21.4103775024414,18.7420177459717,15.8954296112061,19.5564365386963,22.1744174957275,20.5646915435791,20.3671798706055,21.5635395050049,18.8706550598145,-9999,-9999,-9999,-9999,-9999,-9999,-9999,-9999,-9999,-9999,-9999,-9999,-9999,-9999,-9999
-9999,-9999,30.590518951416,30.5085697174072,30.6162605285645,30.0983276367188,30.6945705413818,33.460807800293,36.3524017333984,39.457878112793,41.6299819946289,41.2793807983398,41.0599746704102,41.2916984558105,41.1020355224609,40.4071083068848,39.7656135559082,-9999,-9999,-9999,-9999,-9999,-9999,-9999,-9999,-9999,-9999,-9999,-9999,-9999,-9999,-9999,-9999,-9999,-9999,-9999,-9999,-9999,-9999,-9999,-9999,-9999,-9999,-9999,-9999,-9999,-9999,-9999,-9999,-9999,-9999,-9999,-9999,-9999,-9999,-9999,-9999,-9999,-9999,-9999,-9999,-9999,-9999,-9999,-9999,-9999,-9999,-9999,-9999,-9999,-9999,-9999,-9999,-9999,-9999,-9999,-9999,-9999,-9999,-9999,-9999,-9999,-9999,-9999,-9999,-9999,-9999,-9999,-9999,-9999,-9999,-9999,-9999,-9999,-9999,-9999,-9999,36.358470916748,36.5782737731934,36.6796569824219,36.8434715270996,37.1024551391602,36.9759826660156,36.3981819152832,33.846305847168,29.7663764953613,27.1049118041992,25.0383605957031,20.6332187652588,15.6818561553955,18.9766063690186,21.0590419769287,18.0419788360596,16.8795967102051,21.2145366668701,17.664457321167,-9999,-9999,-9999,-9999,-9999,-9999,-9999,-9999,-9999,-9999,-9999,-9999,-9999,-9999,-9999
-9999,-9999,-9999,-9999,30.6511669158936,30.1629619598389,30.7827415466309,35.3162612915039,39.0662231445313,40.1507759094238,40.804126739502,40.6535224914551,40.5411071777344,40.6455688476563,40.3230361938477,39.4882774353027,-9999,-9999,-9999,-9999,-9999,-9999,-9999,-9999,-9999,-9999,-9999,-9999,-9999,-9999,-9999,-9999,-9999,-9999,-9999,-9999,-9999,-9999,-9999,-9999,-9999,-9999,-9999,-9999,-9999,-9999,-9999,-9999,-9999,-9999,-9999,-9999,-9999,-9999,-9999,-9999,-9999,-9999,-9999,-9999,-9999,-9999,-9999,-9999,-9999,-9999,-9999,-9999,-9999,-9999,-9999,-9999,-9999,-9999,-9999,-9999,-9999,-9999,-9999,-9999,-9999,-9999,-9999,-9999,-9999,-9999,-9999,-9999,-9999,-9999,-9999,-9999,-9999,-9999,-9999,-9999,-9999,36.0552062988281,36.274845123291,36.3438835144043,36.4959983825684,36.776798248291,36.9522895812988,36.9800033569336,36.0301055908203,34.3675498962402,30.458927154541,25.5614700317383,22.9617919921875,20.6993350982666,18.894962310791,17.2679500579834,16.2328414916992,16.016206741333,17.4653797149658,19.0583934783936,-9999,-9999,-9999,-9999,-9999,-9999,-9999,-9999,-9999,-9999,-9999,-9999,-9999,-9999,-9999
-9999,-9999,-9999,-9999,30.8305969238281,30.8032855987549,31.5528812408447,36.4106788635254,40.4371337890625,40.4851608276367,40.278247833252,40.3683242797852,40.3527908325195,40.1511993408203,39.6168899536133,-9999,-9999,-9999,-9999,-9999,-9999,-9999,-9999,-9999,-9999,-9999,-9999,-9999,-9999,-9999,-9999,-9999,-9999,-9999,-9999,-9999,-9999,-9999,-9999,-9999,-9999,-9999,-9999,-9999,-9999,-9999,-9999,-9999,-9999,-9999,-9999,-9999,-9999,-9999,-9999,-9999,-9999,-9999,-9999,-9999,-9999,-9999,-9999,-9999,-9999,-9999,-9999,-9999,-9999,-9999,-9999,-9999,-9999,-9999,-9999,-9999,-9999,-9999,-9999,-9999,-9999,-9999,-9999,-9999,-9999,-9999,-9999,-9999,-9999,-9999,-9999,-9999,-9999,-9999,-9999,-9999,-9999,35.7103424072266,35.9385070800781,35.9817199707031,36.0928421020508,36.3048095703125,36.5591583251953,36.8476142883301,36.7579917907715,36.3794212341309,32.1186370849609,25.9622173309326,24.2076168060303,23.1619358062744,18.4891948699951,14.3127174377441,15.0219192504883,15.8162136077881,15.9631681442261,16.6845512390137,13.6204881668091,-9999,-9999,-9999,-9999,-9999,-9999,-9999,-9999,-9999,-9999,-9999,-9999,-9999,-9999
-9999,-9999,-9999,-9999,31.1459903717041,31.0701637268066,32.2325286865234,36.8140296936035,40.4048767089844,40.4245071411133,40.237232208252,40.5721817016602,40.573413848877,39.8697929382324,39.0238456726074,-9999,-9999,-9999,-9999,-9999,-9999,-9999,-9999,-9999,-9999,-9999,-9999,-9999,-9999,-9999,-9999,-9999,-9999,-9999,-9999,-9999,-9999,-9999,-9999,-9999,-9999,-9999,-9999,-9999,-9999,-9999,-9999,-9999,-9999,-9999,-9999,-9999,-9999,-9999,-9999,-9999,-9999,-9999,-9999,-9999,-9999,-9999,-9999,-9999,-9999,-9999,-9999,-9999,-9999,-9999,-9999,-9999,-9999,-9999,-9999,-9999,-9999,-9999,-9999,-9999,-9999,-9999,-9999,-9999,-9999,-9999,-9999,-9999,-9999,-9999,-9999,-9999,-9999,-9999,-9999,-9999,-9999,35.3123626708984,35.5605354309082,35.587085723877,35.6144790649414,35.6342430114746,35.679328918457,35.744743347168,35.7104187011719,35.5832824707031,31.7269630432129,26.1617736816406,24.3338375091553,22.9085121154785,17.463451385498,12.8858776092529,15.1234550476074,16.7686767578125,17.2424144744873,17.7978572845459,18.6930809020996,14.0386114120483,-9999,-9999,-9999,-9999,-9999,-9999,-9999,-9999,-9999,-9999,-9999,-9999,-9999
-9999,-9999,-9999,-9999,26.6933116912842,31.2168788909912,32.1105194091797,36.0296630859375,38.9189910888672,39.125186920166,39.202465057373,40.0796661376953,40.3789978027344,39.5443458557129,-9999,-9999,-9999,-9999,-9999,-9999,-9999,-9999,-9999,-9999,-9999,-9999,-9999,-9999,-9999,-9999,-9999,-9999,-9999,-9999,-9999,-9999,-9999,-9999,-9999,-9999,-9999,-9999,-9999,-9999,-9999,-9999,-9999,-9999,-9999,-9999,-9999,-9999,-9999,-9999,-9999,-9999,-9999,-9999,-9999,-9999,-9999,-9999,-9999,-9999,-9999,-9999,-9999,-9999,-9999,-9999,-9999,-9999,-9999,-9999,-9999,-9999,-9999,-9999,-9999,-9999,-9999,-9999,-9999,-9999,-9999,-9999,-9999,-9999,-9999,-9999,-9999,-9999,-9999,-9999,-9999,-9999,-9999,34.877857208252,35.1442070007324,35.1855201721191,35.1826553344727,35.0983009338379,35.0946769714355,35.1696243286133,34.9985084533691,34.6731796264648,32.470874786377,29.5106945037842,26.3676834106445,22.9361457824707,18.4808368682861,14.5849056243896,15.3412294387817,15.8243322372437,16.5054130554199,17.3580303192139,18.2707366943359,19.0051975250244,16.8412189483643,16.5873165130615,-9999,-9999,-9999,-9999,-9999,-9999,-9999,-9999,-9999,-9999,-9999
-9999,-9999,-9999,-9999,29.2484436035156,31.3737010955811,32.6850395202637,34.4150657653809,36.1057624816895,36.6506462097168,37.3237533569336,39.0364418029785,39.8679962158203,39.187442779541,-9999,-9999,-9999,-9999,-9999,-9999,-9999,-9999,-9999,-9999,-9999,-9999,-9999,-9999,-9999,-9999,-9999,-9999,-9999,-9999,-9999,-9999,-9999,-9999,-9999,-9999,-9999,-9999,-9999,-9999,-9999,-9999,-9999,-9999,-9999,-9999,-9999,-9999,-9999,-9999,-9999,-9999,-9999,-9999,-9999,-9999,-9999,-9999,-9999,-9999,-9999,-9999,-9999,-9999,-9999,-9999,-9999,-9999,-9999,-9999,-9999,-9999,-9999,-9999,-9999,-9999,-9999,-9999,-9999,-9999,-9999,-9999,-9999,-9999,-9999,-9999,-9999,-9999,-9999,-9999,-9999,-9999,-9999,-9999,34.6960906982422,34.7769432067871,34.7852439880371,34.6687507629395,34.746826171875,35.0142211914063,34.5612258911133,33.6425285339355,33.9493179321289,34.540901184082,29.6149654388428,23.0986099243164,21.2457866668701,19.055721282959,15.7229986190796,13.6236705780029,14.2312908172607,15.5460176467896,17.6899585723877,18.7185192108154,18.8299026489258,-9999,-9999,-9999,-9999,-9999,-9999,-9999,-9999,-9999,-9999,-9999,-9999
-9999,-9999,-9999,-9999,28.6750793457031,30.647497177124,30.4755039215088,31.2153491973877,32.663143157959,34.7379875183105,36.8977851867676,38.2784538269043,38.9670677185059,38.7378463745117,-9999,-9999,-9999,-9999,-9999,-9999,-9999,-9999,-9999,-9999,-9999,-9999,-9999,-9999,-9999,-9999,-9999,-9999,-9999,-9999,-9999,-9999,-9999,-9999,-9999,-9999,-9999,-9999,-9999,-9999,-9999,-9999,-9999,-9999,-9999,-9999,-9999,-9999,-9999,-9999,-9999,-9999,-9999,-9999,-9999,-9999,-9999,-9999,-9999,-9999,-9999,-9999,-9999,-9999,-9999,-9999,-9999,-9999,-9999,-9999,-9999,-9999,-9999,-9999,-9999,-9999,-9999,-9999,-9999,-9999,-9999,-9999,-9999,-9999,-9999,-9999,-9999,-9999,-9999,-9999,-9999,-9999,-9999,-9999,34.2878150939941,34.3842010498047,34.4057388305664,34.2997817993164,34.4277038574219,34.7770347595215,34.5369033813477,33.9273796081543,34.7912902832031,35.9684524536133,30.6290016174316,23.4098052978516,21.9678745269775,20.0778694152832,15.407322883606,12.1394472122192,12.5429954528809,13.8835906982422,16.9307327270508,23.5935287475586,32.1740798950195,29.544490814209,34.365421295166,-9999,-9999,-9999,-9999,-9999,-9999,-9999,-9999,-9999,-9999
-9999,-9999,-9999,-9999,-9999,22.1054420471191,28.0967502593994,29.0792579650879,28.7353591918945,33.2574119567871,36.7858200073242,37.4963111877441,37.8565979003906,38.241138458252,-9999,-9999,-9999,-9999,-9999,-9999,-9999,-9999,-9999,-9999,-9999,-9999,-9999,-9999,-9999,-9999,-9999,-9999,-9999,-9999,-9999,-9999,-9999,-9999,-9999,-9999,-9999,-9999,-9999,-9999,-9999,-9999,-9999,-9999,-9999,-9999,-9999,-9999,-9999,-9999,-9999,-9999,-9999,-9999,-9999,-9999,-9999,-9999,-9999,-9999,-9999,-9999,-9999,-9999,-9999,-9999,-9999,-9999,-9999,-9999,-9999,-9999,-9999,-9999,-9999,-9999,-9999,-9999,-9999,-9999,-9999,-9999,-9999,-9999,-9999,-9999,-9999,-9999,-9999,-9999,-9999,-9999,-9999,-9999,33.8935203552246,33.9952125549316,34.031307220459,33.9588012695313,34.1209945678711,34.5017318725586,34.6959037780762,34.7685928344727,35.4336776733398,36.1167030334473,30.7855949401855,23.7627029418945,22.1032218933105,19.894702911377,14.9944143295288,11.0780601501465,10.6933126449585,12.2383213043213,16.0853691101074,22.8545341491699,31.5915031433105,34.1720504760742,35.7318077087402,32.1217269897461,-9999,-9999,-9999,-9999,-9999,-9999,-9999,-9999,-9999
-9999,-9999,-9999,-9999,-9999,25.1461334228516,26.4941177368164,26.1484127044678,27.9027900695801,32.9104995727539,36.8083839416504,37.1665382385254,37.5571250915527,38.0432739257813,-9999,-9999,-9999,-9999,-9999,-9999,-9999,-9999,-9999,-9999,-9999,-9999,-9999,-9999,-9999,-9999,-9999,-9999,-9999,-9999,-9999,-9999,-9999,-9999,-9999,-9999,-9999,-9999,-9999,-9999,-9999,-9999,-9999,-9999,-9999,-9999,-9999,-9999,-9999,-9999,-9999,-9999,-9999,-9999,-9999,-9999,-9999,-9999,-9999,-9999,-9999,-9999,-9999,-9999,-9999,-9999,-9999,-9999,-9999,-9999,-9999,-9999,-9999,-9999,-9999,-9999,-9999,-9999,-9999,-9999,-9999,-9999,-9999,-9999,-9999,-9999,-9999,-9999,-9999,-9999,-9999,-9999,-9999,-9999,33.506046295166,33.6152000427246,33.6702423095703,33.6418991088867,33.7842559814453,34.0806922912598,34.2858009338379,34.4194450378418,35.1245079040527,35.8417091369629,30.7881469726563,24.0416507720947,22.3431491851807,20.0816631317139,14.8173980712891,10.7961044311523,11.6084966659546,13.584939956665,17.022159576416,22.687686920166,28.913402557373,33.2346572875977,37.3508071899414,37.5867462158203,-9999,-9999,-9999,-9999,-9999,-9999,-9999,-9999,-9999
-9999,-9999,-9999,-9999,-9999,25.100658416748,25.232048034668,26.1367664337158,27.237865447998,32.817268371582,36.7924461364746,37.1204795837402,37.4207954406738,37.9089469909668,-9999,-9999,-9999,-9999,-9999,-9999,-9999,-9999,-9999,-9999,-9999,-9999,-9999,-9999,-9999,-9999,-9999,-9999,-9999,-9999,-9999,-9999,-9999,-9999,-9999,-9999,-9999,-9999,-9999,-9999,-9999,-9999,-9999,-9999,-9999,-9999,-9999,-9999,-9999,-9999,-9999,-9999,-9999,-9999,-9999,-9999,-9999,-9999,-9999,-9999,-9999,-9999,-9999,-9999,-9999,-9999,-9999,-9999,-9999,-9999,-9999,-9999,-9999,-9999,-9999,-9999,-9999,-9999,-9999,-9999,-9999,-9999,-9999,-9999,-9999,-9999,-9999,-9999,-9999,-9999,-9999,-9999,-9999,-9999,-9999,33.232967376709,33.308406829834,33.3284492492676,33.4393997192383,33.6278457641602,33.7506637573242,33.8102340698242,34.646842956543,35.5251731872559,30.7246894836426,24.3063259124756,22.6415061950684,20.3302001953125,14.6146411895752,11.0221109390259,13.062294960022,15.4083528518677,18.3628349304199,21.9387969970703,26.0727653503418,31.1627559661865,36.6899833679199,37.8432693481445,-9999,-9999,-9999,-9999,-9999,-9999,-9999,-9999,-9999
-9999,-9999,-9999,-9999,-9999,-9999,24.234691619873,24.649486541748,26.0607490539551,32.099552154541,36.3945350646973,36.8427238464355,37.1767997741699,-9999,-9999,-9999,-9999,-9999,-9999,-9999,-9999,-9999,-9999,-9999,-9999,-9999,-9999,-9999,-9999,-9999,-9999,-9999,-9999,-9999,-9999,-9999,-9999,-9999,-9999,-9999,-9999,-9999,-9999,-9999,-9999,-9999,-9999,-9999,-9999,-9999,-9999,-9999,-9999,-9999,-9999,-9999,-9999,-9999,-9999,-9999,-9999,-9999,-9999,-9999,-9999,-9999,-9999,-9999,-9999,-9999,-9999,-9999,-9999,-9999,-9999,-9999,-9999,-9999,-9999,-9999,-9999,-9999,-9999,-9999,-9999,-9999,-9999,-9999,-9999,-9999,-9999,-9999,-9999,-9999,-9999,-9999,-9999,-9999,-9999,32.9631690979004,33.0638809204102,33.1242332458496,33.2236175537109,33.3512992858887,33.6732177734375,34.087574005127,34.6091423034668,35.009204864502,30.4747791290283,24.5863342285156,22.9842319488525,21.0579071044922,17.8294639587402,14.8795967102051,13.6416568756104,13.3905162811279,14.9313545227051,19.3399391174316,25.6339225769043,29.5713119506836,32.709587097168,33.7951202392578,-9999,-9999,-9999,-9999,-9999,-9999,-9999,-9999,-9999
-9999,-9999,-9999,-9999,-9999,-9999,22.8286514282227,22.5679035186768,24.5368270874023,31.3008937835693,36.0534324645996,36.5583953857422,36.9111633300781,-9999,-9999,-9999,-9999,-9999,-9999,-9999,-9999,-9999,-9999,-9999,-9999,-9999,-9999,-9999,-9999,-9999,-9999,-9999,-9999,-9999,-9999,-9999,-9999,-9999,-9999,-9999,-9999,-9999,-9999,-9999,-9999,-9999,-9999,-9999,-9999,-9999,-9999,-9999,-9999,-9999,-9999,-9999,-9999,-9999,-9999,-9999,-9999,-9999,-9999,-9999,-9999,-9999,-9999,-9999,-9999,-9999,-9999,-9999,-9999,-9999,-9999,-9999,-9999,-9999,-9999,-9999,-9999,-9999,-9999,-9999,-9999,-9999,-9999,-9999,-9999,-9999,-9999,-9999,-9999,-9999,-9999,-9999,-9999,-9999,-9999,32.7069816589355,32.829948425293,32.9215202331543,33.0092926025391,33.0863380432129,33.5954895019531,34.3379516601563,34.5585021972656,34.5136375427246,30.256103515625,24.8412570953369,23.3620433807373,21.8572616577148,20.7034931182861,18.7072048187256,14.1558132171631,11.2582216262817,11.276008605957,16.5069351196289,25.145866394043,27.5629615783691,27.9365406036377,24.1570110321045,17.6669883728027,16.0737934112549,-9999,-9999,-9999,-9999,-9999,-9999,-9999
-9999,-9999,-9999,-9999,-9999,-9999,21.5643882751465,21.8030281066895,23.0758266448975,30.2436695098877,35.2932510375977,36.0174789428711,36.631706237793,-9999,-9999,-9999,-9999,-9999,-9999,-9999,-9999,-9999,-9999,-9999,-9999,-9999,-9999,-9999,-9999,-9999,-9999,-9999,-9999,-9999,-9999,-9999,-9999,-9999,-9999,-9999,-9999,-9999,-9999,-9999,-9999,-9999,-9999,-9999,-9999,-9999,-9999,-9999,-9999,-9999,-9999,-9999,-9999,-9999,-9999,-9999,-9999,-9999,-9999,-9999,-9999,-9999,-9999,-9999,-9999,-9999,-9999,-9999,-9999,-9999,-9999,-9999,-9999,-9999,-9999,-9999,-9999,-9999,-9999,-9999,-9999,-9999,-9999,-9999,-9999,-9999,-9999,-9999,-9999,-9999,-9999,-9999,-9999,-9999,-9999,32.5731544494629,32.6666984558105,32.6918296813965,32.752311706543,32.836181640625,33.3256530761719,34.0364685058594,34.2652816772461,34.2747192382813,30.1681232452393,24.9811325073242,23.6163692474365,22.2358512878418,20.9973888397217,18.6357841491699,13.8998794555664,11.6603422164917,12.8338441848755,16.0966796875,20.7356719970703,21.7956161499023,21.7364158630371,19.8451366424561,17.3175678253174,13.4888648986816,8.08343315124512,-9999,-9999,-9999,-9999,-9999,-9999
-9999,-9999,-9999,-9999,-9999,-9999,-9999,-9999,-9999,-9999,-9999,-9999,-9999,-9999,-9999,-9999,-9999,-9999,-9999,-9999,-9999,-9999,-9999,-9999,-9999,-9999,-9999,-9999,-9999,-9999,-9999,-9999,-9999,-9999,-9999,-9999,-9999,-9999,-9999,-9999,-9999,-9999,-9999,-9999,-9999,-9999,-9999,-9999,-9999,-9999,-9999,-9999,-9999,-9999,-9999,-9999,-9999,-9999,-9999,-9999,-9999,-9999,-9999,-9999,-9999,-9999,-9999,-9999,-9999,-9999,-9999,-9999,-9999,-9999,-9999,-9999,-9999,-9999,-9999,-9999,-9999,-9999,-9999,-9999,-9999,-9999,-9999,-9999,-9999,-9999,-9999,-9999,-9999,-9999,-9999,-9999,-9999,-9999,-9999,-9999,32.4917373657227,32.462272644043,32.5057640075684,32.6082305908203,33.0915336608887,33.7829742431641,33.999324798584,33.9890670776367,30.5997524261475,26.4021224975586,24.4858436584473,22.5737152099609,21.2097816467285,18.9291477203369,13.7596845626831,11.6494779586792,13.8569278717041,15.4104785919189,16.3926429748535,15.8615770339966,14.5903539657593,15.122200012207,15.936411857605,9.99349594116211,7.4997501373291,2.98366355895996,-9999,-9999,-9999,-9999,-9999
-9999,-9999,-9999,-9999,-9999,-9999,-9999,-9999,-9999,-9999,-9999,-9999,-9999,-9999,-9999,-9999,-9999,-9999,-9999,-9999,-9999,-9999,-9999,-9999,-9999,-9999,-9999,-9999,-9999,-9999,-9999,-9999,-9999,-9999,-9999,-9999,-9999,-9999,-9999,-9999,-9999,-9999,-9999,-9999,-9999,-9999,-9999,-9999,-9999,-9999,-9999,-9999,-9999,-9999,-9999,-9999,-9999,-9999,-9999,-9999,-9999,-9999,-9999,-9999,-9999,-9999,-9999,-9999,-9999,-9999,-9999,-9999,-9999,-9999,-9999,-9999,-9999,-9999,-9999,-9999,-9999,-9999,-9999,-9999,-9999,-9999,-9999,-9999,-9999,-9999,-9999,-9999,-9999,-9999,-9999,-9999,-9999,-9999,-9999,-9999,32.2805519104004,32.2394752502441,32.3081398010254,32.4742698669434,32.9973258972168,33.712516784668,33.883861541748,33.818416595459,33.0371131896973,32.0451469421387,27.4364757537842,22.8338794708252,21.5516128540039,19.1795501708984,13.9439220428467,11.4215259552002,13.0032243728638,13.6841926574707,13.4417171478271,12.0939493179321,10.1996421813965,9.55340766906738,9.75772762298584,6.92403173446655,3.38691806793213,3.25792551040649,2.77227568626404,-9999,-9999,-9999,-9999
-9999,-9999,-9999,-9999,-9999,-9999,-9999,-9999,-9999,-9999,-9999,-9999,-9999,-9999,-9999,-9999,-9999,-9999,-9999,-9999,-9999,-9999,-9999,-9999,-9999,-9999,-9999,-9999,-9999,-9999,-9999,-9999,-9999,-9999,-9999,-9999,-9999,-9999,-9999,-9999,-9999,-9999,-9999,-9999,-9999,-9999,-9999,-9999,-9999,-9999,-9999,-9999,-9999,-9999,-9999,-9999,-9999,-9999,-9999,-9999,-9999,-9999,-9999,-9999,-9999,-9999,-9999,-9999,-9999,-9999,-9999,-9999,-9999,-9999,-9999,-9999,-9999,-9999,-9999,-9999,-9999,-9999,-9999,-9999,-9999,-9999,-9999,-9999,-9999,-9999,-9999,-9999,-9999,-9999,-9999,-9999,-9999,-9999,-9999,-9999,32.0875701904297,32.0586967468262,32.1497039794922,32.3626518249512,32.8035926818848,33.3664398193359,33.6211547851563,33.7080383300781,34.5403785705566,35.254810333252,29.284387588501,23.0686130523682,21.8588905334473,19.446268081665,14.2302045822144,11.3976144790649,12.5332202911377,12.2529497146606,10.9176187515259,9.2222318649292,7.30384683609009,6.19966793060303,5.28672695159912,4.34079360961914,3.44331169128418,2.75901365280151,2.50865936279297,-9999,-9999,-9999,-9999
-9999,-9999,-9999,-9999,-9999,-9999,-9999,-9999,-9999,-9999,-9999,-9999,-9999,-9999,-9999,-9999,-9999,-9999,-9999,-9999,-9999,-9999,-9999,-9999,-9999,-9999,-9999,-9999,-9999,-9999,-9999,-9999,-9999,-9999,-9999,-9999,-9999,-9999,-9999,-9999,-9999,-9999,-9999,-9999,-9999,-9999,-9999,-9999,-9999,-9999,-9999,-9999,-9999,-9999,-9999,-9999,-9999,-9999,-9999,-9999,-9999,-9999,-9999,-9999,-9999,-9999,-9999,-9999,-9999,-9999,-9999,-9999,-9999,-9999,-9999,-9999,-9999,-9999,-9999,-9999,-9999,-9999,-9999,-9999,-9999,-9999,-9999,-9999,-9999,-9999,-9999,-9999,-9999,-9999,-9999,-9999,-9999,-9999,-9999,-9999,-9999,31.9559841156006,32.0756645202637,32.298454284668,32.4197998046875,32.4782600402832,33.0615692138672,33.7014312744141,34.6036643981934,35.3225364685059,29.4136352539063,23.2870388031006,22.1742343902588,19.9364376068115,14.5114793777466,11.6000576019287,12.5723457336426,11.4843740463257,9.43496322631836,8.48259162902832,7.85766172409058,6.28477954864502,3.8883912563324,3.27698397636414,2.86138963699341,2.52665615081787,2.2509982585907,-9999,-9999,3.29137587547302,3.34368252754211
-9999,-9999,-9999,-9999,-9999,-9999,-9999,-9999,-9999,-9999,-9999,-9999,-9999,-9999,-9999,-9999,-9999,-9999,-9999,-9999,-9999,-9999,-9999,-9999,-9999,-9999,-9999,-9999,-9999,-9999,-9999,-9999,-9999,-9999,-9999,-9999,-9999,-9999,-9999,-9999,-9999,-9999,-9999,-9999,-9999,-9999,-9999,-9999,-9999,-9999,-9999,-9999,-9999,-9999,-9999,-9999,-9999,-9999,-9999,-9999,-9999,-9999,-9999,-9999,-9999,-9999,-9999,-9999,-9999,-9999,-9999,-9999,-9999,-9999,-9999,-9999,-9999,-9999,-9999,-9999,-9999,-9999,-9999,-9999,-9999,-9999,-9999,-9999,-9999,-9999,-9999,-9999,-9999,-9999,-9999,-9999,-9999,-9999,-9999,-9999,-9999,-9999,32.0194549560547,32.1957168579102,32.1517562866211,31.9658832550049,32.6863098144531,33.5701713562012,34.5672035217285,35.3691596984863,29.5857048034668,23.3351364135742,20.2161960601807,16.7528972625732,12.6177682876587,10.2892122268677,10.7975568771362,9.82527542114258,7.46687364578247,6.9235577583313,7.0860538482666,5.75255012512207,3.04179763793945,2.92787098884583,2.79170370101929,2.65376996994019,2.58896732330322,2.97752904891968,3.2579300403595,3.29483389854431,3.40308523178101
-9999,-9999,-9999,-9999,-9999,-9999,-9999,-9999,-9999,-9999,-9999,-9999,-9999,-9999,-9999,-9999,-9999,-9999,-9999,-9999,-9999,-9999,-9999,-9999,-9999,-9999,-9999,-9999,-9999,-9999,-9999,-9999,-9999,-9999,-9999,-9999,-9999,-9999,-9999,-9999,-9999,-9999,-9999,-9999,-9999,-9999,-9999,-9999,-9999,-9999,-9999,-9999,-9999,-9999,-9999,-9999,-9999,-9999,-9999,-9999,-9999,-9999,-9999,-9999,-9999,-9999,-9999,-9999,-9999,-9999,-9999,-9999,-9999,-9999,-9999,-9999,-9999,-9999,-9999,-9999,-9999,-9999,-9999,-9999,-9999,-9999,-9999,-9999,-9999,-9999,-9999,-9999,-9999,-9999,-9999,-9999,-9999,-9999,-9999,-9999,-9999,-9999,-9999,32.0525932312012,32.0144538879395,31.8970050811768,32.5078086853027,33.2181777954102,34.4346351623535,35.4405860900879,29.8790016174316,23.2294006347656,15.418830871582,8.96599102020264,7.84906959533691,7.34435033798218,7.51454925537109,6.72765445709229,4.72888708114624,4.04860067367554,4.232253074646,3.9662663936615,3.12058711051941,3.15000128746033,3.12503576278687,3.15508079528809,3.14302802085876,3.20823097229004,3.15722823143005,3.0086772441864,2.84803414344788
-9999,-9999,-9999,-9999,-9999,-9999,-9999,-9999,-9999,-9999,-9999,-9999,-9999,-9999,-9999,-9999,-9999,-9999,-9999,-9999,-9999,-9999,-9999,-9999,-9999,-9999,-9999,-9999,-9999,-9999,-9999,-9999,-9999,-9999,-9999,-9999,-9999,-9999,-9999,-9999,-9999,-9999,-9999,-9999,-9999,-9999,-9999,-9999,-9999,-9999,-9999,-9999,-9999,-9999,-9999,-9999,-9999,-9999,-9999,-9999,-9999,-9999,-9999,-9999,-9999,-9999,-9999,-9999,-9999,-9999,-9999,-9999,-9999,-9999,-9999,-9999,-9999,-9999,-9999,-9999,-9999,-9999,-9999,-9999,-9999,-9999,-9999,-9999,-9999,-9999,-9999,-9999,-9999,-9999,-9999,-9999,-9999,-9999,-9999,-9999,-9999,-9999,-9999,31.9169597625732,31.9646396636963,32.0388984680176,32.3955841064453,32.7521209716797,33.8826904296875,34.901496887207,29.7556533813477,23.3616638183594,13.6025829315186,6.15839624404907,6.55019378662109,6.6966667175293,6.95024538040161,6.16235256195068,3.53495693206787,2.72381019592285,2.96548771858215,3.10854554176331,3.21093583106995,3.17768526077271,3.13638544082642,3.12612962722778,3.12375068664551,2.97723269462585,4.48700380325317,9.49112224578857,15.0225419998169
-9999,-9999,-9999,-9999,-9999,-9999,-9999,-9999,-9999,-9999,-9999,-9999,-9999,-9999,-9999,-9999,-9999,-9999,-9999,-9999,-9999,-9999,-9999,-9999,-9999,-9999,-9999,-9999,-9999,-9999,-9999,-9999,-9999,-9999,-9999,-9999,-9999,-9999,-9999,-9999,-9999,-9999,-9999,-9999,-9999,-9999,-9999,-9999,-9999,-9999,-9999,-9999,-9999,-9999,-9999,-9999,-9999,-9999,-9999,-9999,-9999,-9999,-9999,-9999,-9999,-9999,-9999,-9999,-9999,-9999,-9999,-9999,-9999,-9999,-9999,-9999,-9999,-9999,-9999,-9999,-9999,-9999,-9999,-9999,-9999,-9999,-9999,-9999,-9999,-9999,-9999,-9999,-9999,-9999,-9999,-9999,-9999,-9999,-9999,-9999,-9999,-9999,-9999,-9999,31.9866981506348,32.3177795410156,32.467098236084,32.5058441162109,33.0593452453613,33.9337997436523,29.3624210357666,22.9495487213135,13.3805465698242,6.53940439224243,7.25964975357056,7.5826244354248,7.65838956832886,6.48636627197266,3.67475652694702,2.56432819366455,2.64281892776489,2.63669157028198,2.58553338050842,2.53776407241821,2.42406797409058,2.37244462966919,2.31329488754272,2.11574721336365,6.65416479110718,20.1819362640381,30.8308639526367
-9999,-9999,-9999,-9999,-9999,-9999,-9999,-9999,-9999,-9999,-9999,-9999,-9999,-9999,-9999,-9999,-9999,-9999,-9999,-9999,-9999,-9999,-9999,-9999,-9999,-9999,-9999,-9999,-9999,-9999,-9999,-9999,-9999,-9999,-9999,-9999,-9999,-9999,-9999,-9999,-9999,-9999,-9999,-9999,-9999,-9999,-9999,-9999,-9999,-9999,-9999,-9999,-9999,-9999,-9999,-9999,-9999,-9999,-9999,-9999,-9999,-9999,-9999,-9999,-9999,-9999,-9999,-9999,-9999,-9999,-9999,-9999,-9999,-9999,-9999,-9999,-9999,-9999,-9999,-9999,-9999,-9999,-9999,-9999,-9999,-9999,-9999,-9999,-9999,-9999,-9999,-9999,-9999,-9999,-9999,-9999,-9999,-9999,-9999,-9999,-9999,-9999,-9999,-9999,-9999,-9999,32.2249374389648,32.1304779052734,32.6866035461426,33.2470664978027,30.338171005249,25.9019832611084,18.8472347259521,13.2313165664673,11.5707769393921,10.4684400558472,10.7973031997681,9.84151268005371,7.99822616577148,8.91795635223389,10.8573970794678,11.1522789001465,10.3077049255371,12.3455610275269,14.2398386001587,15.6564788818359,16.616096496582,16.0831832885742,18.3847999572754,26.2038116455078,32.6753463745117
-9999,-9999,-9999,-9999,-9999,-9999,-9999,-9999,-9999,-9999,-9999,-9999,-9999,-9999,-9999,-9999,-9999,-9999,-9999,-9999,-9999,-9999,-9999,-9999,-9999,-9999,-9999,-9999,-9999,-9999,-9999,-9999,-9999,-9999,-9999,-9999,-9999,-9999,-9999,-9999,-9999,-9999,-9999,-9999,-9999,-9999,-9999,-9999,-9999,-9999,-9999,-9999,-9999,-9999,-9999,-9999,-9999,-9999,-9999,-9999,-9999,-9999,-9999,-9999,-9999,-9999,-9999,-9999,-9999,-9999,-9999,-9999,-9999,-9999,-9999,-9999,-9999,-9999,-9999,-9999,-9999,-9999,-9999,-9999,-9999,-9999,-9999,-9999,-9999,-9999,-9999,-9999,-9999,-9999,-9999,-9999,-9999,-9999,-9999,-9999,-9999,-9999,-9999,-9999,-9999,-9999,-9999,-9999,31.9258689880371,32.180591583252,31.8952026367188,31.1859703063965,27.6102485656738,23.1816997528076,17.7701282501221,14.7801294326782,15.4403314590454,15.4918766021729,14.4784917831421,17.67116355896,22.590295791626,22.8891944885254,22.0350723266602,24.8014030456543,27.6614723205566,29.9333553314209,31.5921669006348,31.0172939300537,30.6103210449219,30.5839385986328,-9999
-9999,-9999,-9999,-9999,-9999,-9999,-9999,-9999,-9999,-9999,-9999,-9999,-9999,-9999,-9999,-9999,-9999,-9999,-9999,-9999,-9999,-9999,-9999,-9999,-9999,-9999,-9999,-9999,-9999,-9999,-9999,-9999,-9999,-9999,-9999,-9999,-9999,-9999,-9999,-9999,-9999,-9999,-9999,-9999,-9999,-9999,-9999,-9999,-9999,-9999,-9999,-9999,-9999,-9999,-9999,-9999,-9999,-9999,-9999,-9999,-9999,-9999,-9999,-9999,-9999,-9999,-9999,-9999,-9999,-9999,-9999,-9999,-9999,-9999,-9999,-9999,-9999,-9999,-9999,-9999,-9999,-9999,-9999,-9999,-9999,-9999,-9999,-9999,-9999,-9999,-9999,-9999,-9999,-9999,-9999,-9999,-9999,-9999,-9999,-9999,-9999,-9999,-9999,-9999,-9999,-9999,-9999,-9999,-9999,-9999,31.6620616912842,31.4572296142578,29.636905670166,27.4968662261963,24.6046562194824,22.8381423950195,22.964183807373,22.7885437011719,22.3411026000977,24.003288269043,26.5900077819824,26.7904014587402,26.3906192779541,27.8647079467773,29.4128017425537,30.6962089538574,31.6459903717041,31.2586727142334,-9999,-9999,-9999
-9999,-9999,-9999,-9999,-9999,-9999,-9999,-9999,-9999,-9999,-9999,-9999,-9999,-9999,-9999,-9999,-9999,-9999,-9999,-9999,-9999,-9999,-9999,-9999,-9999,-9999,-9999,-9999,-9999,-9999,-9999,-9999,-9999,-9999,-9999,-9999,-9999,-9999,-9999,-9999,-9999,-9999,-9999,-9999,-9999,-9999,-9999,-9999,-9999,-9999,-9999,-9999,-9999,-9999,-9999,-9999,-9999,-9999,-9999,-9999,-9999,-9999,-9999,-9999,-9999,-9999,-9999,-9999,-9999,-9999,-9999,-9999,-9999,-9999,-9999,-9999,-9999,-9999,-9999,-9999,-9999,-9999,-9999,-9999,-9999,-9999,-9999,-9999,-9999,-9999,-9999,-9999,-9999,-9999,-9999,-9999,-9999,-9999,-9999,-9999,-9999,-9999,-9999,-9999,-9999,-9999,-9999,-9999,-9999,-9999,-9999,-9999,-9999,-9999,-9999,-9999,-9999,-9999,-9999,-9999,-9999,-9999,-9999,-9999,-9999,-9999,-9999,-9999,-9999,-9999,-9999
-9999,-9999,-9999,-9999,-9999,-9999,-9999,-9999,-9999,-9999,-9999,-9999,-9999,-9999,-9999,-9999,-9999,-9999,-9999,-9999,-9999,-9999,-9999,-9999,-9999,-9999,-9999,-9999,-9999,-9999,-9999,-9999,-9999,-9999,-9999,-9999,-9999,-9999,-9999,-9999,-9999,-9999,-9999,-9999,-9999,-9999,-9999,-9999,-9999,-9999,-9999,-9999,-9999,-9999,-9999,-9999,-9999,-9999,-9999,-9999,-9999,-9999,-9999,-9999,-9999,-9999,-9999,-9999,-9999,-9999,-9999,-9999,-9999,-9999,-9999,-9999,-9999,-9999,-9999,-9999,-9999,-9999,-9999,-9999,-9999,-9999,-9999,-9999,-9999,-9999,-9999,-9999,-9999,-9999,-9999,-9999,-9999,-9999,-9999,-9999,-9999,-9999,-9999,-9999,-9999,-9999,-9999,-9999,-9999,-9999,-9999,-9999,-9999,-9999,-9999,-9999,-9999,-9999,-9999,-9999,-9999,-9999,-9999,-9999,-9999,-9999,-9999,-9999,-9999,-9999,-9999

Step,145
Year,12.08333
-9999,-9999,-9999,-9999,-9999,-9999,-9999,-9999,-9999,-9999,-9999,-9999,-9999,-9999,-9999,-9999,-9999,-9999,-9999,-9999,-9999,-9999,-9999,-9999,-9999,-9999,-9999,-9999,-9999,-9999,-9999,-9999,-9999,-9999,-9999,-9999,-9999,-9999,-9999,-9999,-9999,-9999,-9999,-9999,-9999,-9999,-9999,-9999,-9999,-9999,-9999,-9999,-9999,-9999,-9999,-9999,-9999,-9999,-9999,-9999,-9999,-9999,-9999,-9999,-9999,-9999,-9999,-9999,-9999,-9999,-9999,-9999,-9999,-9999,-9999,-9999,-9999,-9999,-9999,-9999,-9999,-9999,-9999,-9999,-9999,-9999,-9999,-9999,-9999,-9999,-9999,-9999,-9999,-9999,-9999,-9999,-9999,-9999,-9999,-9999,-9999,-9999,-9999,-9999,-9999,-9999,-9999,-9999,-9999,-9999,-9999,-9999,-9999,-9999,-9999,-9999,-9999,-9999,-9999,-9999,-9999,-9999,-9999,-9999,-9999,-9999,-9999,-9999,-9999,-9999,-9999
-9999,-9999,-9999,-9999,-9999,-9999,-9999,-9999,-9999,-9999,-9999,-9999,-9999,-9999,-9999,-9999,-9999,-9999,-9999,-9999,-9999,-9999,-9999,-9999,-9999,-9999,-9999,-9999,-9999,-9999,-9999,-9999,-9999,-9999,-9999,-9999,-9999,-9999,-9999,-9999,-9999,-9999,-9999,-9999,-9999,-9999,-9999,-9999,-9999,-9999,-9999,-9999,-9999,-9999,-9999,-9999,-9999,-9999,-9999,-9999,-9999,-9999,-9999,-9999,-9999,-9999,-9999,-9999,-9999,-9999,-9999,-9999,-9999,-9999,-9999,-9999,-9999,-9999,-9999,-9999,-9999,-9999,-9999,-9999,-9999,-9999,-9999,-9999,-9999,-9999,-9999,-9999,-9999,-9999,-9999,-9999,-9999,-9999,-9999,-9999,-9999,-9999,-9999,-9999,-9999,-9999,-9999,-9999,-9999,-9999,-9999,-9999,-9999,-9999,-9999,-9999,-9999,-9999,-9999,-9999,-9999,-9999,-9999,-9999,-9999,-9999,-9999,-9999,-9999,-9999,-9999
-9999,-9999,-9999,-9999,-9999,-9999,-9999,-9999,-9999,-9999,-9999,-9999,-9999,-9999,-9999,-9999,-9999,-9999,-9999,-9999,-9999,-9999,-9999,-9999,-9999,-9999,-9999,-9999,-9999,-9999,-9999,-9999,-9999,-9999,-9999,-9999,-9999,-9999,-9999,-9999,-9999,-9999,-9999,-9999,-9999,-9999,-9999,-9999,-9999,-9999,-9999,-9999,-9999,-9999,-9999,-9999,-9999,-9999,-9999,-9999,-9999,-9999,-9999,-9999,-9999,-9999,-9999,-9999,-9999,-9999,-9999,-9999,-9999,-9999,37.3134117126465,37.595573425293,-9999,-9999,-9999,-9999,-9999,-9999,-9999,-9999,-9999,-9999,-9999,-9999,-9999,-9999,-9999,-9999,-9999,-9999,-9999,-9999,-9999,-9999,-9999,-9999,-9999,-9999,-9999,-9999,-9999,-9999,-9999,-9999,-9999,-9999,-9999,-9999,-9999,-9999,-9999,-9999,-9999,-9999,-9999,-9999,-9999,-9999,-9999,-9999,-9999,-9999,-9999,-9999,-9999,-9999,-9999
-9999,-9999,-9999,-9999,-9999,-9999,-9999,-9999,-9999,-9999,-9999,-9999,-9999,-9999,-9999,-9999,-9999,-9999,-9999,-9999,-9999,-9999,-9999,-9999,-9999,-9999,-9999,-9999,-9999,-9999,-9999,-9999,-9999,-9999,-9999,-9999,-9999,-9999,-9999,-9999,-9999,-9999,-9999,-9999,-9999,-9999,-9999,-9999,-9999,-9999,-9999,-9999,-9999,-9999,-9999,-9999,-9999,-9999,-9999,-9999,-9999,-9999,-9999,-9999,-9999,-9999,-9999,-9999,-9999,-9999,-9999,-9999,-9999,-9999,38.1056022644043,37.6744689941406,-9999,-9999,-9999,-9999,-9999,-9999,-9999,-9999,-9999,-9999,-9999,-9999,-9999,-9999,-9999,-9999,-9999,-9999,-9999,-9999,-9999,-9999,-9999,-9999,-9999,-9999,-9999,-9999,-9999,-9999,-9999,-9999,-9999,-9999,-9999,-9999,-9999,-9999,-9999,-9999,-9999,-9999,-9999,-9999,-9999,-9999,-9999,-9999,-9999,-9999,-9999,-9999,-9999,-9999,-9999
-9999,-9999,-9999,-9999,-9999,-9999,-9999,-9999,-9999,-9999,-9999,-9999,-9999,-9999,-9999,-9999,-9999,-9999,-9999,-9999,-9999,-9999,-9999,-9999,-9999,-9999,-9999,-9999,-9999,-9999,-9999,-9999,-9999,-9999,-9999,-9999,-9999,-9999,-9999,-9999,-9999,-9999,-9999,-9999,-9999,-9999,-9999,-9999,-9999,-9999,-9999,-9999,-9999,-9999,-9999,-9999,6.17641571568073E-13,1.0902396319068E-08,1.08188853431557E-08,1.0803661965042E-08,-9999,-9999,-9999,-9999,-9999,38.6954689025879,38.5461273193359,39.651969909668,39.7816276550293,37.3519592285156,35.8686103820801,32.7196159362793,32.4586181640625,31.9145088195801,35.6171340942383,34.3259887695313,32.9701728820801,-9999,-9999,25.2217140197754,23.8351097106934,23.0521812438965,23.6672821044922,30.3808097839355,33.5884323120117,35.518138885498,35.4250564575195,33.1541290283203,25.0157508850098,-9999,-9999,-9999,-9999,-9999,-9999,-9999,-9999,-9999,-9999,-9999,-9999,-9999,-9999,-9999,-9999,-9999,-9999,-9999,-9999,-9999,-9999,-9999,-9999,-9999,-9999,-9999,-9999,-9999,-9999,-9999,-9999,-9999,-9999,-9999,-9999,-9999,-9999,-9999,-9999,-9999,-9999
-9999,-9999,-9999,-9999,-9999,-9999,-9999,-9999,-9999,-9999,-9999,-9999,-9999,-9999,-9999,-9999,-9999,-9999,-9999,-9999,-9999,-9999,-9999,-9999,-9999,-9999,-9999,-9999,-9999,-9999,-9999,-9999,-9999,-9999,-9999,-9999,-9999,-9999,-9999,-9999,-9999,-9999,-9999,-9999,-9999,-9999,-9999,-9999,-9999,-9999,-9999,-9999,-9999,-9999,-9999,7.13352445690096E-13,2.4852365498873E-08,0.000671739690005779,0.000668001594021916,0.000667304033413529,0.00136917154304683,44.7366638183594,-9999,43.387077331543,42.3463859558105,42.1196784973145,40.821590423584,40.2559356689453,40.2720260620117,39.3694763183594,36.2801818847656,35.3080062866211,35.94580078125,34.9962997436523,34.655632019043,35.0687408447266,33.8052711486816,33.3919906616211,32.1857070922852,29.689380645752,26.4085292816162,23.6415557861328,26.6509990692139,29.9161567687988,34.0289688110352,36.4300918579102,36.413028717041,34.0706825256348,28.6002349853516,22.5322780609131,15.9748983383179,-9999,-9999,-9999,-9999,-9999,-9999,-9999,-9999,-9999,-9999,-9999,-9999,-9999,-9999,-9999,-9999,-9999,-9999,-9999,-9999,-9999,-9999,-9999,-9999,-9999,-9999,-9999,-9999,-9999,-9999,-9999,-9999,-9999,-9999,-9999,-9999,-9999,-9999,-9999,-9999
-9999,-9999,-9999,-9999,-9999,-9999,-9999,-9999,-9999,-9999,-9999,-9999,-9999,-9999,-9999,-9999,-9999,-9999,-9999,-9999,-9999,-9999,-9999,-9999,-9999,-9999,-9999,-9999,-9999,-9999,-9999,-9999,-9999,-9999,-9999,-9999,-9999,-9999,-9999,-9999,-9999,-9999,-9999,-9999,-9999,-9999,-9999,-9999,-9999,-9999,-9999,-9999,-9999,-9999,-9999,1.44854546135775E-08,0.000772496510762721,45.8855895996094,45.827953338623,45.8781433105469,46.0334548950195,45.3954315185547,44.6251373291016,43.9975090026855,41.9607124328613,41.6353149414063,41.1614418029785,40.3799057006836,39.7883644104004,38.4645462036133,37.4683532714844,37.10009765625,36.7888603210449,36.4904861450195,36.0783081054688,35.7280502319336,34.8264808654785,33.6925048828125,31.8193550109863,29.5772953033447,26.7459392547607,24.1183471679688,27.415901184082,31.9558753967285,35.8597831726074,37.6540603637695,37.520435333252,35.0446128845215,29.0651779174805,22.9259338378906,15.872576713562,13.8668842315674,18.0509567260742,-9999,-9999,-9999,-9999,-9999,-9999,-9999,-9999,-9999,29.6607055664063,30.8537654876709,32.316650390625,-9999,-9999,-9999,-9999,-9999,-9999,-9999,-9999,-9999,-9999,-9999,-9999,-9999,-9999,-9999,-9999,-9999,-9999,-9999,-9999,-9999,-9999,-9999,-9999,-9999,-9999
-9999,-9999,-9999,-9999,-9999,-9999,-9999,-9999,-9999,-9999,-9999,-9999,-9999,-9999,-9999,-9999,-9999,-9999,-9999,-9999,-9999,-9999,-9999,-9999,-9999,-9999,-9999,-9999,-9999,-9999,-9999,39.2532234191895,-9999,-9999,-9999,39.7530784606934,-9999,-9999,-9999,-9999,-9999,-9999,-9999,-9999,-9999,-9999,-9999,-9999,-9999,-9999,-9999,-9999,-9999,-9999,-9999,-9999,-9999,45.4537391662598,45.6789703369141,45.7778701782227,-9999,46.1701393127441,45.5890960693359,44.5407257080078,43.1970329284668,41.6256866455078,41.2255973815918,40.5758209228516,39.9945640563965,37.6282615661621,36.7969741821289,37.9876327514648,38.2844505310059,37.6126098632813,37.0943374633789,36.5780410766602,35.8118743896484,34.9398574829102,34.6534461975098,34.7241744995117,32.6988182067871,31.6954231262207,34.7500648498535,36.7943954467773,39.5442504882813,40.783763885498,39.786506652832,37.4167060852051,32.8305702209473,29.568717956543,27.26100730896,22.580638885498,16.8012580871582,20.085657119751,-9999,-9999,-9999,-9999,-9999,-9999,-9999,-9999,34.1769790649414,35.91064453125,36.2098846435547,34.2716751098633,33.4184761047363,-9999,-9999,-9999,-9999,-9999,-9999,-9999,-9999,-9999,-9999,-9999,-9999,-9999,-9999,-9999,-9999,-9999,-9999,-9999,-9999,-9999,-9999,-9999,-9999
-9999,-9999,-9999,-9999,-9999,-9999,-9999,-9999,-9999,-9999,-9999,-9999,-9999,-9999,-9999,-9999,-9999,-9999,-9999,-9999,-9999,-9999,-9999,-9999,-9999,-9999,-9999,-9999,-9999,-9999,38.3496894836426,38.123836517334,-9999,-9999,39.7317771911621,39.4079208374023,-9999,-9999,35.8379211425781,37.7395973205566,-9999,-9999,-9999,-9999,-9999,41.394660949707,-9999,-9999,-9999,-9999,-9999,-9999,-9999,-9999,-9999,-9999,-9999,-9999,-9999,-9999,-9999,46.0349998474121,46.5677070617676,44.3545303344727,43.3565368652344,42.1703834533691,40.8828048706055,39.7455368041992,38.6821784973145,36.6380004882813,35.4387664794922,38.7359161376953,40.0350723266602,39.4088592529297,38.5453948974609,38.2158393859863,37.1401519775391,36.2322463989258,37.9958190917969,39.2285461425781,39.7341461181641,38.844425201416,39.7619514465332,40.7340316772461,41.8688507080078,42.3151779174805,41.4453811645508,39.7036247253418,36.4364242553711,35.6420593261719,36.7551536560059,30.1749019622803,18.1529521942139,20.0423679351807,24.3215522766113,-9999,-9999,-9999,-9999,-9999,34.8575096130371,35.011173248291,35.5168762207031,35.8815612792969,37.2082557678223,37.432933807373,35.764892578125,32.6959114074707,-9999,-9999,-9999,-9999,-9999,-9999,-9999,-9999,-9999,-9999,-9999,-9999,-9999,-9999,-9999,-9999,-9999,-9999,-9999,-9999,-9999,-9999,-9999
-9999,-9999,-9999,-9999,-9999,-9999,-9999,-9999,-9999,-9999,-9999,-9999,-9999,-9999,-9999,-9999,-9999,-9999,-9999,-9999,-9999,-9999,-9999,38.6910362243652,38.9014167785645,-9999,-9999,-9999,-9999,38.1062698364258,37.9837646484375,38.2636108398438,37.8812103271484,39.286693572998,39.2436256408691,39.2789993286133,36.6822357177734,35.4350395202637,35.844612121582,-9999,38.7673530578613,40.7143821716309,-9999,-9999,40.9586982727051,41.1955680847168,41.935905456543,42.8783874511719,-9999,-9999,-9999,-9999,-9999,-9999,-9999,-9999,-9999,41.6409950256348,43.9146156311035,-9999,-9999,-9999,44.9206924438477,44.4474258422852,44.1403656005859,42.0271377563477,41.8800773620605,40.9658966064453,39.4475898742676,35.7678375244141,34.5007972717285,37.4578018188477,39.9917182922363,40.1508865356445,40.1386260986328,39.5427322387695,38.7402687072754,37.5666313171387,37.8247909545898,39.4612236022949,39.9138107299805,39.9443168640137,40.9751319885254,41.8332977294922,42.2455902099609,42.391227722168,42.0316314697266,40.9389572143555,38.3468322753906,36.478515625,35.8617782592773,31.2328796386719,23.848934173584,23.4452495574951,24.2240753173828,21.3070907592773,20.8230438232422,22.2617168426514,22.8166484832764,24.8290405273438,29.6844425201416,34.916805267334,34.8662376403809,35.4618644714355,36.2145538330078,37.6586952209473,37.5078239440918,35.2677993774414,33.6298217773438,34.6921730041504,-9999,-9999,-9999,-9999,-9999,-9999,-9999,-9999,-9999,-9999,-9999,-9999,-9999,-9999,-9999,-9999,-9999,-9999,-9999,-9999,-9999
-9999,-9999,-9999,-9999,-9999,-9999,-9999,-9999,-9999,-9999,-9999,-9999,-9999,-9999,-9999,-9999,-9999,-9999,-9999,-9999,-9999,-9999,38.2371978759766,38.5225257873535,37.8401412963867,39.7851982116699,40.4324836730957,37.4897041320801,37.3717269897461,37.152400970459,37.8207550048828,37.3673095703125,36.9715423583984,37.5228881835938,38.5000495910645,37.175910949707,35.1732063293457,34.927921295166,34.9398727416992,36.0783500671387,37.9872169494629,39.344425201416,40.7732810974121,40.4916915893555,41.6301689147949,41.2208518981934,42.3467025756836,42.9597282409668,43.2507133483887,-9999,-9999,-9999,-9999,-9999,-9999,-9999,-9999,39.6265830993652,40.2804183959961,42.7852935791016,-9999,-9999,44.1025657653809,44.5575141906738,45.1363983154297,43.7102088928223,42.2430381774902,40.6157531738281,38.224250793457,34.8537139892578,33.610725402832,37.5393905639648,39.3904457092285,40.8568458557129,41.2525024414063,40.4488906860352,39.9418678283691,39.3362884521484,39.3250198364258,38.6771507263184,39.8839721679688,41.0280609130859,42.0101280212402,42.7074737548828,42.5666007995605,42.4716491699219,42.4701461791992,41.8383712768555,40.3650741577148,37.9543113708496,34.7232208251953,31.9043216705322,28.5957851409912,25.8901443481445,23.5340480804443,22.3392429351807,21.9284267425537,24.0167274475098,24.2361316680908,23.630443572998,26.0256614685059,32.4978408813477,35.2811279296875,35.7970733642578,36.4416351318359,36.9994316101074,37.9780006408691,38.4531288146973,36.5577430725098,34.6884231567383,-9999,-9999,-9999,-9999,-9999,-9999,-9999,-9999,-9999,-9999,-9999,-9999,-9999,-9999,-9999,-9999,-9999,-9999,-9999,-9999,-9999
-9999,-9999,-9999,-9999,-9999,-9999,-9999,-9999,-9999,-9999,-9999,-9999,-9999,-9999,-9999,-9999,-9999,-9999,-9999,-9999,-9999,-9999,39.2829246520996,38.0136871337891,37.1966094970703,39.5123901367188,41.3119926452637,41.2020072937012,36.6015853881836,36.8997688293457,37.2800025939941,37.2933959960938,37.0285224914551,36.940990447998,36.9337997436523,36.18017578125,35.2230834960938,34.6742095947266,34.7013206481934,35.497127532959,36.8505096435547,38.7667350769043,40.3514862060547,40.6720314025879,41.0117454528809,41.2854461669922,41.1841049194336,42.3017883300781,43.0573959350586,42.6758613586426,42.9951477050781,-9999,-9999,-9999,-9999,-9999,-9999,-9999,39.3102912902832,40.5641632080078,42.1629638671875,42.9329109191895,43.4209403991699,44.2429466247559,44.9778900146484,43.601676940918,42.2833938598633,38.5565643310547,35.1090087890625,33.3743476867676,34.5435523986816,38.5698280334473,40.7421569824219,41.7702598571777,42.1460418701172,42.2232398986816,41.8774452209473,41.4526405334473,40.8963737487793,40.0762519836426,41.0876159667969,42.0455284118652,42.3706436157227,42.6162071228027,42.5890579223633,42.5737724304199,42.5814971923828,42.0216979980469,40.8037414550781,38.1347923278809,33.5543556213379,31.7663173675537,30.7841491699219,25.6863059997559,19.3749809265137,20.3646469116211,21.2328338623047,23.0555839538574,24.2589778900146,23.8288288116455,26.4224319458008,33.0956573486328,36.7359733581543,38.5019721984863,38.0161476135254,35.8500175476074,36.6391792297363,38.3281669616699,38.2730369567871,35.6165008544922,38.2594413757324,-9999,-9999,-9999,-9999,-9999,-9999,-9999,-9999,-9999,-9999,-9999,-9999,-9999,-9999,-9999,-9999,-9999,-9999,-9999,-9999
-9999,-9999,-9999,-9999,-9999,-9999,-9999,-9999,-9999,-9999,-9999,-9999,-9999,-9999,-9999,-9999,-9999,-9999,-9999,-9999,-9999,-9999,39.362133026123,39.2718391418457,36.3106689453125,35.9147148132324,42.3555335998535,43.9943389892578,40.3156890869141,38.2668342590332,38.559627532959,38.2996368408203,38.0048408508301,37.6509590148926,37.1699485778809,36.6117095947266,36.0878982543945,35.8619728088379,35.7341842651367,36.2882080078125,37.0037117004395,38.2388038635254,39.2360458374023,39.7314567565918,39.8675193786621,40.0550231933594,40.3443489074707,40.365104675293,41.0900230407715,42.6369819641113,43.1150283813477,-9999,-9999,-9999,-9999,40.2237319946289,39.3751068115234,39.0870742797852,39.2802963256836,39.7348861694336,41.2790107727051,42.3529853820801,43.1437377929688,44.2037963867188,44.412712097168,42.2975044250488,41.0836944580078,36.5351982116699,34.0806503295898,35.3221130371094,36.6595420837402,40.0944328308105,42.1559982299805,43.1594390869141,43.5343170166016,43.3394775390625,42.9281463623047,42.4017333984375,41.8387603759766,41.2431182861328,41.9772682189941,42.6560325622559,42.5734214782715,42.520092010498,42.5703926086426,42.5995330810547,42.5895767211914,42.147087097168,41.2067756652832,38.7071189880371,34.6651344299316,34.1875190734863,35.3418045043945,29.2920570373535,20.8861446380615,22.0148391723633,23.3034572601318,24.701286315918,25.9859199523926,25.6414165496826,27.9633865356445,34.0634727478027,37.8847045898438,40.5453186035156,39.4536895751953,36.1527900695801,37.1906051635742,39.448860168457,40.0273094177246,39.8022232055664,38.8655548095703,40.5331573486328,-9999,-9999,-9999,-9999,-9999,-9999,-9999,-9999,-9999,-9999,-9999,-9999,-9999,-9999,-9999,-9999,-9999,-9999,-9999
-9999,-9999,-9999,-9999,-9999,-9999,-9999,-9999,-9999,-9999,-9999,-9999,-9999,-9999,-9999,-9999,-9999,-9999,-9999,-9999,-9999,37.7256011962891,38.9937477111816,38.4611625671387,35.8643417358398,35.5952758789063,41.9566040039063,44.4970245361328,43.0723686218262,42.261100769043,41.8792343139648,41.4237022399902,41.2833137512207,41.0007438659668,40.6692810058594,40.2547988891602,39.747257232666,39.4695701599121,39.3059310913086,39.4824180603027,39.2075805664063,37.353816986084,36.8850250244141,38.2771415710449,38.8740997314453,39.2440910339355,39.4111862182617,39.4777336120605,39.6417961120605,40.1149864196777,40.0975799560547,40.1154136657715,40.1268157958984,39.9067344665527,39.9090309143066,39.6067352294922,39.2508430480957,39.2092056274414,39.0481185913086,38.9481925964355,38.1827659606934,38.5594444274902,39.9389305114746,42.6221122741699,44.4553451538086,42.7425308227539,40.0041580200195,35.1218872070313,35.5810775756836,39.5674514770508,42.2404594421387,43.2123565673828,43.7000885009766,43.7103729248047,43.5743255615234,43.3309020996094,43.0352897644043,42.7119140625,42.4110527038574,42.1213874816895,42.2416458129883,42.363525390625,42.3889961242676,42.4158401489258,42.4506568908691,42.4343795776367,42.3228721618652,42.1009292602539,41.754768371582,40.9267120361328,39.7408103942871,39.7499504089355,40.1282272338867,37.7188987731934,33.9893951416016,31.0495491027832,28.867696762085,30.1355361938477,31.0619373321533,31.0014762878418,32.3605575561523,35.1551284790039,38.3206214904785,41.3637390136719,41.117015838623,39.0368003845215,41.0400848388672,43.7132987976074,42.1589012145996,40.3587379455566,40.4865303039551,39.7886085510254,38.3613662719727,37.8205528259277,-9999,-9999,-9999,-9999,-9999,-9999,-9999,-9999,-9999,-9999,-9999,-9999,-9999,-9999,-9999,-9999,-9999
-9999,-9999,-9999,-9999,-9999,-9999,-9999,-9999,-9999,-9999,-9999,-9999,-9999,-9999,-9999,-9999,-9999,-9999,-9999,-9999,-9999,35.9162445068359,35.4611167907715,36.7725715637207,36.112850189209,36.9348564147949,41.4849166870117,43.8303756713867,43.5355491638184,43.1834678649902,42.5986976623535,42.2593383789063,42.1818733215332,41.902645111084,41.6072540283203,41.2559432983398,40.7917785644531,40.4982490539551,40.2867546081543,40.3894271850586,39.8785057067871,38.0787734985352,37.1658782958984,37.6430969238281,38.1526107788086,38.6877937316895,39.2512321472168,39.7616882324219,39.5100479125977,39.1594429016113,39.458194732666,39.3494338989258,39.5993423461914,39.6060981750488,39.3349761962891,39.0810241699219,38.4069709777832,38.0386810302734,37.6566047668457,36.8124389648438,36.6840400695801,37.6173934936523,38.8094749450684,39.3331489562988,42.910026550293,41.9370651245117,41.109130859375,36.1689567565918,38.012809753418,42.1973686218262,44.5811920166016,44.3850250244141,44.1135482788086,43.7448577880859,-9999,-9999,-9999,-9999,-9999,-9999,-9999,42.0773887634277,42.135856628418,42.1922569274902,42.2410888671875,42.2152900695801,42.0491790771484,41.930118560791,41.8628158569336,41.8352699279785,41.8340759277344,41.7965812683105,41.7619934082031,41.2026405334473,39.7401161193848,35.7682762145996,32.3437004089355,33.1586380004883,33.6479949951172,32.2255249023438,32.2298622131348,33.7504730224609,36.7336273193359,39.8494529724121,40.7790451049805,40.460376739502,42.5152282714844,44.8079071044922,42.3690605163574,39.1102714538574,40.386905670166,39.2616958618164,38.8359146118164,37.1068801879883,37.4306907653809,-9999,-9999,-9999,-9999,-9999,-9999,-9999,-9999,-9999,-9999,-9999,-9999,-9999,-9999,-9999,-9999
-9999,-9999,-9999,-9999,-9999,-9999,-9999,-9999,-9999,-9999,-9999,-9999,-9999,-9999,-9999,-9999,-9999,-9999,-9999,33.8192672729492,34.6116333007813,33.9995079040527,33.4709243774414,33.2458915710449,37.1069793701172,39.8481941223145,40.701057434082,41.1248168945313,40.709587097168,40.2831230163574,40.031494140625,39.9361419677734,39.8520431518555,39.5548553466797,39.2230758666992,38.9747543334961,38.5751609802246,38.2877464294434,38.1525650024414,38.1585426330566,38.769603729248,40.994743347168,41.4508171081543,39.2760276794434,38.5602569580078,39.2016258239746,40.0311241149902,40.9878616333008,39.7093315124512,37.8601379394531,38.142520904541,38.3703727722168,38.1930313110352,38.0345458984375,37.8070831298828,37.2988204956055,35.8420028686523,34.8893508911133,34.4398078918457,35.3716239929199,37.538932800293,40.136360168457,42.0557861328125,41.7013816833496,41.3884582519531,39.4084167480469,40.8305358886719,42.0490036010742,42.1836585998535,43.3481025695801,44.0305099487305,-9999,-9999,-9999,-9999,-9999,-9999,-9999,-9999,-9999,-9999,-9999,-9999,41.7933731079102,41.9007377624512,41.9184646606445,41.7671279907227,41.580867767334,41.3559875488281,41.0935287475586,40.8043212890625,40.7157592773438,40.6986618041992,40.7711868286133,40.8418846130371,37.3453369140625,33.8632507324219,34.3824348449707,33.8904914855957,29.1028213500977,26.2403373718262,28.045934677124,30.3532466888428,33.9174957275391,37.1030807495117,40.280101776123,41.5031929016113,42.3433799743652,39.8165512084961,36.5177803039551,38.818359375,40.119312286377,40.3213958740234,35.3718605041504,36.3672294616699,-9999,-9999,-9999,-9999,-9999,-9999,-9999,-9999,-9999,-9999,-9999,-9999,-9999,-9999,-9999,-9999
-9999,-9999,-9999,-9999,-9999,-9999,-9999,-9999,-9999,-9999,-9999,-9999,-9999,-9999,-9999,-9999,-9999,-9999,31.770227432251,32.9698143005371,33.1331520080566,35.0570297241211,33.6494216918945,32.7373695373535,36.8496475219727,39.5894317626953,40.3768692016602,40.8171539306641,40.2629241943359,39.8568954467773,39.6606636047363,39.6774635314941,39.5793304443359,39.4183082580566,39.0232467651367,38.8483390808105,38.6087951660156,38.5146713256836,38.2575721740723,38.2244071960449,39.3150367736816,42.0084037780762,43.1727600097656,40.4067268371582,39.3261528015137,39.8160438537598,40.5865020751953,41.5221710205078,39.7917327880859,37.1910591125488,36.431324005127,36.0942726135254,35.8452301025391,35.6770057678223,36.673641204834,37.0416297912598,35.4892272949219,34.5146713256836,33.9310150146484,35.8767471313477,39.0635032653809,41.5327339172363,42.9985504150391,43.2367057800293,43.1307678222656,42.8878860473633,42.498462677002,43.1356735229492,-9999,-9999,-9999,-9999,-9999,-9999,-9999,-9999,-9999,-9999,-9999,-9999,-9999,-9999,-9999,-9999,-9999,41.5936622619629,41.4746284484863,41.2782745361328,40.997428894043,40.628719329834,40.196216583252,40.037712097168,39.9774513244629,40.2699890136719,40.6427574157715,38.2735404968262,35.8763580322266,35.0877418518066,33.4319686889648,28.6443214416504,24.9180145263672,23.7783946990967,24.8955135345459,27.7497539520264,33.0028800964355,37.6144142150879,38.7440338134766,38.9344902038574,38.3935089111328,37.6234588623047,38.481143951416,39.5301055908203,39.2411804199219,36.3854293823242,35.2311630249023,-9999,-9999,-9999,-9999,-9999,-9999,-9999,-9999,-9999,-9999,-9999,-9999,-9999,-9999,-9999,-9999
-9999,-9999,-9999,-9999,-9999,-9999,-9999,-9999,-9999,-9999,-9999,-9999,33.3149948120117,32.0338516235352,-9999,31.5713520050049,33.0423011779785,34.5899238586426,33.9979095458984,31.3763313293457,34.1051635742188,37.037223815918,36.1103973388672,35.1270980834961,35.7168960571289,37.1660614013672,40.6657295227051,42.488582611084,42.281322479248,42.0621757507324,41.7024192810059,41.6699523925781,41.7149810791016,41.4763221740723,41.165885925293,41.1051750183105,41.2187843322754,40.5557136535645,41.0850639343262,40.4397850036621,40.1292572021484,40.7283363342285,41.09033203125,40.6190490722656,40.6835975646973,40.989875793457,41.1134490966797,41.4740104675293,39.7521820068359,37.1659393310547,34.7512893676758,32.3496856689453,32.0771293640137,32.4004974365234,35.7432479858398,37.5711860656738,36.4363021850586,35.9123306274414,36.3396949768066,38.7275466918945,41.4236907958984,42.6379051208496,43.2727699279785,43.3777809143066,43.3641815185547,43.1816024780273,43.0148811340332,-9999,-9999,-9999,-9999,-9999,-9999,-9999,-9999,-9999,-9999,-9999,-9999,-9999,-9999,-9999,-9999,-9999,-9999,-9999,41.1717567443848,41.0164489746094,40.7685089111328,40.408504486084,39.9705657958984,39.725944519043,39.5528221130371,39.723388671875,39.949405670166,39.0741233825684,37.9840469360352,35.3263092041016,32.4081993103027,30.8577690124512,27.8981628417969,22.5296058654785,21.0529747009277,23.1759262084961,27.2006092071533,32.1934623718262,33.5877342224121,34.526481628418,38.1531982421875,41.2781791687012,39.6101379394531,38.3770408630371,39.3640823364258,36.7807388305664,34.704761505127,-9999,-9999,-9999,-9999,-9999,-9999,-9999,-9999,-9999,-9999,-9999,-9999,-9999,-9999,-9999,-9999
-9999,-9999,-9999,-9999,-9999,-9999,-9999,-9999,-9999,-9999,31.0719909667969,32.9094772338867,34.2880516052246,31.9554176330566,31.6720008850098,29.597225189209,31.7308139801025,36.0162200927734,35.4922142028809,33.0401039123535,35.6498107910156,38.7231063842773,38.4618835449219,37.7291641235352,37.7312660217285,37.5951271057129,40.7101745605469,41.7166519165039,41.4190826416016,41.8150100708008,42.933967590332,43.3406944274902,43.2864303588867,43.0857391357422,42.7964859008789,42.5802001953125,42.5157508850098,42.2383651733398,42.1336212158203,41.9539260864258,41.5728607177734,41.3554725646973,41.4232597351074,41.4278106689453,41.4422302246094,41.6840934753418,42.016716003418,42.3941764831543,41.5005340576172,39.6844749450684,36.6977386474609,33.5517730712891,33.4591026306152,33.8939933776855,36.3586082458496,37.944408416748,37.6609039306641,37.8044586181641,38.2207489013672,39.861083984375,41.8248176574707,42.5958518981934,42.912899017334,42.954532623291,42.9371490478516,42.8485107421875,-9999,-9999,-9999,-9999,-9999,-9999,-9999,-9999,-9999,-9999,-9999,-9999,-9999,-9999,-9999,-9999,-9999,-9999,-9999,-9999,-9999,40.7119941711426,40.4621200561523,40.1230506896973,39.7222366333008,39.4748115539551,39.284595489502,39.3526573181152,39.4612884521484,39.3126258850098,38.897705078125,36.413387298584,33.583683013916,31.9451389312744,29.3793983459473,25.0873355865479,21.9691925048828,20.8807258605957,23.0599040985107,27.2911243438721,30.4526252746582,33.2643699645996,37.0614547729492,40.2444076538086,38.0869560241699,36.5621109008789,37.9478950500488,35.8242149353027,33.2366638183594,-9999,-9999,-9999,-9999,-9999,-9999,-9999,-9999,-9999,-9999,-9999,-9999,-9999,-9999,-9999,-9999
-9999,-9999,-9999,-9999,-9999,-9999,-9999,-9999,27.8338584899902,28.6498584747314,29.1015682220459,29.0280456542969,30.1837825775146,32.2319717407227,31.497184753418,29.6222171783447,31.8673458099365,36.311882019043,36.1871185302734,35.0246543884277,37.537899017334,40.6115455627441,40.3069763183594,39.4550437927246,39.447696685791,39.2114791870117,39.3709335327148,39.388240814209,39.0032577514648,40.3462829589844,43.1797065734863,44.26611328125,44.1584701538086,44.2104377746582,44.169490814209,43.9454879760742,43.6809005737305,43.4363021850586,43.3460235595703,43.0648727416992,42.8715400695801,42.612621307373,42.4900894165039,42.464973449707,42.3758239746094,42.3841400146484,42.4095993041992,42.4557647705078,42.4733734130859,42.4876365661621,40.5056343078613,38.0646553039551,38.1621170043945,38.1273307800293,38.6073455810547,38.6820831298828,38.1527938842773,38.6854057312012,40.2138328552246,41.3825302124023,41.9293746948242,42.1909065246582,-9999,-9999,-9999,-9999,-9999,-9999,-9999,-9999,-9999,-9999,-9999,-9999,-9999,-9999,-9999,-9999,-9999,-9999,-9999,-9999,-9999,-9999,-9999,-9999,-9999,-9999,40.1137351989746,39.8020706176758,39.4628639221191,39.255931854248,39.0973815917969,39.0707893371582,39.0661506652832,39.2878761291504,39.3110122680664,37.8459243774414,35.8254089355469,32.6040153503418,30.1433486938477,29.0557899475098,25.8173847198486,20.1571178436279,20.0171642303467,22.5137615203857,28.2494564056396,33.5746612548828,35.2882194519043,36.6324424743652,35.1302604675293,34.2533874511719,36.5730247497559,34.6340522766113,33.439037322998,-9999,-9999,-9999,-9999,-9999,-9999,-9999,-9999,-9999,-9999,-9999,-9999,-9999,-9999,-9999,-9999
-9999,-9999,-9999,-9999,-9999,-9999,-9999,-9999,26.2664813995361,27.7473697662354,28.7729148864746,28.3152656555176,28.4442138671875,28.9873237609863,29.595983505249,30.5769119262695,33.2841835021973,37.580696105957,38.0744514465332,36.6744041442871,37.9401779174805,39.3717842102051,40.3126907348633,41.0710754394531,40.8383331298828,40.5621032714844,40.2256622314453,39.8340225219727,39.5206146240234,40.3358421325684,42.1203880310059,42.6559906005859,42.5048408508301,42.3974609375,42.1836929321289,42.0087852478027,41.8998794555664,41.7117118835449,41.5191764831543,41.2860832214355,41.1929779052734,41.0050773620605,41.2354125976563,41.9819793701172,42.2569580078125,42.2122802734375,42.1156272888184,41.9748573303223,42.1095657348633,42.248477935791,41.1943893432617,40.0043640136719,40.2482948303223,40.389274597168,40.2608757019043,40.0348625183105,39.7632751464844,40.1050109863281,40.982479095459,41.5354347229004,41.8405418395996,41.9606399536133,-9999,-9999,-9999,-9999,-9999,-9999,-9999,-9999,-9999,-9999,-9999,-9999,-9999,-9999,-9999,-9999,-9999,-9999,-9999,-9999,-9999,-9999,-9999,-9999,-9999,-9999,-9999,-9999,39.069206237793,38.9036064147949,38.780948638916,38.7286491394043,38.6847190856934,38.8998031616211,38.9769439697266,38.0338287353516,36.7924957275391,34.459056854248,32.3827209472656,30.5030288696289,27.7940464019775,23.7819442749023,21.6907081604004,20.3618869781494,24.821626663208,29.9395580291748,31.3126316070557,32.1728553771973,31.6820373535156,31.4110507965088,34.4302406311035,31.0659847259521,30.5602207183838,-9999,-9999,-9999,-9999,-9999,-9999,-9999,-9999,-9999,-9999,-9999,-9999,-9999,-9999,-9999,-9999
-9999,-9999,-9999,-9999,-9999,-9999,20.6532974243164,26.1730766296387,26.2575149536133,26.1521911621094,27.578332901001,28.4115200042725,27.987361907959,25.9752960205078,27.3806457519531,31.8501682281494,35.9558563232422,39.1460380554199,39.3297157287598,38.5536231994629,37.7828712463379,37.1820678710938,39.8989677429199,42.0610275268555,42.0010566711426,41.9390449523926,41.6349906921387,41.2516708374023,40.8935508728027,40.645133972168,40.3789329528809,40.0900650024414,39.7605094909668,39.505241394043,39.3269081115723,39.1345329284668,38.9476509094238,38.9086990356445,38.8596153259277,38.7422523498535,38.6389198303223,38.5120124816895,39.232307434082,41.1509628295898,41.9557228088379,41.8543090820313,41.5919570922852,41.2427673339844,41.0199508666992,40.8157043457031,40.9306983947754,41.0679016113281,41.264518737793,41.4731063842773,41.4619102478027,41.3986740112305,41.1293754577637,40.9739379882813,40.9956321716309,41.2551651000977,41.7027816772461,-9999,-9999,-9999,-9999,-9999,-9999,-9999,-9999,-9999,-9999,-9999,-9999,-9999,-9999,-9999,-9999,-9999,-9999,-9999,-9999,-9999,-9999,-9999,-9999,-9999,-9999,-9999,-9999,-9999,-9999,-9999,-9999,38.3650894165039,38.3043518066406,38.4141159057617,38.4479751586914,37.9353294372559,37.3746337890625,36.5660667419434,34.8195266723633,31.2690868377686,28.9596691131592,28.2322750091553,24.5365104675293,18.5774955749512,20.6138248443604,24.232364654541,25.849027633667,26.8942089080811,27.2906608581543,28.3309173583984,32.229621887207,29.911792755127,-9999,-9999,-9999,-9999,-9999,-9999,-9999,-9999,-9999,-9999,-9999,-9999,-9999,-9999,-9999,-9999,-9999
-9999,-9999,-9999,-9999,-9999,-9999,26.1495666503906,26.1097412109375,25.8134689331055,25.958122253418,26.225679397583,28.8622570037842,31.2868213653564,31.96506690979,33.224910736084,34.9299240112305,37.2525825500488,40.044361114502,40.1192741394043,39.3404579162598,38.86279296875,38.3201332092285,40.4039077758789,42.0976638793945,42.0732421875,41.9189262390137,41.7133674621582,41.5328903198242,41.1780242919922,40.802360534668,40.3630142211914,40.10693359375,39.8445320129395,39.5505752563477,39.2741279602051,39.4545822143555,39.710033416748,39.6546974182129,39.5887145996094,39.4324989318848,39.2951316833496,39.2205123901367,39.6050186157227,40.6688766479492,41.1299591064453,41.0724716186523,40.8586845397949,40.5520706176758,40.4294166564941,40.3773803710938,40.5010871887207,40.6465225219727,40.7399215698242,40.8265571594238,40.8719711303711,40.8571319580078,40.675163269043,40.5531616210938,40.5130996704102,-9999,-9999,-9999,-9999,-9999,-9999,-9999,-9999,-9999,-9999,-9999,-9999,-9999,-9999,-9999,-9999,-9999,-9999,-9999,-9999,-9999,-9999,-9999,-9999,-9999,-9999,-9999,-9999,-9999,-9999,-9999,-9999,-9999,-9999,-9999,37.8994140625,37.959659576416,37.9896202087402,37.8116111755371,37.5372581481934,36.9811668395996,35.9453659057617,34.1042556762695,31.8153247833252,29.2643013000488,26.2335395812988,22.7615509033203,21.4544620513916,21.1426048278809,24.4010124206543,27.5304069519043,28.5467014312744,29.91481590271,31.5407600402832,29.2623996734619,29.8787574768066,28.0573387145996,-9999,-9999,-9999,-9999,-9999,-9999,-9999,-9999,-9999,-9999,-9999,-9999,-9999,-9999,-9999
-9999,-9999,-9999,-9999,25.1210403442383,26.7840404510498,26.1748809814453,25.985424041748,25.9457035064697,25.9325313568115,26.8705043792725,31.0484828948975,34.6691551208496,37.4184799194336,38.332332611084,37.3314971923828,38.313362121582,40.501781463623,40.7186164855957,40.1894226074219,39.7149391174316,39.2268943786621,40.3474617004395,41.3406982421875,41.4256858825684,41.474006652832,41.3614807128906,41.2186546325684,41.0162086486816,40.7822494506836,40.502555847168,40.2134017944336,39.9262046813965,39.6118011474609,39.3100280761719,39.8970222473145,40.5777397155762,40.4940910339355,40.398250579834,40.1887283325195,40.0229797363281,39.9945030212402,40.0072250366211,40.0930595397949,40.1341209411621,40.132568359375,40.0077514648438,39.8057250976563,39.8689270019531,40.0039596557617,40.047981262207,40.0777740478516,40.0594139099121,40.0571899414063,-9999,-9999,-9999,-9999,-9999,-9999,-9999,-9999,-9999,-9999,-9999,-9999,-9999,-9999,-9999,-9999,-9999,-9999,-9999,-9999,-9999,-9999,-9999,-9999,-9999,-9999,-9999,-9999,-9999,-9999,-9999,-9999,-9999,-9999,-9999,-9999,-9999,-9999,-9999,-9999,-9999,37.5004692077637,37.5314407348633,37.6708755493164,37.6535758972168,37.1663284301758,36.8221473693848,36.6147346496582,34.3915977478027,30.0294017791748,27.8259563446045,26.8401145935059,22.7448654174805,17.9508247375488,23.0901546478271,28.1610107421875,29.9337196350098,31.2490043640137,30.9862766265869,22.2622871398926,22.5689239501953,28.0488433837891,28.9221687316895,-9999,-9999,-9999,-9999,-9999,-9999,-9999,-9999,-9999,-9999,-9999,-9999,-9999,-9999
-9999,-9999,-9999,-9999,30.6249332427979,28.3062381744385,27.4173374176025,25.7770309448242,26.2270660400391,28.1193389892578,30.3712043762207,33.5567016601563,36.1474876403809,38.1375274658203,39.1542701721191,39.2333564758301,39.6767082214355,40.3683853149414,40.193775177002,39.7027626037598,39.9596138000488,40.3515586853027,40.7484588623047,41.0982971191406,41.1123657226563,41.1111793518066,41.0680351257324,40.9895172119141,40.8479385375977,40.6724700927734,40.4607467651367,40.2664108276367,40.086742401123,39.9317932128906,39.7800788879395,39.9815864562988,40.2323989868164,40.0313377380371,39.8198928833008,39.5324249267578,39.2870826721191,39.1758460998535,39.1107788085938,39.1176147460938,39.1171836853027,39.111499786377,39.0321350097656,-9999,-9999,-9999,-9999,-9999,-9999,-9999,-9999,-9999,-9999,-9999,-9999,-9999,-9999,-9999,-9999,-9999,-9999,-9999,-9999,-9999,-9999,-9999,-9999,-9999,-9999,-9999,-9999,-9999,-9999,-9999,-9999,-9999,-9999,-9999,-9999,-9999,-9999,-9999,-9999,-9999,-9999,-9999,-9999,-9999,-9999,-9999,-9999,-9999,37.1363563537598,37.251350402832,37.2933044433594,37.1245307922363,36.6666374206543,35.6723480224609,33.410457611084,29.802267074585,27.8521099090576,26.7581405639648,22.2951068878174,16.3257598876953,19.6181335449219,23.540397644043,25.103572845459,26.452299118042,27.2349586486816,28.1350860595703,21.8231754302979,26.5645027160645,24.7940292358398,-9999,-9999,-9999,-9999,-9999,-9999,-9999,-9999,-9999,-9999,-9999,-9999,-9999,-9999
-9999,-9999,-9999,-9999,-9999,30.6425094604492,28.6894187927246,28.711332321167,27.6038436889648,31.3350028991699,34.1017379760742,35.9563903808594,37.5343246459961,38.7593727111816,39.6937065124512,40.3953247070313,40.3726501464844,39.8391456604004,39.5102729797363,39.2548599243164,-9999,-9999,-9999,-9999,-9999,-9999,-9999,-9999,-9999,-9999,-9999,-9999,-9999,40.0103569030762,39.9653587341309,39.8544921875,39.7344169616699,39.4397468566895,-9999,-9999,-9999,-9999,-9999,-9999,-9999,-9999,-9999,-9999,-9999,-9999,-9999,-9999,-9999,-9999,-9999,-9999,-9999,-9999,-9999,-9999,-9999,-9999,-9999,-9999,-9999,-9999,-9999,-9999,-9999,-9999,-9999,-9999,-9999,-9999,-9999,-9999,-9999,-9999,-9999,-9999,-9999,-9999,-9999,-9999,-9999,-9999,-9999,-9999,-9999,-9999,-9999,-9999,-9999,-9999,-9999,-9999,36.7483863830566,36.8597259521484,36.9646263122559,37.0620613098145,36.5846710205078,35.0964698791504,33.0384712219238,30.314359664917,28.3854522705078,26.8462429046631,22.1394481658936,15.9008331298828,16.9347877502441,18.8931655883789,20.3989067077637,22.1489295959473,23.5015125274658,24.6655960083008,24.899341583252,22.316650390625,-9999,-9999,-9999,-9999,-9999,-9999,-9999,-9999,-9999,-9999,-9999,-9999,-9999,-9999,-9999
-9999,-9999,-9999,-9999,-9999,30.3400974273682,30.2738990783691,31.0204792022705,32.2821998596191,36.1613616943359,38.9954833984375,39.4298934936523,39.8208923339844,40.4218292236328,40.6795387268066,40.5698013305664,40.188175201416,39.6108360290527,-9999,-9999,-9999,-9999,-9999,-9999,-9999,-9999,-9999,-9999,-9999,-9999,-9999,-9999,-9999,-9999,-9999,-9999,-9999,-9999,-9999,-9999,-9999,-9999,-9999,-9999,-9999,-9999,-9999,-9999,-9999,-9999,-9999,-9999,-9999,-9999,-9999,-9999,-9999,-9999,-9999,-9999,-9999,-9999,-9999,-9999,-9999,-9999,-9999,-9999,-9999,-9999,-9999,-9999,-9999,-9999,-9999,-9999,-9999,-9999,-9999,-9999,-9999,-9999,-9999,-9999,-9999,-9999,-9999,-9999,-9999,-9999,-9999,-9999,-9999,-9999,-9999,-9999,-9999,36.6192245483398,36.7917976379395,36.8970756530762,36.8024787902832,36.3684616088867,35.4428215026855,33.9479827880859,31.2493762969971,27.6436405181885,24.5071334838867,21.2368354797363,18.7246551513672,15.9472522735596,19.5704097747803,22.066032409668,20.662712097168,20.4925804138184,21.524206161499,18.9356861114502,-9999,-9999,-9999,-9999,-9999,-9999,-9999,-9999,-9999,-9999,-9999,-9999,-9999,-9999,-9999
-9999,-9999,30.4984035491943,30.5366554260254,30.6094760894775,30.0942230224609,30.6653156280518,33.3946685791016,36.3531837463379,39.4625129699707,41.6294631958008,41.278923034668,41.0591049194336,41.291015625,41.1044845581055,40.4073944091797,39.7652626037598,-9999,-9999,-9999,-9999,-9999,-9999,-9999,-9999,-9999,-9999,-9999,-9999,-9999,-9999,-9999,-9999,-9999,-9999,-9999,-9999,-9999,-9999,-9999,-9999,-9999,-9999,-9999,-9999,-9999,-9999,-9999,-9999,-9999,-9999,-9999,-9999,-9999,-9999,-9999,-9999,-9999,-9999,-9999,-9999,-9999,-9999,-9999,-9999,-9999,-9999,-9999,-9999,-9999,-9999,-9999,-9999,-9999,-9999,-9999,-9999,-9999,-9999,-9999,-9999,-9999,-9999,-9999,-9999,-9999,-9999,-9999,-9999,-9999,-9999,-9999,-9999,-9999,-9999,-9999,-9999,36.3579978942871,36.5777893066406,36.6791343688965,36.8428993225098,37.1017951965332,36.9755325317383,36.3913497924805,33.8461952209473,29.7588672637939,27.1045150756836,25.0334224700928,20.6635799407959,15.6581792831421,19.0027656555176,20.9937515258789,17.9028244018555,16.93359375,21.1877212524414,17.7086524963379,-9999,-9999,-9999,-9999,-9999,-9999,-9999,-9999,-9999,-9999,-9999,-9999,-9999,-9999,-9999
-9999,-9999,-9999,-9999,30.6982765197754,30.1439990997314,30.9854316711426,35.1153182983398,39.0711212158203,40.1611557006836,40.8038024902344,40.6529846191406,40.5414352416992,40.6450119018555,40.3225708007813,39.4878234863281,-9999,-9999,-9999,-9999,-9999,-9999,-9999,-9999,-9999,-9999,-9999,-9999,-9999,-9999,-9999,-9999,-9999,-9999,-9999,-9999,-9999,-9999,-9999,-9999,-9999,-9999,-9999,-9999,-9999,-9999,-9999,-9999,-9999,-9999,-9999,-9999,-9999,-9999,-9999,-9999,-9999,-9999,-9999,-9999,-9999,-9999,-9999,-9999,-9999,-9999,-9999,-9999,-9999,-9999,-9999,-9999,-9999,-9999,-9999,-9999,-9999,-9999,-9999,-9999,-9999,-9999,-9999,-9999,-9999,-9999,-9999,-9999,-9999,-9999,-9999,-9999,-9999,-9999,-9999,-9999,-9999,36.054744720459,36.2744216918945,36.3433418273926,36.4954605102539,36.7761497497559,36.9516181945801,36.9794387817383,36.0297470092773,34.3600807189941,30.456371307373,25.5559883117676,23.0082588195801,20.7090759277344,18.9499588012695,17.0550651550293,16.2226715087891,16.0212936401367,17.5160541534424,18.9038238525391,-9999,-9999,-9999,-9999,-9999,-9999,-9999,-9999,-9999,-9999,-9999,-9999,-9999,-9999,-9999
-9999,-9999,-9999,-9999,30.8390331268311,30.8151569366455,31.4052314758301,36.4167785644531,40.4423637390137,40.4873352050781,40.2795791625977,40.3690643310547,40.3521308898926,40.1518630981445,39.6163787841797,-9999,-9999,-9999,-9999,-9999,-9999,-9999,-9999,-9999,-9999,-9999,-9999,-9999,-9999,-9999,-9999,-9999,-9999,-9999,-9999,-9999,-9999,-9999,-9999,-9999,-9999,-9999,-9999,-9999,-9999,-9999,-9999,-9999,-9999,-9999,-9999,-9999,-9999,-9999,-9999,-9999,-9999,-9999,-9999,-9999,-9999,-9999,-9999,-9999,-9999,-9999,-9999,-9999,-9999,-9999,-9999,-9999,-9999,-9999,-9999,-9999,-9999,-9999,-9999,-9999,-9999,-9999,-9999,-9999,-9999,-9999,-9999,-9999,-9999,-9999,-9999,-9999,-9999,-9999,-9999,-9999,-9999,35.7098922729492,35.9380378723145,35.981128692627,36.0923271179199,36.3042030334473,36.5585403442383,36.846996307373,36.7579116821289,36.3784408569336,32.117504119873,25.9620876312256,24.2399559020996,23.0784854888916,18.4212131500244,14.4123268127441,15.2963705062866,15.7779941558838,15.8986072540283,16.7187843322754,13.6833028793335,-9999,-9999,-9999,-9999,-9999,-9999,-9999,-9999,-9999,-9999,-9999,-9999,-9999,-9999
-9999,-9999,-9999,-9999,31.1491031646729,31.0735130310059,32.1023368835449,36.4169845581055,40.4085807800293,40.4286613464355,40.2382888793945,40.5711441040039,40.5725135803223,39.8692436218262,39.0233345031738,-9999,-9999,-9999,-9999,-9999,-9999,-9999,-9999,-9999,-9999,-9999,-9999,-9999,-9999,-9999,-9999,-9999,-9999,-9999,-9999,-9999,-9999,-9999,-9999,-9999,-9999,-9999,-9999,-9999,-9999,-9999,-9999,-9999,-9999,-9999,-9999,-9999,-9999,-9999,-9999,-9999,-9999,-9999,-9999,-9999,-9999,-9999,-9999,-9999,-9999,-9999,-9999,-9999,-9999,-9999,-9999,-9999,-9999,-9999,-9999,-9999,-9999,-9999,-9999,-9999,-9999,-9999,-9999,-9999,-9999,-9999,-9999,-9999,-9999,-9999,-9999,-9999,-9999,-9999,-9999,-9999,-9999,35.311897277832,35.5600776672363,35.5865440368652,35.6139297485352,35.6336784362793,35.6786651611328,35.7439613342285,35.7098236083984,35.5829658508301,31.7268161773682,26.1622409820557,24.3161659240723,22.923469543457,17.5354633331299,12.7995452880859,15.1419486999512,16.8296775817871,17.2618427276611,17.8166427612305,18.6691665649414,13.8831405639648,-9999,-9999,-9999,-9999,-9999,-9999,-9999,-9999,-9999,-9999,-9999,-9999,-9999
-9999,-9999,-9999,-9999,26.7241134643555,31.2177829742432,32.3044395446777,35.8495826721191,38.9262619018555,39.1327323913574,39.1983299255371,40.0792236328125,40.3784141540527,39.543815612793,-9999,-9999,-9999,-9999,-9999,-9999,-9999,-9999,-9999,-9999,-9999,-9999,-9999,-9999,-9999,-9999,-9999,-9999,-9999,-9999,-9999,-9999,-9999,-9999,-9999,-9999,-9999,-9999,-9999,-9999,-9999,-9999,-9999,-9999,-9999,-9999,-9999,-9999,-9999,-9999,-9999,-9999,-9999,-9999,-9999,-9999,-9999,-9999,-9999,-9999,-9999,-9999,-9999,-9999,-9999,-9999,-9999,-9999,-9999,-9999,-9999,-9999,-9999,-9999,-9999,-9999,-9999,-9999,-9999,-9999,-9999,-9999,-9999,-9999,-9999,-9999,-9999,-9999,-9999,-9999,-9999,-9999,-9999,34.8773956298828,35.1437492370605,35.1850166320801,35.1821136474609,35.0977210998535,35.0940475463867,35.1689605712891,34.997974395752,34.6731414794922,32.4707527160645,29.5099697113037,26.3674736022949,22.9415702819824,18.3951301574707,14.7016258239746,15.2838573455811,16.1236801147461,16.5163307189941,17.3715190887451,18.263162612915,19.053897857666,16.8334617614746,16.5609569549561,-9999,-9999,-9999,-9999,-9999,-9999,-9999,-9999,-9999,-9999,-9999
-9999,-9999,-9999,-9999,29.2095031738281,31.3160076141357,32.6559982299805,34.216136932373,36.1108055114746,36.644645690918,37.3199729919434,39.0365104675293,39.8675422668457,39.1869125366211,-9999,-9999,-9999,-9999,-9999,-9999,-9999,-9999,-9999,-9999,-9999,-9999,-9999,-9999,-9999,-9999,-9999,-9999,-9999,-9999,-9999,-9999,-9999,-9999,-9999,-9999,-9999,-9999,-9999,-9999,-9999,-9999,-9999,-9999,-9999,-9999,-9999,-9999,-9999,-9999,-9999,-9999,-9999,-9999,-9999,-9999,-9999,-9999,-9999,-9999,-9999,-9999,-9999,-9999,-9999,-9999,-9999,-9999,-9999,-9999,-9999,-9999,-9999,-9999,-9999,-9999,-9999,-9999,-9999,-9999,-9999,-9999,-9999,-9999,-9999,-9999,-9999,-9999,-9999,-9999,-9999,-9999,-9999,-9999,34.695629119873,34.7764282226563,34.7847137451172,34.6681976318359,34.746166229248,35.0136260986328,34.5605201721191,33.6422920227051,33.9494094848633,34.5391464233398,29.6105651855469,23.1843566894531,21.1234855651855,19.0065727233887,15.8361253738403,13.4428730010986,14.4032192230225,15.5241899490356,17.7260189056396,18.8081455230713,18.9478034973145,-9999,-9999,-9999,-9999,-9999,-9999,-9999,-9999,-9999,-9999,-9999,-9999
-9999,-9999,-9999,-9999,28.688907623291,30.6743450164795,30.5726127624512,31.203125,32.6936721801758,34.7386093139648,36.8963241577148,38.2782821655273,38.9653854370117,38.7375259399414,-9999,-9999,-9999,-9999,-9999,-9999,-9999,-9999,-9999,-9999,-9999,-9999,-9999,-9999,-9999,-9999,-9999,-9999,-9999,-9999,-9999,-9999,-9999,-9999,-9999,-9999,-9999,-9999,-9999,-9999,-9999,-9999,-9999,-9999,-9999,-9999,-9999,-9999,-9999,-9999,-9999,-9999,-9999,-9999,-9999,-9999,-9999,-9999,-9999,-9999,-9999,-9999,-9999,-9999,-9999,-9999,-9999,-9999,-9999,-9999,-9999,-9999,-9999,-9999,-9999,-9999,-9999,-9999,-9999,-9999,-9999,-9999,-9999,-9999,-9999,-9999,-9999,-9999,-9999,-9999,-9999,-9999,-9999,-9999,34.2873458862305,34.3837089538574,34.405216217041,34.2992286682129,34.4270896911621,34.7763862609863,34.536262512207,33.9269027709961,34.7908477783203,35.968318939209,30.6261768341064,23.4111652374268,21.9914436340332,20.1238956451416,15.5859708786011,12.1632814407349,12.3416004180908,13.8682432174683,16.9356803894043,23.4048366546631,32.2119560241699,29.8956451416016,34.6022109985352,-9999,-9999,-9999,-9999,-9999,-9999,-9999,-9999,-9999,-9999
-9999,-9999,-9999,-9999,-9999,22.0854454040527,28.1134300231934,28.9182224273682,28.5058536529541,33.3848419189453,36.8201141357422,37.4837112426758,37.8513221740723,38.2405967712402,-9999,-9999,-9999,-9999,-9999,-9999,-9999,-9999,-9999,-9999,-9999,-9999,-9999,-9999,-9999,-9999,-9999,-9999,-9999,-9999,-9999,-9999,-9999,-9999,-9999,-9999,-9999,-9999,-9999,-9999,-9999,-9999,-9999,-9999,-9999,-9999,-9999,-9999,-9999,-9999,-9999,-9999,-9999,-9999,-9999,-9999,-9999,-9999,-9999,-9999,-9999,-9999,-9999,-9999,-9999,-9999,-9999,-9999,-9999,-9999,-9999,-9999,-9999,-9999,-9999,-9999,-9999,-9999,-9999,-9999,-9999,-9999,-9999,-9999,-9999,-9999,-9999,-9999,-9999,-9999,-9999,-9999,-9999,-9999,33.8930473327637,33.994701385498,34.0307502746582,33.9582366943359,34.1204109191895,34.5010986328125,34.6952285766602,34.7679176330566,35.4332275390625,36.1162528991699,30.7839126586914,23.754264831543,22.1044673919678,19.8953266143799,14.824369430542,11.0821180343628,10.7968835830688,12.1697006225586,16.1566963195801,23.2301483154297,31.5666885375977,34.0879898071289,35.2503852844238,32.1533546447754,-9999,-9999,-9999,-9999,-9999,-9999,-9999,-9999,-9999
-9999,-9999,-9999,-9999,-9999,25.1931858062744,26.4086112976074,26.2412261962891,27.7704887390137,33.1543731689453,36.7794532775879,37.1732749938965,37.5476150512695,38.0427589416504,-9999,-9999,-9999,-9999,-9999,-9999,-9999,-9999,-9999,-9999,-9999,-9999,-9999,-9999,-9999,-9999,-9999,-9999,-9999,-9999,-9999,-9999,-9999,-9999,-9999,-9999,-9999,-9999,-9999,-9999,-9999,-9999,-9999,-9999,-9999,-9999,-9999,-9999,-9999,-9999,-9999,-9999,-9999,-9999,-9999,-9999,-9999,-9999,-9999,-9999,-9999,-9999,-9999,-9999,-9999,-9999,-9999,-9999,-9999,-9999,-9999,-9999,-9999,-9999,-9999,-9999,-9999,-9999,-9999,-9999,-9999,-9999,-9999,-9999,-9999,-9999,-9999,-9999,-9999,-9999,-9999,-9999,-9999,-9999,33.5055770874023,33.6147346496582,33.6696281433105,33.6413192749023,33.7837104797363,34.0799217224121,34.2851066589355,34.4188079833984,35.1240425109863,35.8415069580078,30.7878856658936,24.0419158935547,22.3395576477051,20.0752182006836,14.7539196014404,10.9407653808594,11.57692527771,13.4991798400879,17.0665321350098,22.4299507141113,28.8771934509277,33.2282981872559,37.2458190917969,37.5971565246582,-9999,-9999,-9999,-9999,-9999,-9999,-9999,-9999,-9999
-9999,-9999,-9999,-9999,-9999,25.0969944000244,25.2508296966553,26.1119117736816,27.1470947265625,33.0479698181152,36.862548828125,37.120433807373,37.4257164001465,37.9083786010742,-9999,-9999,-9999,-9999,-9999,-9999,-9999,-9999,-9999,-9999,-9999,-9999,-9999,-9999,-9999,-9999,-9999,-9999,-9999,-9999,-9999,-9999,-9999,-9999,-9999,-9999,-9999,-9999,-9999,-9999,-9999,-9999,-9999,-9999,-9999,-9999,-9999,-9999,-9999,-9999,-9999,-9999,-9999,-9999,-9999,-9999,-9999,-9999,-9999,-9999,-9999,-9999,-9999,-9999,-9999,-9999,-9999,-9999,-9999,-9999,-9999,-9999,-9999,-9999,-9999,-9999,-9999,-9999,-9999,-9999,-9999,-9999,-9999,-9999,-9999,-9999,-9999,-9999,-9999,-9999,-9999,-9999,-9999,-9999,-9999,33.2324829101563,33.3078269958496,33.3278121948242,33.438793182373,33.6271705627441,33.7500381469727,33.8096961975098,34.6464958190918,35.5251617431641,30.7267513275146,24.2867412567139,22.640417098999,20.3544158935547,14.6582593917847,10.9764385223389,12.9187679290771,15.3832836151123,18.5138740539551,21.8674049377441,25.9562664031982,30.9649085998535,36.8219718933105,37.9417457580566,-9999,-9999,-9999,-9999,-9999,-9999,-9999,-9999,-9999
-9999,-9999,-9999,-9999,-9999,-9999,24.2478103637695,24.66650390625,25.9710311889648,32.1264190673828,36.3952560424805,36.844123840332,37.1762657165527,-9999,-9999,-9999,-9999,-9999,-9999,-9999,-9999,-9999,-9999,-9999,-9999,-9999,-9999,-9999,-9999,-9999,-9999,-9999,-9999,-9999,-9999,-9999,-9999,-9999,-9999,-9999,-9999,-9999,-9999,-9999,-9999,-9999,-9999,-9999,-9999,-9999,-9999,-9999,-9999,-9999,-9999,-9999,-9999,-9999,-9999,-9999,-9999,-9999,-9999,-9999,-9999,-9999,-9999,-9999,-9999,-9999,-9999,-9999,-9999,-9999,-9999,-9999,-9999,-9999,-9999,-9999,-9999,-9999,-9999,-9999,-9999,-9999,-9999,-9999,-9999,-9999,-9999,-9999,-9999,-9999,-9999,-9999,-9999,-9999,-9999,32.9626808166504,33.0633010864258,33.1236419677734,33.2230262756348,33.3506317138672,33.6726036071777,34.0869216918945,34.6087188720703,35.0089111328125,30.4748115539551,24.5863704681396,22.97971534729,21.1078968048096,17.8338508605957,15.0110139846802,13.6588306427002,13.2185945510864,15.0431108474731,19.231819152832,25.5949058532715,29.5871105194092,32.6846504211426,34.188793182373,-9999,-9999,-9999,-9999,-9999,-9999,-9999,-9999,-9999
-9999,-9999,-9999,-9999,-9999,-9999,22.8622798919678,22.5707340240479,24.4849987030029,31.3374557495117,36.0439682006836,36.5602149963379,36.9104194641113,-9999,-9999,-9999,-9999,-9999,-9999,-9999,-9999,-9999,-9999,-9999,-9999,-9999,-9999,-9999,-9999,-9999,-9999,-9999,-9999,-9999,-9999,-9999,-9999,-9999,-9999,-9999,-9999,-9999,-9999,-9999,-9999,-9999,-9999,-9999,-9999,-9999,-9999,-9999,-9999,-9999,-9999,-9999,-9999,-9999,-9999,-9999,-9999,-9999,-9999,-9999,-9999,-9999,-9999,-9999,-9999,-9999,-9999,-9999,-9999,-9999,-9999,-9999,-9999,-9999,-9999,-9999,-9999,-9999,-9999,-9999,-9999,-9999,-9999,-9999,-9999,-9999,-9999,-9999,-9999,-9999,-9999,-9999,-9999,-9999,-9999,32.706485748291,32.8294105529785,32.9208793640137,33.0086631774902,33.0857238769531,33.594841003418,34.3372840881348,34.5579948425293,34.5131759643555,30.2555656433105,24.840633392334,23.3611068725586,21.8516616821289,20.6870574951172,18.6484394073486,14.1098909378052,11.4022636413574,11.2305746078491,16.6546287536621,25.0092830657959,27.6847057342529,28.0081520080566,23.9204063415527,17.5670909881592,16.0172309875488,-9999,-9999,-9999,-9999,-9999,-9999,-9999
-9999,-9999,-9999,-9999,-9999,-9999,21.4976940155029,22.1044960021973,23.0672664642334,30.2356300354004,35.2904472351074,36.0164909362793,36.6308822631836,-9999,-9999,-9999,-9999,-9999,-9999,-9999,-9999,-9999,-9999,-9999,-9999,-9999,-9999,-9999,-9999,-9999,-9999,-9999,-9999,-9999,-9999,-9999,-9999,-9999,-9999,-9999,-9999,-9999,-9999,-9999,-9999,-9999,-9999,-9999,-9999,-9999,-9999,-9999,-9999,-9999,-9999,-9999,-9999,-9999,-9999,-9999,-9999,-9999,-9999,-9999,-9999,-9999,-9999,-9999,-9999,-9999,-9999,-9999,-9999,-9999,-9999,-9999,-9999,-9999,-9999,-9999,-9999,-9999,-9999,-9999,-9999,-9999,-9999,-9999,-9999,-9999,-9999,-9999,-9999,-9999,-9999,-9999,-9999,-9999,-9999,32.5726623535156,32.666202545166,32.6911773681641,32.751708984375,32.8355445861816,33.3249244689941,34.0357856750488,34.2646980285645,34.2744445800781,30.1677188873291,24.9801807403564,23.615270614624,22.2289524078369,20.9575309753418,18.72682762146,13.9095153808594,11.5585947036743,12.71217918396,16.0600776672363,20.7047233581543,21.8929080963135,21.4029712677002,19.8825378417969,17.3075332641602,13.3651714324951,8.11300277709961,-9999,-9999,-9999,-9999,-9999,-9999
-9999,-9999,-9999,-9999,-9999,-9999,-9999,-9999,-9999,-9999,-9999,-9999,-9999,-9999,-9999,-9999,-9999,-9999,-9999,-9999,-9999,-9999,-9999,-9999,-9999,-9999,-9999,-9999,-9999,-9999,-9999,-9999,-9999,-9999,-9999,-9999,-9999,-9999,-9999,-9999,-9999,-9999,-9999,-9999,-9999,-9999,-9999,-9999,-9999,-9999,-9999,-9999,-9999,-9999,-9999,-9999,-9999,-9999,-9999,-9999,-9999,-9999,-9999,-9999,-9999,-9999,-9999,-9999,-9999,-9999,-9999,-9999,-9999,-9999,-9999,-9999,-9999,-9999,-9999,-9999,-9999,-9999,-9999,-9999,-9999,-9999,-9999,-9999,-9999,-9999,-9999,-9999,-9999,-9999,-9999,-9999,-9999,-9999,-9999,-9999,32.4912223815918,32.4616394042969,32.5051193237305,32.6076240539551,33.0908393859863,33.7822875976563,33.9988403320313,33.9886169433594,30.599235534668,26.4013729095459,24.484224319458,22.5713233947754,21.2635746002197,18.9996719360352,13.8148651123047,11.6812572479248,13.7305221557617,15.2364549636841,16.2201118469238,15.9888706207275,14.7197942733765,15.2705478668213,15.9985589981079,9.98552989959717,7.60857248306274,3.01367163658142,-9999,-9999,-9999,-9999,-9999
-9999,-9999,-9999,-9999,-9999,-9999,-9999,-9999,-9999,-9999,-9999,-9999,-9999,-9999,-9999,-9999,-9999,-9999,-9999,-9999,-9999,-9999,-9999,-9999,-9999,-9999,-9999,-9999,-9999,-9999,-9999,-9999,-9999,-9999,-9999,-9999,-9999,-9999,-9999,-9999,-9999,-9999,-9999,-9999,-9999,-9999,-9999,-9999,-9999,-9999,-9999,-9999,-9999,-9999,-9999,-9999,-9999,-9999,-9999,-9999,-9999,-9999,-9999,-9999,-9999,-9999,-9999,-9999,-9999,-9999,-9999,-9999,-9999,-9999,-9999,-9999,-9999,-9999,-9999,-9999,-9999,-9999,-9999,-9999,-9999,-9999,-9999,-9999,-9999,-9999,-9999,-9999,-9999,-9999,-9999,-9999,-9999,-9999,-9999,-9999,32.280029296875,32.2388496398926,32.3074989318848,32.4735908508301,32.9967002868652,33.7119445800781,33.8833503723145,33.8181343078613,33.0367164611816,32.0442085266113,27.4358081817627,22.8327960968018,21.5410099029541,19.2037258148193,13.874436378479,11.4098300933838,13.1324911117554,13.7138729095459,13.4126167297363,12.0603933334351,10.1831016540527,9.70133304595947,9.71491146087646,6.88144874572754,3.36394572257996,3.25921487808228,2.77485394477844,-9999,-9999,-9999,-9999
-9999,-9999,-9999,-9999,-9999,-9999,-9999,-9999,-9999,-9999,-9999,-9999,-9999,-9999,-9999,-9999,-9999,-9999,-9999,-9999,-9999,-9999,-9999,-9999,-9999,-9999,-9999,-9999,-9999,-9999,-9999,-9999,-9999,-9999,-9999,-9999,-9999,-9999,-9999,-9999,-9999,-9999,-9999,-9999,-9999,-9999,-9999,-9999,-9999,-9999,-9999,-9999,-9999,-9999,-9999,-9999,-9999,-9999,-9999,-9999,-9999,-9999,-9999,-9999,-9999,-9999,-9999,-9999,-9999,-9999,-9999,-9999,-9999,-9999,-9999,-9999,-9999,-9999,-9999,-9999,-9999,-9999,-9999,-9999,-9999,-9999,-9999,-9999,-9999,-9999,-9999,-9999,-9999,-9999,-9999,-9999,-9999,-9999,-9999,-9999,32.0870399475098,32.0581474304199,32.149055480957,32.362060546875,32.8029899597168,33.3658103942871,33.6205787658691,33.7076988220215,34.5400352478027,35.2540855407715,29.2842235565186,23.0691337585449,21.8426456451416,19.5246601104736,14.2421779632568,11.4530534744263,12.5028533935547,12.436749458313,10.8651285171509,9.19870185852051,7.40803337097168,6.12024116516113,5.06963491439819,4.24035406112671,3.42579650878906,2.76879405975342,2.55823993682861,-9999,-9999,-9999,-9999
-9999,-9999,-9999,-9999,-9999,-9999,-9999,-9999,-9999,-9999,-9999,-9999,-9999,-9999,-9999,-9999,-9999,-9999,-9999,-9999,-9999,-9999,-9999,-9999,-9999,-9999,-9999,-9999,-9999,-9999,-9999,-9999,-9999,-9999,-9999,-9999,-9999,-9999,-9999,-9999,-9999,-9999,-9999,-9999,-9999,-9999,-9999,-9999,-9999,-9999,-9999,-9999,-9999,-9999,-9999,-9999,-9999,-9999,-9999,-9999,-9999,-9999,-9999,-9999,-9999,-9999,-9999,-9999,-9999,-9999,-9999,-9999,-9999,-9999,-9999,-9999,-9999,-9999,-9999,-9999,-9999,-9999,-9999,-9999,-9999,-9999,-9999,-9999,-9999,-9999,-9999,-9999,-9999,-9999,-9999,-9999,-9999,-9999,-9999,-9999,-9999,31.9554214477539,32.0749855041504,32.2978096008301,32.4191398620605,32.4776077270508,33.0613212585449,33.7014236450195,34.6034736633301,35.3218040466309,29.4126472473145,23.2894706726074,22.1636276245117,19.9375400543213,14.5810613632202,11.6069488525391,12.3537302017212,11.671332359314,9.55371189117432,8.4676399230957,7.83897590637207,6.22099876403809,3.90988922119141,3.31864595413208,2.84193992614746,2.53667092323303,2.25989079475403,-9999,-9999,3.295170545578,3.34474349021912
-9999,-9999,-9999,-9999,-9999,-9999,-9999,-9999,-9999,-9999,-9999,-9999,-9999,-9999,-9999,-9999,-9999,-9999,-9999,-9999,-9999,-9999,-9999,-9999,-9999,-9999,-9999,-9999,-9999,-9999,-9999,-9999,-9999,-9999,-9999,-9999,-9999,-9999,-9999,-9999,-9999,-9999,-9999,-9999,-9999,-9999,-9999,-9999,-9999,-9999,-9999,-9999,-9999,-9999,-9999,-9999,-9999,-9999,-9999,-9999,-9999,-9999,-9999,-9999,-9999,-9999,-9999,-9999,-9999,-9999,-9999,-9999,-9999,-9999,-9999,-9999,-9999,-9999,-9999,-9999,-9999,-9999,-9999,-9999,-9999,-9999,-9999,-9999,-9999,-9999,-9999,-9999,-9999,-9999,-9999,-9999,-9999,-9999,-9999,-9999,-9999,-9999,32.0188522338867,32.1949996948242,32.1511116027832,31.9652214050293,32.6859130859375,33.5700912475586,34.5667610168457,35.366397857666,29.59157371521,23.3345851898193,20.21826171875,16.6553153991699,12.6234979629517,10.2912731170654,10.8162059783936,9.76596832275391,7.55832386016846,6.86598587036133,7.03972339630127,5.67148590087891,3.10118699073792,2.90143513679504,2.83407163619995,2.6865508556366,2.61603260040283,2.98874068260193,3.25832033157349,3.29339790344238,3.39720296859741
-9999,-9999,-9999,-9999,-9999,-9999,-9999,-9999,-9999,-9999,-9999,-9999,-9999,-9999,-9999,-9999,-9999,-9999,-9999,-9999,-9999,-9999,-9999,-9999,-9999,-9999,-9999,-9999,-9999,-9999,-9999,-9999,-9999,-9999,-9999,-9999,-9999,-9999,-9999,-9999,-9999,-9999,-9999,-9999,-9999,-9999,-9999,-9999,-9999,-9999,-9999,-9999,-9999,-9999,-9999,-9999,-9999,-9999,-9999,-9999,-9999,-9999,-9999,-9999,-9999,-9999,-9999,-9999,-9999,-9999,-9999,-9999,-9999,-9999,-9999,-9999,-9999,-9999,-9999,-9999,-9999,-9999,-9999,-9999,-9999,-9999,-9999,-9999,-9999,-9999,-9999,-9999,-9999,-9999,-9999,-9999,-9999,-9999,-9999,-9999,-9999,-9999,-9999,32.0519065856934,32.0137557983398,31.8964061737061,32.5075950622559,33.2180366516113,34.4342079162598,35.4404220581055,29.877513885498,23.2309913635254,15.4229488372803,8.97037220001221,7.97765350341797,7.34606409072876,7.69697761535645,6.71885633468628,4.69906663894653,4.06611919403076,4.2970814704895,3.93252539634705,3.23848533630371,3.31739163398743,3.44231367111206,3.36738920211792,3.19378471374512,3.24273777008057,3.15582680702209,3.00338697433472,2.92115497589111
-9999,-9999,-9999,-9999,-9999,-9999,-9999,-9999,-9999,-9999,-9999,-9999,-9999,-9999,-9999,-9999,-9999,-9999,-9999,-9999,-9999,-9999,-9999,-9999,-9999,-9999,-9999,-9999,-9999,-9999,-9999,-9999,-9999,-9999,-9999,-9999,-9999,-9999,-9999,-9999,-9999,-9999,-9999,-9999,-9999,-9999,-9999,-9999,-9999,-9999,-9999,-9999,-9999,-9999,-9999,-9999,-9999,-9999,-9999,-9999,-9999,-9999,-9999,-9999,-9999,-9999,-9999,-9999,-9999,-9999,-9999,-9999,-9999,-9999,-9999,-9999,-9999,-9999,-9999,-9999,-9999,-9999,-9999,-9999,-9999,-9999,-9999,-9999,-9999,-9999,-9999,-9999,-9999,-9999,-9999,-9999,-9999,-9999,-9999,-9999,-9999,-9999,-9999,31.9163208007813,31.9639148712158,32.0382804870605,32.3952026367188,32.7518005371094,33.8826599121094,34.9031829833984,29.7626514434814,23.3053417205811,13.6536026000977,6.1367130279541,6.52979755401611,6.69566965103149,6.89989328384399,6.0322470664978,3.58580827713013,2.75572848320007,2.9384458065033,3.23816466331482,3.17398715019226,3.34659218788147,3.31075716018677,3.34298706054688,3.35485935211182,2.94866442680359,4.47781658172607,9.49108409881592,15.0204391479492
-9999,-9999,-9999,-9999,-9999,-9999,-9999,-9999,-9999,-9999,-9999,-9999,-9999,-9999,-9999,-9999,-9999,-9999,-9999,-9999,-9999,-9999,-9999,-9999,-9999,-9999,-9999,-9999,-9999,-9999,-9999,-9999,-9999,-9999,-9999,-9999,-9999,-9999,-9999,-9999,-9999,-9999,-9999,-9999,-9999,-9999,-9999,-9999,-9999,-9999,-9999,-9999,-9999,-9999,-9999,-9999,-9999,-9999,-9999,-9999,-9999,-9999,-9999,-9999,-9999,-9999,-9999,-9999,-9999,-9999,-9999,-9999,-9999,-9999,-9999,-9999,-9999,-9999,-9999,-9999,-9999,-9999,-9999,-9999,-9999,-9999,-9999,-9999,-9999,-9999,-9999,-9999,-9999,-9999,-9999,-9999,-9999,-9999,-9999,-9999,-9999,-9999,-9999,-9999,31.9860610961914,32.3171195983887,32.4664115905762,32.5052146911621,33.0610122680664,33.9375686645508,29.365161895752,22.8847980499268,13.3378372192383,6.44077301025391,7.3063759803772,7.6524772644043,7.64051818847656,6.58720588684082,3.60897397994995,2.58446550369263,2.55711197853088,2.69294810295105,2.77820229530334,2.53101968765259,2.43086433410645,2.40420079231262,2.36913728713989,2.14063549041748,6.64898633956909,20.1810550689697,30.830207824707
-9999,-9999,-9999,-9999,-9999,-9999,-9999,-9999,-9999,-9999,-9999,-9999,-9999,-9999,-9999,-9999,-9999,-9999,-9999,-9999,-9999,-9999,-9999,-9999,-9999,-9999,-9999,-9999,-9999,-9999,-9999,-9999,-9999,-9999,-9999,-9999,-9999,-9999,-9999,-9999,-9999,-9999,-9999,-9999,-9999,-9999,-9999,-9999,-9999,-9999,-9999,-9999,-9999,-9999,-9999,-9999,-9999,-9999,-9999,-9999,-9999,-9999,-9999,-9999,-9999,-9999,-9999,-9999,-9999,-9999,-9999,-9999,-9999,-9999,-9999,-9999,-9999,-9999,-9999,-9999,-9999,-9999,-9999,-9999,-9999,-9999,-9999,-9999,-9999,-9999,-9999,-9999,-9999,-9999,-9999,-9999,-9999,-9999,-9999,-9999,-9999,-9999,-9999,-9999,-9999,-9999,32.2242698669434,32.1291427612305,32.685359954834,33.2442092895508,30.3493404388428,25.8570957183838,18.8201541900635,13.3333568572998,11.5038394927979,10.5500621795654,10.7482652664185,9.84124660491943,8.10166931152344,8.6617431640625,10.9098033905029,10.964919090271,10.6240615844727,12.1275453567505,14.2428579330444,15.6604652404785,16.6185092926025,16.080207824707,18.3836784362793,26.2031364440918,32.6748199462891
-9999,-9999,-9999,-9999,-9999,-9999,-9999,-9999,-9999,-9999,-9999,-9999,-9999,-9999,-9999,-9999,-9999,-9999,-9999,-9999,-9999,-9999,-9999,-9999,-9999,-9999,-9999,-9999,-9999,-9999,-9999,-9999,-9999,-9999,-9999,-9999,-9999,-9999,-9999,-9999,-9999,-9999,-9999,-9999,-9999,-9999,-9999,-9999,-9999,-9999,-9999,-9999,-9999,-9999,-9999,-9999,-9999,-9999,-9999,-9999,-9999,-9999,-9999,-9999,-9999,-9999,-9999,-9999,-9999,-9999,-9999,-9999,-9999,-9999,-9999,-9999,-9999,-9999,-9999,-9999,-9999,-9999,-9999,-9999,-9999,-9999,-9999,-9999,-9999,-9999,-9999,-9999,-9999,-9999,-9999,-9999,-9999,-9999,-9999,-9999,-9999,-9999,-9999,-9999,-9999,-9999,-9999,-9999,31.9246425628662,32.1804962158203,31.894588470459,31.1927280426025,27.6173686981201,23.1790504455566,17.8602809906006,14.6161947250366,15.3173780441284,15.4928512573242,14.4763774871826,17.6627635955811,22.5854663848877,22.8888397216797,22.0456447601318,24.8233699798584,27.6599025726318,29.9327259063721,31.5917339324951,31.0166549682617,30.6097545623779,30.5833358764648,-9999
-9999,-9999,-9999,-9999,-9999,-9999,-9999,-9999,-9999,-9999,-9999,-9999,-9999,-9999,-9999,-9999,-9999,-9999,-9999,-9999,-9999,-9999,-9999,-9999,-9999,-9999,-9999,-9999,-9999,-9999,-9999,-9999,-9999,-9999,-9999,-9999,-9999,-9999,-9999,-9999,-9999,-9999,-9999,-9999,-9999,-9999,-9999,-9999,-9999,-9999,-9999,-9999,-9999,-9999,-9999,-9999,-9999,-9999,-9999,-9999,-9999,-9999,-9999,-9999,-9999,-9999,-9999,-9999,-9999,-9999,-9999,-9999,-9999,-9999,-9999,-9999,-9999,-9999,-9999,-9999,-9999,-9999,-9999,-9999,-9999,-9999,-9999,-9999,-9999,-9999,-9999,-9999,-9999,-9999,-9999,-9999,-9999,-9999,-9999,-9999,-9999,-9999,-9999,-9999,-9999,-9999,-9999,-9999,-9999,-9999,31.6609325408936,31.4582786560059,29.6391048431396,27.4950942993164,24.6021614074707,22.8422698974609,22.9612140655518,22.7869892120361,22.3398857116699,24.0018424987793,26.588716506958,26.7892932891846,26.3897190093994,27.8638305664063,29.4120693206787,30.6955890655518,31.6454372406006,31.2581195831299,-9999,-9999,-9999
-9999,-9999,-9999,-9999,-9999,-9999,-9999,-9999,-9999,-9999,-9999,-9999,-9999,-9999,-9999,-9999,-9999,-9999,-9999,-9999,-9999,-9999,-9999,-9999,-9999,-9999,-9999,-9999,-9999,-9999,-9999,-9999,-9999,-9999,-9999,-9999,-9999,-9999,-9999,-9999,-9999,-9999,-9999,-9999,-9999,-9999,-9999,-9999,-9999,-9999,-9999,-9999,-9999,-9999,-9999,-9999,-9999,-9999,-9999,-9999,-9999,-9999,-9999,-9999,-9999,-9999,-9999,-9999,-9999,-9999,-9999,-9999,-9999,-9999,-9999,-9999,-9999,-9999,-9999,-9999,-9999,-9999,-9999,-9999,-9999,-9999,-9999,-9999,-9999,-9999,-9999,-9999,-9999,-9999,-9999,-9999,-9999,-9999,-9999,-9999,-9999,-9999,-9999,-9999,-9999,-9999,-9999,-9999,-9999,-9999,-9999,-9999,-9999,-9999,-9999,-9999,-9999,-9999,-9999,-9999,-9999,-9999,-9999,-9999,-9999,-9999,-9999,-9999,-9999,-9999,-9999
-9999,-9999,-9999,-9999,-9999,-9999,-9999,-9999,-9999,-9999,-9999,-9999,-9999,-9999,-9999,-9999,-9999,-9999,-9999,-9999,-9999,-9999,-9999,-9999,-9999,-9999,-9999,-9999,-9999,-9999,-9999,-9999,-9999,-9999,-9999,-9999,-9999,-9999,-9999,-9999,-9999,-9999,-9999,-9999,-9999,-9999,-9999,-9999,-9999,-9999,-9999,-9999,-9999,-9999,-9999,-9999,-9999,-9999,-9999,-9999,-9999,-9999,-9999,-9999,-9999,-9999,-9999,-9999,-9999,-9999,-9999,-9999,-9999,-9999,-9999,-9999,-9999,-9999,-9999,-9999,-9999,-9999,-9999,-9999,-9999,-9999,-9999,-9999,-9999,-9999,-9999,-9999,-9999,-9999,-9999,-9999,-9999,-9999,-9999,-9999,-9999,-9999,-9999,-9999,-9999,-9999,-9999,-9999,-9999,-9999,-9999,-9999,-9999,-9999,-9999,-9999,-9999,-9999,-9999,-9999,-9999,-9999,-9999,-9999,-9999,-9999,-9999,-9999,-9999,-9999,-9999

Step,157
Year,13.08333
-9999,-9999,-9999,-9999,-9999,-9999,-9999,-9999,-9999,-9999,-9999,-9999,-9999,-9999,-9999,-9999,-9999,-9999,-9999,-9999,-9999,-9999,-9999,-9999,-9999,-9999,-9999,-9999,-9999,-9999,-9999,-9999,-9999,-9999,-9999,-9999,-9999,-9999,-9999,-9999,-9999,-9999,-9999,-9999,-9999,-9999,-9999,-9999,-9999,-9999,-9999,-9999,-9999,-9999,-9999,-9999,-9999,-9999,-9999,-9999,-9999,-9999,-9999,-9999,-9999,-9999,-9999,-9999,-9999,-9999,-9999,-9999,-9999,-9999,-9999,-9999,-9999,-9999,-9999,-9999,-9999,-9999,-9999,-9999,-9999,-9999,-9999,-9999,-9999,-9999,-9999,-9999,-9999,-9999,-9999,-9999,-9999,-9999,-9999,-9999,-9999,-9999,-9999,-9999,-9999,-9999,-9999,-9999,-9999,-9999,-9999,-9999,-9999,-9999,-9999,-9999,-9999,-9999,-9999,-9999,-9999,-9999,-9999,-9999,-9999,-9999,-9999,-9999,-9999,-9999,-9999
-9999,-9999,-9999,-9999,-9999,-9999,-9999,-9999,-9999,-9999,-9999,-9999,-9999,-9999,-9999,-9999,-9999,-9999,-9999,-9999,-9999,-9999,-9999,-9999,-9999,-9999,-9999,-9999,-9999,-9999,-9999,-9999,-9999,-9999,-9999,-9999,-9999,-9999,-9999,-9999,-9999,-9999,-9999,-9999,-9999,-9999,-9999,-9999,-9999,-9999,-9999,-9999,-9999,-9999,-9999,-9999,-9999,-9999,-9999,-9999,-9999,-9999,-9999,-9999,-9999,-9999,-9999,-9999,-9999,-9999,-9999,-9999,-9999,-9999,-9999,-9999,-9999,-9999,-9999,-9999,-9999,-9999,-9999,-9999,-9999,-9999,-9999,-9999,-9999,-9999,-9999,-9999,-9999,-9999,-9999,-9999,-9999,-9999,-9999,-9999,-9999,-9999,-9999,-9999,-9999,-9999,-9999,-9999,-9999,-9999,-9999,-9999,-9999,-9999,-9999,-9999,-9999,-9999,-9999,-9999,-9999,-9999,-9999,-9999,-9999,-9999,-9999,-9999,-9999,-9999,-9999
-9999,-9999,-9999,-9999,-9999,-9999,-9999,-9999,-9999,-9999,-9999,-9999,-9999,-9999,-9999,-9999,-9999,-9999,-9999,-9999,-9999,-9999,-9999,-9999,-9999,-9999,-9999,-9999,-9999,-9999,-9999,-9999,-9999,-9999,-9999,-9999,-9999,-9999,-9999,-9999,-9999,-9999,-9999,-9999,-9999,-9999,-9999,-9999,-9999,-9999,-9999,-9999,-9999,-9999,-9999,-9999,-9999,-9999,-9999,-9999,-9999,-9999,-9999,-9999,-9999,-9999,-9999,-9999,-9999,-9999,-9999,-9999,-9999,-9999,37.0376815795898,37.677619934082,-9999,-9999,-9999,-9999,-9999,-9999,-9999,-9999,-9999,-9999,-9999,-9999,-9999,-9999,-9999,-9999,-9999,-9999,-9999,-9999,-9999,-9999,-9999,-9999,-9999,-9999,-9999,-9999,-9999,-9999,-9999,-9999,-9999,-9999,-9999,-9999,-9999,-9999,-9999,-9999,-9999,-9999,-9999,-9999,-9999,-9999,-9999,-9999,-9999,-9999,-9999,-9999,-9999,-9999,-9999
-9999,-9999,-9999,-9999,-9999,-9999,-9999,-9999,-9999,-9999,-9999,-9999,-9999,-9999,-9999,-9999,-9999,-9999,-9999,-9999,-9999,-9999,-9999,-9999,-9999,-9999,-9999,-9999,-9999,-9999,-9999,-9999,-9999,-9999,-9999,-9999,-9999,-9999,-9999,-9999,-9999,-9999,-9999,-9999,-9999,-9999,-9999,-9999,-9999,-9999,-9999,-9999,-9999,-9999,-9999,-9999,-9999,-9999,-9999,-9999,-9999,-9999,-9999,-9999,-9999,-9999,-9999,-9999,-9999,-9999,-9999,-9999,-9999,-9999,38.0779914855957,37.6879959106445,-9999,-9999,-9999,-9999,-9999,-9999,-9999,-9999,-9999,-9999,-9999,-9999,-9999,-9999,-9999,-9999,-9999,-9999,-9999,-9999,-9999,-9999,-9999,-9999,-9999,-9999,-9999,-9999,-9999,-9999,-9999,-9999,-9999,-9999,-9999,-9999,-9999,-9999,-9999,-9999,-9999,-9999,-9999,-9999,-9999,-9999,-9999,-9999,-9999,-9999,-9999,-9999,-9999,-9999,-9999
-9999,-9999,-9999,-9999,-9999,-9999,-9999,-9999,-9999,-9999,-9999,-9999,-9999,-9999,-9999,-9999,-9999,-9999,-9999,-9999,-9999,-9999,-9999,-9999,-9999,-9999,-9999,-9999,-9999,-9999,-9999,-9999,-9999,-9999,-9999,-9999,-9999,-9999,-9999,-9999,-9999,-9999,-9999,-9999,-9999,-9999,-9999,-9999,-9999,-9999,-9999,-9999,-9999,-9999,-9999,-9999,6.17604546063882E-13,1.09018065685973E-08,1.08184234903774E-08,1.08032969237115E-08,-9999,-9999,-9999,-9999,-9999,38.6793365478516,38.5557670593262,39.5969161987305,40.0165519714355,37.2505264282227,35.8671188354492,32.729549407959,32.4746780395508,31.9698905944824,35.5639915466309,34.4009399414063,32.9547653198242,-9999,-9999,25.2405738830566,23.8847198486328,23.0185852050781,23.6362056732178,30.4523448944092,33.4870071411133,35.5095634460449,35.3870239257813,33.1582794189453,25.0335006713867,-9999,-9999,-9999,-9999,-9999,-9999,-9999,-9999,-9999,-9999,-9999,-9999,-9999,-9999,-9999,-9999,-9999,-9999,-9999,-9999,-9999,-9999,-9999,-9999,-9999,-9999,-9999,-9999,-9999,-9999,-9999,-9999,-9999,-9999,-9999,-9999,-9999,-9999,-9999,-9999,-9999,-9999
-9999,-9999,-9999,-9999,-9999,-9999,-9999,-9999,-9999,-9999,-9999,-9999,-9999,-9999,-9999,-9999,-9999,-9999,-9999,-9999,-9999,-9999,-9999,-9999,-9999,-9999,-9999,-9999,-9999,-9999,-9999,-9999,-9999,-9999,-9999,-9999,-9999,-9999,-9999,-9999,-9999,-9999,-9999,-9999,-9999,-9999,-9999,-9999,-9999,-9999,-9999,-9999,-9999,-9999,-9999,7.13308643922328E-13,2.48509373079742E-08,0.000671707617584616,0.000667975924443454,0.000667282962240279,0.00136915408074856,44.7353858947754,-9999,44.0445976257324,42.213924407959,41.7045707702637,40.8014259338379,40.3287467956543,39.8765602111816,39.3541259765625,36.2031555175781,35.2380905151367,36.0015716552734,34.9803276062012,34.6483268737793,35.080005645752,33.8061332702637,33.3940658569336,32.1673545837402,29.6904258728027,26.3484745025635,23.6389636993408,26.7147235870361,29.8379001617432,34.0539398193359,36.4551620483398,36.242504119873,34.1056671142578,28.6429882049561,22.5009517669678,15.9726657867432,-9999,-9999,-9999,-9999,-9999,-9999,-9999,-9999,-9999,-9999,-9999,-9999,-9999,-9999,-9999,-9999,-9999,-9999,-9999,-9999,-9999,-9999,-9999,-9999,-9999,-9999,-9999,-9999,-9999,-9999,-9999,-9999,-9999,-9999,-9999,-9999,-9999,-9999,-9999,-9999
-9999,-9999,-9999,-9999,-9999,-9999,-9999,-9999,-9999,-9999,-9999,-9999,-9999,-9999,-9999,-9999,-9999,-9999,-9999,-9999,-9999,-9999,-9999,-9999,-9999,-9999,-9999,-9999,-9999,-9999,-9999,-9999,-9999,-9999,-9999,-9999,-9999,-9999,-9999,-9999,-9999,-9999,-9999,-9999,-9999,-9999,-9999,-9999,-9999,-9999,-9999,-9999,-9999,-9999,-9999,1.44846312721825E-08,0.000772458617575467,45.8839569091797,45.826358795166,45.8766098022461,46.0323066711426,45.3991241455078,44.6905670166016,44.602611541748,42.4618873596191,42.0289611816406,40.4933242797852,40.382438659668,39.5993156433105,38.547794342041,37.4477119445801,37.1642036437988,36.7544326782227,36.476863861084,36.0918121337891,35.7213516235352,34.8374099731445,33.7009620666504,31.8348178863525,29.5301361083984,26.689754486084,24.1399841308594,27.6813850402832,31.9373111724854,35.9506416320801,37.7463874816895,37.2974128723145,34.9668350219727,29.2729434967041,22.7595176696777,15.8795013427734,13.9464406967163,18.0745220184326,-9999,-9999,-9999,-9999,-9999,-9999,-9999,-9999,-9999,29.6305751800537,30.1797294616699,32.482250213623,-9999,-9999,-9999,-9999,-9999,-9999,-9999,-9999,-9999,-9999,-9999,-9999,-9999,-9999,-9999,-9999,-9999,-9999,-9999,-9999,-9999,-9999,-9999,-9999,-9999,-9999
-9999,-9999,-9999,-9999,-9999,-9999,-9999,-9999,-9999,-9999,-9999,-9999,-9999,-9999,-9999,-9999,-9999,-9999,-9999,-9999,-9999,-9999,-9999,-9999,-9999,-9999,-9999,-9999,-9999,-9999,-9999,39.3213539123535,-9999,-9999,-9999,40.1912651062012,-9999,-9999,-9999,-9999,-9999,-9999,-9999,-9999,-9999,-9999,-9999,-9999,-9999,-9999,-9999,-9999,-9999,-9999,-9999,-9999,-9999,45.4519157409668,45.6774711608887,45.7762680053711,-9999,46.1722984313965,45.6268119812012,44.6409072875977,43.3109741210938,41.6700744628906,41.4933891296387,40.5929222106934,40.1250228881836,37.5916595458984,36.7540855407715,37.8209075927734,38.2425804138184,37.6242485046387,37.0339736938477,36.5884094238281,35.8244323730469,34.8663215637207,34.5806465148926,34.578369140625,32.7415046691895,31.6152057647705,34.7328987121582,36.7968368530273,39.5542068481445,40.7919807434082,39.7778244018555,37.4729194641113,32.9354934692383,29.3528118133545,27.3123035430908,22.5992603302002,16.8639068603516,20.0578861236572,-9999,-9999,-9999,-9999,-9999,-9999,-9999,-9999,34.2050704956055,36.1723327636719,35.366382598877,34.0322113037109,33.5088996887207,-9999,-9999,-9999,-9999,-9999,-9999,-9999,-9999,-9999,-9999,-9999,-9999,-9999,-9999,-9999,-9999,-9999,-9999,-9999,-9999,-9999,-9999,-9999,-9999
-9999,-9999,-9999,-9999,-9999,-9999,-9999,-9999,-9999,-9999,-9999,-9999,-9999,-9999,-9999,-9999,-9999,-9999,-9999,-9999,-9999,-9999,-9999,-9999,-9999,-9999,-9999,-9999,-9999,-9999,38.5232086181641,38.5890884399414,-9999,-9999,40.3141746520996,40.1490631103516,-9999,-9999,36.3961753845215,38.2702751159668,-9999,-9999,-9999,-9999,-9999,41.3593444824219,-9999,-9999,-9999,-9999,-9999,-9999,-9999,-9999,-9999,-9999,-9999,-9999,-9999,-9999,-9999,46.0308952331543,46.5014915466309,44.7676162719727,43.4609260559082,42.4097061157227,40.6700248718262,39.8523788452148,38.6925392150879,36.5576210021973,35.4277687072754,38.4595413208008,39.8583946228027,39.3376731872559,38.6321601867676,37.9783210754395,37.331974029541,36.272274017334,37.571159362793,39.334529876709,39.7227516174316,38.8281135559082,39.7604560852051,40.7255401611328,41.8741912841797,42.3167610168457,41.4337768554688,39.7032508850098,36.4544525146484,35.6221122741699,36.7690620422363,30.0021324157715,18.0923233032227,20.0702018737793,24.317476272583,-9999,-9999,-9999,-9999,-9999,34.8937072753906,35.1426048278809,35.4962768554688,36.0521697998047,36.5806274414063,37.1678085327148,35.426155090332,31.9328212738037,-9999,-9999,-9999,-9999,-9999,-9999,-9999,-9999,-9999,-9999,-9999,-9999,-9999,-9999,-9999,-9999,-9999,-9999,-9999,-9999,-9999,-9999,-9999
-9999,-9999,-9999,-9999,-9999,-9999,-9999,-9999,-9999,-9999,-9999,-9999,-9999,-9999,-9999,-9999,-9999,-9999,-9999,-9999,-9999,-9999,-9999,38.7875938415527,39.0517349243164,-9999,-9999,-9999,-9999,38.659797668457,38.4035758972168,38.6321563720703,37.6898307800293,39.3610000610352,39.7310447692871,39.6830673217773,36.8364601135254,35.9781837463379,36.1638984680176,-9999,38.9246063232422,41.0925407409668,-9999,-9999,40.7474822998047,41.6070251464844,41.9453125,42.8877487182617,-9999,-9999,-9999,-9999,-9999,-9999,-9999,-9999,-9999,41.6496810913086,43.8648719787598,-9999,-9999,-9999,44.900691986084,44.7655639648438,43.8802070617676,42.1450958251953,41.7712707519531,40.9410133361816,39.4619750976563,35.8822479248047,34.4064140319824,37.6242561340332,39.8790740966797,40.0824737548828,39.9398612976074,39.3942756652832,38.6234283447266,37.6723594665527,37.8434257507324,39.4680786132813,39.9122467041016,39.9457588195801,40.9747886657715,41.834789276123,42.2509422302246,42.3924827575684,42.0340042114258,40.9298706054688,38.3491973876953,36.5124282836914,35.8506088256836,31.2251644134521,23.8932647705078,23.4114151000977,24.2113761901855,21.3396644592285,20.820764541626,22.259204864502,22.8311405181885,24.8111839294434,29.5405673980713,34.9141235351563,35.0403671264648,35.574462890625,36.678596496582,37.3502197265625,37.5982093811035,35.3179244995117,33.2751083374023,34.3905639648438,-9999,-9999,-9999,-9999,-9999,-9999,-9999,-9999,-9999,-9999,-9999,-9999,-9999,-9999,-9999,-9999,-9999,-9999,-9999,-9999,-9999
-9999,-9999,-9999,-9999,-9999,-9999,-9999,-9999,-9999,-9999,-9999,-9999,-9999,-9999,-9999,-9999,-9999,-9999,-9999,-9999,-9999,-9999,38.8089408874512,38.472541809082,37.6557197570801,40.012939453125,40.7509613037109,37.4205131530762,37.75390625,38.0676383972168,38.0774345397949,37.5551109313965,37.6009521484375,38.3199615478516,39.0600776672363,37.810604095459,35.0971336364746,35.3718566894531,35.5774917602539,36.023868560791,37.6237487792969,39.595531463623,40.6972846984863,40.8398323059082,40.9635162353516,41.1390838623047,42.121265411377,43.2720947265625,42.7584762573242,-9999,-9999,-9999,-9999,-9999,-9999,-9999,-9999,39.7929534912109,40.4538078308105,42.2992630004883,-9999,-9999,43.5743026733398,44.7643432617188,45.3403701782227,43.9755859375,42.3946418762207,40.7510528564453,38.1364135742188,34.8154296875,33.67333984375,37.4453201293945,39.1929244995117,40.9529304504395,41.2154159545898,40.4527969360352,39.7637176513672,39.3785095214844,39.3101539611816,38.6705513000488,39.8841438293457,41.0340576171875,42.0082893371582,42.7053031921387,42.5643157958984,42.4687309265137,42.4694519042969,41.8396224975586,40.3638496398926,37.9537544250488,34.8000869750977,31.678524017334,28.5329818725586,25.8368015289307,23.5629730224609,22.2467041015625,21.9383010864258,24.0643196105957,24.2399959564209,23.7348976135254,26.0178451538086,32.3580894470215,35.3772926330566,35.9065971374512,36.4850921630859,37.0104293823242,37.6609344482422,38.5416641235352,37.0933494567871,34.6196899414063,-9999,-9999,-9999,-9999,-9999,-9999,-9999,-9999,-9999,-9999,-9999,-9999,-9999,-9999,-9999,-9999,-9999,-9999,-9999,-9999,-9999
-9999,-9999,-9999,-9999,-9999,-9999,-9999,-9999,-9999,-9999,-9999,-9999,-9999,-9999,-9999,-9999,-9999,-9999,-9999,-9999,-9999,-9999,39.3321189880371,37.9965705871582,37.6181335449219,39.4875526428223,41.6184921264648,41.7244148254395,37.3313636779785,36.6919593811035,38.0314521789551,38.1178398132324,37.0917701721191,37.4935646057129,37.6845245361328,36.457275390625,35.5232620239258,35.1023216247559,34.7757110595703,35.4769668579102,36.6124114990234,38.6926727294922,40.178955078125,40.4485473632813,40.6806259155273,41.2641983032227,41.2985305786133,42.7501831054688,43.3535652160645,42.772102355957,42.7004013061523,-9999,-9999,-9999,-9999,-9999,-9999,-9999,39.6239013671875,40.6909141540527,42.3199501037598,42.5618515014648,43.2115783691406,44.1616477966309,45.4316177368164,43.7511367797852,41.9803619384766,38.348934173584,35.0655174255371,33.2567367553711,34.5294036865234,38.558277130127,40.7367362976074,41.7635231018066,42.1348686218262,42.1842155456543,41.8633232116699,41.4513397216797,40.8947830200195,40.0803565979004,41.0858306884766,42.0438652038574,42.3696479797363,42.6158409118652,42.5886878967285,42.5732917785645,42.5812759399414,42.019889831543,40.8055953979492,38.1352195739746,33.5574226379395,31.9235973358154,30.8850154876709,25.5183010101318,19.4154224395752,20.4155979156494,21.2859687805176,23.0839958190918,24.3217754364014,23.8165588378906,26.3832454681396,33.0169715881348,36.731689453125,38.467658996582,37.9635467529297,35.982364654541,36.6751708984375,38.3534393310547,38.2224464416504,36.0403823852539,38.4763793945313,-9999,-9999,-9999,-9999,-9999,-9999,-9999,-9999,-9999,-9999,-9999,-9999,-9999,-9999,-9999,-9999,-9999,-9999,-9999,-9999
-9999,-9999,-9999,-9999,-9999,-9999,-9999,-9999,-9999,-9999,-9999,-9999,-9999,-9999,-9999,-9999,-9999,-9999,-9999,-9999,-9999,-9999,39.2068214416504,38.8006820678711,36.7347526550293,36.1512107849121,42.2163238525391,44.2690505981445,40.3479270935059,38.5147552490234,38.5666007995605,38.347297668457,37.992317199707,37.5962448120117,37.27294921875,36.6790657043457,36.1983261108398,35.8621520996094,35.740650177002,36.3127632141113,37.0168342590332,38.3286552429199,39.2744522094727,39.680549621582,39.990852355957,40.1224555969238,40.1571884155273,40.4392700195313,41.2578430175781,42.6102066040039,42.6120719909668,-9999,-9999,-9999,-9999,39.687614440918,39.4497909545898,38.8812141418457,38.9700012207031,39.823860168457,41.0440330505371,42.1192169189453,42.8386573791504,44.4694786071777,44.3977966308594,42.6361770629883,41.3914070129395,36.6264228820801,33.9351348876953,35.3611221313477,36.6532974243164,40.0951347351074,42.1562652587891,43.1610870361328,43.5236320495605,43.3335990905762,42.9272613525391,42.4080543518066,41.8339462280273,41.2414474487305,41.9769287109375,42.6543807983398,42.5730819702148,42.5197868347168,42.5698394775391,42.599178314209,42.5886116027832,42.1435241699219,41.2047653198242,38.7052688598633,34.6654205322266,34.1806488037109,35.3718795776367,29.3298015594482,20.7851409912109,22.1534080505371,23.1324405670166,24.6548480987549,26.0890846252441,25.7560482025146,28.0995845794678,33.9799041748047,37.884220123291,40.5397186279297,39.476390838623,36.1473159790039,37.1500511169434,39.4241409301758,40.0685234069824,39.4969749450684,39.2754135131836,40.5393142700195,-9999,-9999,-9999,-9999,-9999,-9999,-9999,-9999,-9999,-9999,-9999,-9999,-9999,-9999,-9999,-9999,-9999,-9999,-9999
-9999,-9999,-9999,-9999,-9999,-9999,-9999,-9999,-9999,-9999,-9999,-9999,-9999,-9999,-9999,-9999,-9999,-9999,-9999,-9999,-9999,37.5323219299316,39.0607223510742,38.2174186706543,35.9465217590332,35.4978637695313,41.9408493041992,44.5092620849609,43.1285820007324,42.1933975219727,41.7990684509277,41.5079650878906,41.2394752502441,41.0110855102539,40.6595077514648,40.1886177062988,39.6818084716797,39.4383773803711,39.2799606323242,39.4894104003906,39.2128257751465,37.3511619567871,36.931037902832,38.2813034057617,38.8799018859863,39.2009582519531,39.4309005737305,39.4033164978027,39.5911560058594,40.0205268859863,39.9188461303711,40.2306365966797,40.2947044372559,39.9317855834961,39.963939666748,39.7393379211426,39.2601928710938,39.0770988464355,39.109317779541,38.8854446411133,38.1892318725586,38.4823532104492,40.1714859008789,42.5808944702148,44.6584396362305,43.199146270752,40.2153549194336,35.1875991821289,35.5779914855957,39.5696716308594,42.252799987793,43.2095603942871,43.6987648010254,43.7100982666016,43.5763626098633,43.3319854736328,43.033016204834,42.711555480957,42.4158935546875,42.1234397888184,42.240909576416,42.3629951477051,42.3887214660645,42.4159202575684,42.4503326416016,42.4340972900391,42.3225402832031,42.1001510620117,41.7540054321289,40.9269409179688,39.734073638916,39.7473831176758,40.1375541687012,37.7247772216797,33.7679901123047,31.2006549835205,29.1471214294434,29.8323802947998,30.9477996826172,30.6048622131348,32.2279090881348,35.2862548828125,38.3485527038574,41.3451347351074,41.1312446594238,39.0662269592285,41.0362167358398,43.6897277832031,42.2646484375,40.1079254150391,40.5802230834961,39.5050277709961,38.2441024780273,37.5772743225098,-9999,-9999,-9999,-9999,-9999,-9999,-9999,-9999,-9999,-9999,-9999,-9999,-9999,-9999,-9999,-9999,-9999
-9999,-9999,-9999,-9999,-9999,-9999,-9999,-9999,-9999,-9999,-9999,-9999,-9999,-9999,-9999,-9999,-9999,-9999,-9999,-9999,-9999,35.8853988647461,35.5093536376953,36.6356048583984,36.1375579833984,37.0124778747559,41.4893646240234,43.7660331726074,43.5102996826172,43.1927032470703,42.6161918640137,42.3177452087402,42.1013259887695,41.9674453735352,41.609073638916,41.2506065368652,40.8301620483398,40.5054626464844,40.3119773864746,40.3520050048828,39.8510818481445,38.0494499206543,37.1292991638184,37.6411094665527,38.1249313354492,38.705394744873,39.1964721679688,39.7080345153809,39.4564666748047,39.1692314147949,39.4409294128418,39.4770851135254,39.4439010620117,39.4726905822754,39.5065460205078,38.9129638671875,38.4862022399902,38.0084075927734,37.6441955566406,36.693359375,36.5802268981934,38.1533393859863,38.8634910583496,39.3253936767578,42.896541595459,42.0693778991699,41.6930541992188,36.0652389526367,38.0080070495605,42.196475982666,44.5831413269043,44.3830680847168,44.1092834472656,43.7449531555176,-9999,-9999,-9999,-9999,-9999,-9999,-9999,42.0770950317383,42.1355323791504,42.1921119689941,42.2407836914063,42.2149772644043,42.0488624572754,41.9297714233398,41.8623809814453,41.8322372436523,41.8330726623535,41.8031463623047,41.7610816955566,41.2059097290039,39.7352905273438,35.6558151245117,32.3376159667969,33.0867347717285,33.4960098266602,32.4352798461914,32.2674713134766,33.8252906799316,36.5954895019531,39.9863014221191,40.6976127624512,40.5116844177246,42.4748077392578,44.7986946105957,42.3679809570313,39.2049140930176,40.4696197509766,39.1010093688965,38.471321105957,36.6370735168457,36.8231048583984,-9999,-9999,-9999,-9999,-9999,-9999,-9999,-9999,-9999,-9999,-9999,-9999,-9999,-9999,-9999,-9999
-9999,-9999,-9999,-9999,-9999,-9999,-9999,-9999,-9999,-9999,-9999,-9999,-9999,-9999,-9999,-9999,-9999,-9999,-9999,33.8189544677734,34.5562629699707,34.0458374023438,33.4444770812988,33.2711753845215,37.0758781433105,39.8953857421875,40.7083053588867,41.1048583984375,40.739143371582,40.3255920410156,39.9732398986816,39.9023628234863,39.840892791748,39.5177383422852,39.2281875610352,38.8712387084961,38.5055198669434,38.3158569335938,38.1110000610352,38.0861968994141,38.7585182189941,40.940486907959,41.3944091796875,39.2610778808594,38.526668548584,39.1930084228516,40.0333518981934,40.9811897277832,39.7366065979004,37.860466003418,38.1669654846191,38.3353729248047,38.2576217651367,38.0837554931641,37.876407623291,37.2756652832031,35.876522064209,34.8285636901855,34.4120712280273,35.4016799926758,37.8985786437988,39.9155197143555,42.0592308044434,41.7638359069824,41.3781051635742,39.5054397583008,40.8423233032227,42.040340423584,42.1818656921387,43.3467864990234,44.029972076416,-9999,-9999,-9999,-9999,-9999,-9999,-9999,-9999,-9999,-9999,-9999,-9999,41.7930603027344,41.9004364013672,41.9181518554688,41.7668266296387,41.5805740356445,41.3548545837402,41.0926971435547,40.8041229248047,40.7157707214355,40.7031135559082,40.7701644897461,40.836181640625,37.3435974121094,33.8252601623535,34.4570922851563,34.1587677001953,28.8423252105713,25.9722080230713,27.7708473205566,30.3558387756348,33.5900115966797,37.4096794128418,40.2485809326172,41.5163955688477,42.3624420166016,39.8024063110352,36.5534439086914,38.6627464294434,40.2569961547852,39.8310775756836,34.9836616516113,36.2708892822266,-9999,-9999,-9999,-9999,-9999,-9999,-9999,-9999,-9999,-9999,-9999,-9999,-9999,-9999,-9999,-9999
-9999,-9999,-9999,-9999,-9999,-9999,-9999,-9999,-9999,-9999,-9999,-9999,-9999,-9999,-9999,-9999,-9999,-9999,31.7620086669922,33.0365753173828,33.0766334533691,35.0654716491699,33.5983619689941,32.7433738708496,36.8063850402832,39.6287612915039,40.393440246582,40.7461814880371,40.1972312927246,39.8799171447754,39.694938659668,39.5910720825195,39.6409454345703,39.3542213439941,38.9721870422363,38.8551902770996,38.5799217224121,38.4813766479492,38.1863288879395,38.1669883728027,39.3063850402832,42.0883293151855,43.0004768371582,40.3336486816406,39.3324165344238,39.8809509277344,40.5892677307129,41.5024642944336,39.8085632324219,37.1204719543457,36.4442901611328,36.0299606323242,35.8335266113281,35.6677169799805,36.7129058837891,36.9873695373535,35.5914268493652,34.3333740234375,34.0185165405273,35.9436721801758,39.2450408935547,41.53662109375,42.9968795776367,43.2306480407715,43.1256713867188,42.8806610107422,42.5066680908203,43.1345596313477,-9999,-9999,-9999,-9999,-9999,-9999,-9999,-9999,-9999,-9999,-9999,-9999,-9999,-9999,-9999,-9999,-9999,41.5933570861816,41.4743118286133,41.2782897949219,40.9967880249023,40.6283645629883,40.1967582702637,40.0336074829102,39.9773139953613,40.2753028869629,40.6442642211914,38.2677307128906,35.8786849975586,35.0753593444824,33.4104766845703,28.6657772064209,24.7967357635498,23.7718257904053,24.9855346679688,27.6708145141602,32.7217483520508,37.651782989502,38.7317352294922,38.9449043273926,38.3651008605957,37.6062316894531,38.502742767334,39.4728927612305,38.8594856262207,36.1608047485352,34.5349044799805,-9999,-9999,-9999,-9999,-9999,-9999,-9999,-9999,-9999,-9999,-9999,-9999,-9999,-9999,-9999,-9999
-9999,-9999,-9999,-9999,-9999,-9999,-9999,-9999,-9999,-9999,-9999,-9999,33.3494529724121,32.0372543334961,-9999,31.5815982818604,33.068058013916,34.576358795166,33.9678611755371,31.3717937469482,34.0587615966797,36.9928550720215,36.1558151245117,35.0653839111328,35.8110618591309,37.0500755310059,40.7017135620117,42.5470008850098,42.0587120056152,41.8168067932129,41.7455520629883,41.6441383361816,41.8157272338867,41.4707450866699,41.2260093688965,41.1536598205566,41.0596504211426,40.8930358886719,41.0003967285156,40.5082206726074,40.7455368041992,40.8002166748047,41.2821731567383,40.6723442077637,40.6706581115723,40.9104957580566,41.0205307006836,41.6828994750977,39.9969863891602,37.116828918457,34.7613372802734,32.2809982299805,32.0225219726563,32.4900016784668,35.7455368041992,37.4754829406738,36.4826507568359,35.8105087280273,36.362174987793,38.7235488891602,41.4227066040039,42.644832611084,43.2668876647949,43.3785400390625,43.3519096374512,43.1815872192383,43.0147018432617,-9999,-9999,-9999,-9999,-9999,-9999,-9999,-9999,-9999,-9999,-9999,-9999,-9999,-9999,-9999,-9999,-9999,-9999,-9999,41.171443939209,41.0161361694336,40.7682075500488,40.4082069396973,39.9701690673828,39.7255592346191,39.5525970458984,39.7213859558105,39.9492683410645,39.0711975097656,37.9877548217773,35.323844909668,32.4153137207031,30.7679023742676,27.8236808776855,22.6240196228027,21.1114120483398,23.1920127868652,27.2060298919678,31.9878425598145,33.5776443481445,34.5281295776367,38.1677742004395,41.3139839172363,39.6370811462402,38.4706420898438,39.6107521057129,36.5626831054688,34.9149017333984,-9999,-9999,-9999,-9999,-9999,-9999,-9999,-9999,-9999,-9999,-9999,-9999,-9999,-9999,-9999,-9999
-9999,-9999,-9999,-9999,-9999,-9999,-9999,-9999,-9999,-9999,30.8810806274414,32.7014236450195,34.3499488830566,31.9797801971436,31.6557674407959,29.5625762939453,31.6652889251709,36.020378112793,35.4466514587402,33.0501670837402,35.6840362548828,38.9152297973633,38.5317573547363,37.7222290039063,37.30810546875,37.5359802246094,40.4477806091309,41.8437156677246,41.6467514038086,41.8079566955566,43.2168197631836,43.3091087341309,43.1504745483398,43.0561027526855,42.7198829650879,42.5041351318359,42.8281211853027,42.3394088745117,42.053337097168,41.8433837890625,41.7638702392578,41.3894424438477,41.3341102600098,41.444408416748,41.4142303466797,41.7821807861328,41.9813537597656,42.320125579834,41.4694480895996,39.8046722412109,36.5956268310547,33.5341529846191,33.625789642334,33.7674560546875,36.2630615234375,38.118293762207,37.5320167541504,38.0125274658203,38.2199668884277,39.8576545715332,41.8180618286133,42.5959815979004,42.9123458862305,42.9563751220703,42.9337692260742,42.8481941223145,-9999,-9999,-9999,-9999,-9999,-9999,-9999,-9999,-9999,-9999,-9999,-9999,-9999,-9999,-9999,-9999,-9999,-9999,-9999,-9999,-9999,40.7116928100586,40.4618072509766,40.1227378845215,39.7216529846191,39.4756469726563,39.2844772338867,39.3524360656738,39.4606742858887,39.3112487792969,38.8946495056152,36.404899597168,33.5795059204102,31.9416427612305,29.4136867523193,25.0450210571289,22.0033073425293,20.6369361877441,23.4377346038818,27.1246128082275,30.4406642913818,33.1809234619141,36.9941139221191,40.2464065551758,38.0673751831055,36.3226509094238,38.114315032959,35.5157737731934,33.4612197875977,-9999,-9999,-9999,-9999,-9999,-9999,-9999,-9999,-9999,-9999,-9999,-9999,-9999,-9999,-9999,-9999
-9999,-9999,-9999,-9999,-9999,-9999,-9999,-9999,27.762300491333,28.9132022857666,29.1602153778076,28.9631996154785,30.2191390991211,32.189453125,31.4747753143311,29.6553230285645,31.7870788574219,36.3793640136719,36.3883934020996,35.0246849060059,37.7327537536621,40.3522644042969,40.3805160522461,39.4246215820313,39.4439125061035,39.1950759887695,39.2355880737305,39.2018890380859,39.0524826049805,40.5450859069824,43.1724014282227,44.2139892578125,44.2594337463379,44.1754722595215,44.1682929992676,43.9146728515625,43.7129898071289,43.3941383361816,43.3280220031738,43.1245880126953,42.8304328918457,42.6246185302734,42.4841384887695,42.4349136352539,42.3428993225098,42.3462104797363,42.4157371520996,42.4212265014648,42.469165802002,42.5337142944336,40.4376792907715,38.0220031738281,37.9556274414063,38.0936088562012,38.2899398803711,38.6453285217285,38.2888221740723,38.6757011413574,40.2141189575195,41.382396697998,41.9251251220703,42.1907806396484,-9999,-9999,-9999,-9999,-9999,-9999,-9999,-9999,-9999,-9999,-9999,-9999,-9999,-9999,-9999,-9999,-9999,-9999,-9999,-9999,-9999,-9999,-9999,-9999,-9999,-9999,40.1134300231934,39.8017501831055,39.4625473022461,39.2555465698242,39.0968780517578,39.070182800293,39.0649795532227,39.2872581481934,39.3104629516602,37.8428344726563,35.8235168457031,32.5960006713867,30.1348342895508,29.1001777648926,25.817211151123,20.3172378540039,19.7110710144043,22.5755519866943,28.5836391448975,33.4987487792969,35.3288078308105,36.5600318908691,35.1543579101563,34.2580184936523,36.5497016906738,34.7075691223145,33.1752548217773,-9999,-9999,-9999,-9999,-9999,-9999,-9999,-9999,-9999,-9999,-9999,-9999,-9999,-9999,-9999,-9999
-9999,-9999,-9999,-9999,-9999,-9999,-9999,-9999,26.3363456726074,27.7528953552246,28.7348918914795,28.3077087402344,28.4727020263672,29.0001735687256,29.4943103790283,30.5282287597656,33.4844398498535,37.3372077941895,37.7111282348633,36.7026748657227,37.9621124267578,39.2736930847168,40.3603668212891,40.975513458252,40.8734283447266,40.5295295715332,40.1989669799805,39.8157272338867,39.520694732666,40.3150825500488,42.1125984191895,42.6584739685059,42.4926910400391,42.3935050964355,42.1962509155273,42.010929107666,41.918327331543,41.7073211669922,41.5280151367188,41.3022575378418,41.1893539428711,41.0038681030273,41.2265434265137,41.9867210388184,42.2655181884766,42.2006492614746,42.1202087402344,41.9787979125977,42.1094741821289,42.249813079834,41.1791534423828,40.0048446655273,40.2448616027832,40.391414642334,40.2528076171875,40.0454330444336,39.7608337402344,40.1065826416016,40.983341217041,41.5348320007324,41.8404159545898,41.9604949951172,-9999,-9999,-9999,-9999,-9999,-9999,-9999,-9999,-9999,-9999,-9999,-9999,-9999,-9999,-9999,-9999,-9999,-9999,-9999,-9999,-9999,-9999,-9999,-9999,-9999,-9999,-9999,-9999,39.0688819885254,38.9032783508301,38.7806663513184,38.7281494140625,38.683952331543,38.8992233276367,38.9757614135742,38.034912109375,36.7933921813965,34.4583396911621,32.3832015991211,30.4959087371826,27.7875308990479,23.5669975280762,21.3821277618408,20.3128700256348,24.7973175048828,29.9712104797363,31.3073806762695,32.2286567687988,31.6110649108887,31.4140644073486,34.4178314208984,31.2206993103027,30.1199131011963,-9999,-9999,-9999,-9999,-9999,-9999,-9999,-9999,-9999,-9999,-9999,-9999,-9999,-9999,-9999,-9999
-9999,-9999,-9999,-9999,-9999,-9999,20.6374397277832,26.0009689331055,26.3326301574707,26.1756401062012,27.6618499755859,28.450496673584,27.8600692749023,26.1508140563965,27.7014083862305,32.1788444519043,35.9734115600586,39.3283042907715,39.3346366882324,38.4140434265137,37.7810440063477,37.1921920776367,39.9576416015625,42.0123558044434,42.0501518249512,41.9651565551758,41.6155319213867,41.278694152832,40.9019088745117,40.6580581665039,40.3788032531738,40.0884208679199,39.7576942443848,39.5086708068848,39.3097534179688,39.1414985656738,38.942985534668,38.8962631225586,38.8618850708008,38.7395210266113,38.6442451477051,38.5144309997559,39.2300643920898,41.1588821411133,41.9564514160156,41.854663848877,41.596565246582,41.2465744018555,41.0250701904297,40.8176078796387,40.9250793457031,41.0690841674805,41.2742156982422,41.4687194824219,41.4764175415039,41.400821685791,41.126953125,40.9757690429688,40.9946975708008,41.2536811828613,41.7025184631348,-9999,-9999,-9999,-9999,-9999,-9999,-9999,-9999,-9999,-9999,-9999,-9999,-9999,-9999,-9999,-9999,-9999,-9999,-9999,-9999,-9999,-9999,-9999,-9999,-9999,-9999,-9999,-9999,-9999,-9999,-9999,-9999,38.3647270202637,38.3039970397949,38.4137268066406,38.4474296569824,37.9345169067383,37.3766899108887,36.5659027099609,34.8193435668945,31.267333984375,28.9608039855957,28.15553855896,24.6671333312988,18.7342300415039,20.3407249450684,24.54150390625,25.6732425689697,26.9823436737061,27.3123207092285,28.3579273223877,32.2519798278809,29.9402618408203,-9999,-9999,-9999,-9999,-9999,-9999,-9999,-9999,-9999,-9999,-9999,-9999,-9999,-9999,-9999,-9999,-9999
-9999,-9999,-9999,-9999,-9999,-9999,26.1075859069824,26.2380828857422,25.9005260467529,25.9409675598145,26.0929508209229,28.8840675354004,31.0393600463867,32.0396499633789,33.147029876709,34.7495880126953,37.2778205871582,40.0409622192383,40.1588745117188,39.3283233642578,38.8504943847656,38.3156127929688,40.3995094299316,42.0939178466797,42.0765113830566,41.925724029541,41.7222785949707,41.5288352966309,41.1755828857422,40.7987213134766,40.3636169433594,40.1079559326172,39.8402442932129,39.5568428039551,39.2740516662598,39.4615249633789,39.7017669677734,39.6497840881348,39.5837020874023,39.4310188293457,39.2938346862793,39.2203788757324,39.6070518493652,40.6682205200195,41.1289901733398,41.0734901428223,40.8619003295898,40.5517349243164,40.4329490661621,40.3783645629883,40.5004653930664,40.645435333252,40.7374038696289,40.8262329101563,40.8734436035156,40.8576278686523,40.6748657226563,40.5528869628906,40.5128059387207,-9999,-9999,-9999,-9999,-9999,-9999,-9999,-9999,-9999,-9999,-9999,-9999,-9999,-9999,-9999,-9999,-9999,-9999,-9999,-9999,-9999,-9999,-9999,-9999,-9999,-9999,-9999,-9999,-9999,-9999,-9999,-9999,-9999,-9999,-9999,37.8990478515625,37.9592742919922,37.9890975952148,37.8111305236816,37.5360908508301,36.9802017211914,35.9447326660156,34.1032447814941,31.8122959136963,29.1536655426025,26.2677459716797,22.7712135314941,21.3701686859131,21.058666229248,24.1886558532715,27.3591976165771,28.6253814697266,29.8233795166016,31.5433559417725,29.2565727233887,29.9872169494629,28.0640926361084,-9999,-9999,-9999,-9999,-9999,-9999,-9999,-9999,-9999,-9999,-9999,-9999,-9999,-9999,-9999
-9999,-9999,-9999,-9999,25.1422576904297,26.7582454681396,26.2132053375244,25.9920139312744,25.88649559021,25.7227592468262,26.8803787231445,31.2185211181641,34.7386932373047,37.4533004760742,38.3124160766602,37.3093376159668,38.3153800964355,40.4931945800781,40.7133827209473,40.1833305358887,39.7104263305664,39.2282257080078,40.3402481079102,41.3394393920898,41.4309349060059,41.4770126342773,41.3586502075195,41.2169342041016,41.0313110351563,40.7822303771973,40.5016174316406,40.2144470214844,39.9224281311035,39.6129989624023,39.3058624267578,39.8983688354492,40.580997467041,40.498119354248,40.3979148864746,40.1917190551758,40.0215225219727,39.9945373535156,40.006721496582,40.0902633666992,40.1314315795898,40.1343460083008,40.0075607299805,39.8053741455078,39.8681678771973,40.0031509399414,40.0476150512695,40.0760154724121,40.0590744018555,40.056884765625,-9999,-9999,-9999,-9999,-9999,-9999,-9999,-9999,-9999,-9999,-9999,-9999,-9999,-9999,-9999,-9999,-9999,-9999,-9999,-9999,-9999,-9999,-9999,-9999,-9999,-9999,-9999,-9999,-9999,-9999,-9999,-9999,-9999,-9999,-9999,-9999,-9999,-9999,-9999,-9999,-9999,37.5000877380371,37.5310249328613,37.6704292297363,37.6531448364258,37.1659049987793,36.8215446472168,36.6087188720703,34.388557434082,30.001781463623,27.8414077758789,26.7292537689209,22.89577293396,17.925464630127,23.2341823577881,28.2072582244873,29.9398059844971,31.2988510131836,30.9988136291504,22.3964900970459,22.5929698944092,27.8462085723877,29.0107612609863,-9999,-9999,-9999,-9999,-9999,-9999,-9999,-9999,-9999,-9999,-9999,-9999,-9999,-9999
-9999,-9999,-9999,-9999,30.4998607635498,28.2430267333984,27.3562145233154,25.8259429931641,26.2153472900391,28.0337715148926,30.3245506286621,33.5487174987793,36.141544342041,38.1353988647461,39.150936126709,39.2340850830078,39.6669769287109,40.3695068359375,40.1892623901367,39.7034759521484,39.9625015258789,40.3510284423828,40.748291015625,41.0978546142578,41.1110725402832,41.1109924316406,41.0676498413086,40.9887008666992,40.8475379943848,40.6721687316895,40.4596405029297,40.2658920288086,40.0863800048828,39.9314460754395,39.7796401977539,39.9846954345703,40.2311859130859,40.031135559082,39.8196182250977,39.532054901123,39.2867584228516,39.1755523681641,39.1104774475098,39.1172828674316,39.1171264648438,39.1110954284668,39.0318298339844,-9999,-9999,-9999,-9999,-9999,-9999,-9999,-9999,-9999,-9999,-9999,-9999,-9999,-9999,-9999,-9999,-9999,-9999,-9999,-9999,-9999,-9999,-9999,-9999,-9999,-9999,-9999,-9999,-9999,-9999,-9999,-9999,-9999,-9999,-9999,-9999,-9999,-9999,-9999,-9999,-9999,-9999,-9999,-9999,-9999,-9999,-9999,-9999,-9999,37.1359672546387,37.2509498596191,37.2928771972656,37.1240119934082,36.6662673950195,35.671329498291,33.4126014709473,29.8031101226807,27.8404159545898,26.6902885437012,22.3057479858398,16.1948642730713,19.6755352020264,23.6719303131104,25.0379333496094,26.5581760406494,27.1615753173828,28.1828327178955,21.4853820800781,26.6204605102539,24.6962089538574,-9999,-9999,-9999,-9999,-9999,-9999,-9999,-9999,-9999,-9999,-9999,-9999,-9999,-9999
-9999,-9999,-9999,-9999,-9999,30.6951026916504,28.7203140258789,28.6965065002441,27.5125923156738,31.0536231994629,34.1017799377441,35.9580497741699,37.5352897644043,38.7618598937988,39.6930656433105,40.3982772827148,40.3708572387695,39.8405799865723,39.5100708007813,39.2547302246094,-9999,-9999,-9999,-9999,-9999,-9999,-9999,-9999,-9999,-9999,-9999,-9999,-9999,40.0100135803223,39.9649963378906,39.8546142578125,39.7341079711914,39.4394149780273,-9999,-9999,-9999,-9999,-9999,-9999,-9999,-9999,-9999,-9999,-9999,-9999,-9999,-9999,-9999,-9999,-9999,-9999,-9999,-9999,-9999,-9999,-9999,-9999,-9999,-9999,-9999,-9999,-9999,-9999,-9999,-9999,-9999,-9999,-9999,-9999,-9999,-9999,-9999,-9999,-9999,-9999,-9999,-9999,-9999,-9999,-9999,-9999,-9999,-9999,-9999,-9999,-9999,-9999,-9999,-9999,-9999,-9999,36.7480010986328,36.8593406677246,36.964183807373,37.0616073608398,36.5841178894043,35.0960731506348,33.0381202697754,30.3129806518555,28.3831233978271,26.8520202636719,22.132417678833,15.8565397262573,16.9546489715576,18.8926448822021,20.5130424499512,22.1050128936768,23.4534530639648,24.7585926055908,24.8931732177734,22.1353302001953,-9999,-9999,-9999,-9999,-9999,-9999,-9999,-9999,-9999,-9999,-9999,-9999,-9999,-9999,-9999
-9999,-9999,-9999,-9999,-9999,30.3488311767578,30.2985324859619,31.1078224182129,32.5761451721191,36.2434539794922,38.9939575195313,39.4298133850098,39.8193321228027,40.4212760925293,40.6793212890625,40.568229675293,40.188549041748,39.6104965209961,-9999,-9999,-9999,-9999,-9999,-9999,-9999,-9999,-9999,-9999,-9999,-9999,-9999,-9999,-9999,-9999,-9999,-9999,-9999,-9999,-9999,-9999,-9999,-9999,-9999,-9999,-9999,-9999,-9999,-9999,-9999,-9999,-9999,-9999,-9999,-9999,-9999,-9999,-9999,-9999,-9999,-9999,-9999,-9999,-9999,-9999,-9999,-9999,-9999,-9999,-9999,-9999,-9999,-9999,-9999,-9999,-9999,-9999,-9999,-9999,-9999,-9999,-9999,-9999,-9999,-9999,-9999,-9999,-9999,-9999,-9999,-9999,-9999,-9999,-9999,-9999,-9999,-9999,-9999,36.618839263916,36.7914085388184,36.8966064453125,36.8019256591797,36.3678512573242,35.4407653808594,33.9472885131836,31.2485408782959,27.6417427062988,24.4913902282715,21.4658679962158,18.7164916992188,16.057804107666,19.5424518585205,22.0767097473145,20.5934219360352,20.4089546203613,21.6192054748535,18.9681930541992,-9999,-9999,-9999,-9999,-9999,-9999,-9999,-9999,-9999,-9999,-9999,-9999,-9999,-9999,-9999
-9999,-9999,30.6245727539063,30.4592552185059,30.6202907562256,30.0592842102051,30.7438259124756,33.3682746887207,36.3488807678223,39.456428527832,41.6185188293457,41.2782669067383,41.0585784912109,41.2905311584473,41.1040802001953,40.4060668945313,39.7646865844727,-9999,-9999,-9999,-9999,-9999,-9999,-9999,-9999,-9999,-9999,-9999,-9999,-9999,-9999,-9999,-9999,-9999,-9999,-9999,-9999,-9999,-9999,-9999,-9999,-9999,-9999,-9999,-9999,-9999,-9999,-9999,-9999,-9999,-9999,-9999,-9999,-9999,-9999,-9999,-9999,-9999,-9999,-9999,-9999,-9999,-9999,-9999,-9999,-9999,-9999,-9999,-9999,-9999,-9999,-9999,-9999,-9999,-9999,-9999,-9999,-9999,-9999,-9999,-9999,-9999,-9999,-9999,-9999,-9999,-9999,-9999,-9999,-9999,-9999,-9999,-9999,-9999,-9999,-9999,-9999,36.3576202392578,36.5773963928223,36.6786499023438,36.842414855957,37.1012763977051,36.9747734069824,36.3968124389648,33.8452453613281,29.7639007568359,27.0711460113525,25.0099601745605,20.6483535766602,15.6331558227539,18.952169418335,21.0038833618164,17.9239902496338,16.953218460083,21.1448841094971,17.7500114440918,-9999,-9999,-9999,-9999,-9999,-9999,-9999,-9999,-9999,-9999,-9999,-9999,-9999,-9999,-9999
-9999,-9999,-9999,-9999,30.6503639221191,30.2392501831055,30.8630771636963,35.379467010498,39.0618629455566,40.1578979492188,40.8014068603516,40.6490783691406,40.5409889221191,40.6445503234863,40.3221015930176,39.4873390197754,-9999,-9999,-9999,-9999,-9999,-9999,-9999,-9999,-9999,-9999,-9999,-9999,-9999,-9999,-9999,-9999,-9999,-9999,-9999,-9999,-9999,-9999,-9999,-9999,-9999,-9999,-9999,-9999,-9999,-9999,-9999,-9999,-9999,-9999,-9999,-9999,-9999,-9999,-9999,-9999,-9999,-9999,-9999,-9999,-9999,-9999,-9999,-9999,-9999,-9999,-9999,-9999,-9999,-9999,-9999,-9999,-9999,-9999,-9999,-9999,-9999,-9999,-9999,-9999,-9999,-9999,-9999,-9999,-9999,-9999,-9999,-9999,-9999,-9999,-9999,-9999,-9999,-9999,-9999,-9999,-9999,36.0543632507324,36.2739791870117,36.3428726196289,36.4949722290039,36.7756729125977,36.9511375427246,36.978588104248,36.0293884277344,34.366340637207,30.4303359985352,25.5682506561279,22.9957294464111,20.7124786376953,18.8960723876953,17.2011680603027,16.0652351379395,15.9756803512573,17.4842185974121,18.9464454650879,-9999,-9999,-9999,-9999,-9999,-9999,-9999,-9999,-9999,-9999,-9999,-9999,-9999,-9999,-9999
-9999,-9999,-9999,-9999,30.8232612609863,30.8036079406738,31.4890975952148,36.4791030883789,40.4339370727539,40.4734039306641,40.2791900634766,40.368766784668,40.3517112731934,40.151439666748,39.6159591674805,-9999,-9999,-9999,-9999,-9999,-9999,-9999,-9999,-9999,-9999,-9999,-9999,-9999,-9999,-9999,-9999,-9999,-9999,-9999,-9999,-9999,-9999,-9999,-9999,-9999,-9999,-9999,-9999,-9999,-9999,-9999,-9999,-9999,-9999,-9999,-9999,-9999,-9999,-9999,-9999,-9999,-9999,-9999,-9999,-9999,-9999,-9999,-9999,-9999,-9999,-9999,-9999,-9999,-9999,-9999,-9999,-9999,-9999,-9999,-9999,-9999,-9999,-9999,-9999,-9999,-9999,-9999,-9999,-9999,-9999,-9999,-9999,-9999,-9999,-9999,-9999,-9999,-9999,-9999,-9999,-9999,-9999,35.7095108032227,35.9376602172852,35.9806518554688,36.091869354248,36.3037261962891,36.5580787658691,36.8464736938477,36.7578392028809,36.3775177001953,32.1232719421387,25.9641990661621,24.2400093078613,23.0926284790039,18.5246238708496,14.4299077987671,15.4567718505859,15.7827711105347,15.9845743179321,16.7009868621826,13.6436653137207,-9999,-9999,-9999,-9999,-9999,-9999,-9999,-9999,-9999,-9999,-9999,-9999,-9999,-9999
-9999,-9999,-9999,-9999,31.1504287719727,31.0555686950684,32.0919036865234,36.5977096557617,40.4064445495605,40.4277954101563,40.2376899719238,40.5691833496094,40.5722579956055,39.8689117431641,39.0229148864746,-9999,-9999,-9999,-9999,-9999,-9999,-9999,-9999,-9999,-9999,-9999,-9999,-9999,-9999,-9999,-9999,-9999,-9999,-9999,-9999,-9999,-9999,-9999,-9999,-9999,-9999,-9999,-9999,-9999,-9999,-9999,-9999,-9999,-9999,-9999,-9999,-9999,-9999,-9999,-9999,-9999,-9999,-9999,-9999,-9999,-9999,-9999,-9999,-9999,-9999,-9999,-9999,-9999,-9999,-9999,-9999,-9999,-9999,-9999,-9999,-9999,-9999,-9999,-9999,-9999,-9999,-9999,-9999,-9999,-9999,-9999,-9999,-9999,-9999,-9999,-9999,-9999,-9999,-9999,-9999,-9999,-9999,35.3115310668945,35.559700012207,35.5861320495605,35.6134948730469,35.633171081543,35.6781845092773,35.743522644043,35.7095794677734,35.5827484130859,31.7212677001953,26.1398105621338,24.3335971832275,22.935375213623,17.5634918212891,12.77330493927,15.2004566192627,16.7186756134033,17.3687438964844,17.8461093902588,18.5926685333252,14.0857048034668,-9999,-9999,-9999,-9999,-9999,-9999,-9999,-9999,-9999,-9999,-9999,-9999,-9999
-9999,-9999,-9999,-9999,26.7301349639893,31.160083770752,32.5136871337891,35.9795532226563,38.907787322998,39.1261863708496,39.1982192993164,40.0791473388672,40.3753700256348,39.5435180664063,-9999,-9999,-9999,-9999,-9999,-9999,-9999,-9999,-9999,-9999,-9999,-9999,-9999,-9999,-9999,-9999,-9999,-9999,-9999,-9999,-9999,-9999,-9999,-9999,-9999,-9999,-9999,-9999,-9999,-9999,-9999,-9999,-9999,-9999,-9999,-9999,-9999,-9999,-9999,-9999,-9999,-9999,-9999,-9999,-9999,-9999,-9999,-9999,-9999,-9999,-9999,-9999,-9999,-9999,-9999,-9999,-9999,-9999,-9999,-9999,-9999,-9999,-9999,-9999,-9999,-9999,-9999,-9999,-9999,-9999,-9999,-9999,-9999,-9999,-9999,-9999,-9999,-9999,-9999,-9999,-9999,-9999,-9999,34.8770217895508,35.1433753967285,35.1845703125,35.181697845459,35.0972557067871,35.0935668945313,35.1684875488281,34.9976692199707,34.6730041503906,32.469066619873,29.5126476287842,26.3722267150879,22.8474254608154,18.5295715332031,14.6723508834839,15.2722110748291,15.8782863616943,16.5384979248047,17.3468208312988,18.2956657409668,18.9020328521729,16.7615509033203,16.6233806610107,-9999,-9999,-9999,-9999,-9999,-9999,-9999,-9999,-9999,-9999,-9999
-9999,-9999,-9999,-9999,29.2299461364746,31.3776798248291,32.7150077819824,34.3853988647461,36.1620941162109,36.6533889770508,37.3246459960938,39.0353012084961,39.8671607971191,39.1864776611328,-9999,-9999,-9999,-9999,-9999,-9999,-9999,-9999,-9999,-9999,-9999,-9999,-9999,-9999,-9999,-9999,-9999,-9999,-9999,-9999,-9999,-9999,-9999,-9999,-9999,-9999,-9999,-9999,-9999,-9999,-9999,-9999,-9999,-9999,-9999,-9999,-9999,-9999,-9999,-9999,-9999,-9999,-9999,-9999,-9999,-9999,-9999,-9999,-9999,-9999,-9999,-9999,-9999,-9999,-9999,-9999,-9999,-9999,-9999,-9999,-9999,-9999,-9999,-9999,-9999,-9999,-9999,-9999,-9999,-9999,-9999,-9999,-9999,-9999,-9999,-9999,-9999,-9999,-9999,-9999,-9999,-9999,-9999,-9999,34.6952476501465,34.7759666442871,34.7843055725098,34.6677436828613,34.7456932067871,35.0131416320801,34.5600395202637,33.6420288085938,33.9496612548828,34.5390663146973,29.6083106994629,23.1447639465332,21.1227436065674,19.0177326202393,15.5792398452759,13.5168495178223,14.1571941375732,15.5167026519775,17.6495742797852,18.9162788391113,19.0218296051025,-9999,-9999,-9999,-9999,-9999,-9999,-9999,-9999,-9999,-9999,-9999,-9999
-9999,-9999,-9999,-9999,28.6680889129639,30.6846351623535,30.6343822479248,31.134952545166,32.3279991149902,34.6649436950684,36.8976821899414,38.276611328125,38.9658699035645,38.737361907959,-9999,-9999,-9999,-9999,-9999,-9999,-9999,-9999,-9999,-9999,-9999,-9999,-9999,-9999,-9999,-9999,-9999,-9999,-9999,-9999,-9999,-9999,-9999,-9999,-9999,-9999,-9999,-9999,-9999,-9999,-9999,-9999,-9999,-9999,-9999,-9999,-9999,-9999,-9999,-9999,-9999,-9999,-9999,-9999,-9999,-9999,-9999,-9999,-9999,-9999,-9999,-9999,-9999,-9999,-9999,-9999,-9999,-9999,-9999,-9999,-9999,-9999,-9999,-9999,-9999,-9999,-9999,-9999,-9999,-9999,-9999,-9999,-9999,-9999,-9999,-9999,-9999,-9999,-9999,-9999,-9999,-9999,-9999,-9999,34.286979675293,34.383243560791,34.4047927856445,34.2987594604492,34.4266395568848,34.7759208679199,34.5358352661133,33.926815032959,34.7907218933105,35.9673309326172,30.6266918182373,23.3895492553711,21.9966278076172,20.105863571167,15.5884113311768,12.1336841583252,12.4507474899292,13.9634609222412,16.9705696105957,23.4251194000244,32.3912506103516,29.9888801574707,34.46923828125,-9999,-9999,-9999,-9999,-9999,-9999,-9999,-9999,-9999,-9999
-9999,-9999,-9999,-9999,-9999,21.9984474182129,28.0896739959717,28.9867858886719,28.822021484375,33.1650161743164,36.8267059326172,37.4926719665527,37.8552360534668,38.2397918701172,-9999,-9999,-9999,-9999,-9999,-9999,-9999,-9999,-9999,-9999,-9999,-9999,-9999,-9999,-9999,-9999,-9999,-9999,-9999,-9999,-9999,-9999,-9999,-9999,-9999,-9999,-9999,-9999,-9999,-9999,-9999,-9999,-9999,-9999,-9999,-9999,-9999,-9999,-9999,-9999,-9999,-9999,-9999,-9999,-9999,-9999,-9999,-9999,-9999,-9999,-9999,-9999,-9999,-9999,-9999,-9999,-9999,-9999,-9999,-9999,-9999,-9999,-9999,-9999,-9999,-9999,-9999,-9999,-9999,-9999,-9999,-9999,-9999,-9999,-9999,-9999,-9999,-9999,-9999,-9999,-9999,-9999,-9999,-9999,33.8926734924316,33.9942665100098,34.0303039550781,33.9577522277832,34.1199226379395,34.5006141662598,34.6947898864746,34.7676162719727,35.433032989502,36.1177787780762,30.7643795013428,23.762279510498,22.0597877502441,19.898006439209,14.9306230545044,11.0748929977417,10.7543544769287,12.2014989852905,16.096342086792,23.012731552124,31.4829120635986,34.0440254211426,35.4192199707031,32.1501426696777,-9999,-9999,-9999,-9999,-9999,-9999,-9999,-9999,-9999
-9999,-9999,-9999,-9999,-9999,25.1740074157715,26.4728469848633,26.2371997833252,27.7688255310059,32.9114112854004,36.8142166137695,37.1719284057617,37.5544395446777,38.0419006347656,-9999,-9999,-9999,-9999,-9999,-9999,-9999,-9999,-9999,-9999,-9999,-9999,-9999,-9999,-9999,-9999,-9999,-9999,-9999,-9999,-9999,-9999,-9999,-9999,-9999,-9999,-9999,-9999,-9999,-9999,-9999,-9999,-9999,-9999,-9999,-9999,-9999,-9999,-9999,-9999,-9999,-9999,-9999,-9999,-9999,-9999,-9999,-9999,-9999,-9999,-9999,-9999,-9999,-9999,-9999,-9999,-9999,-9999,-9999,-9999,-9999,-9999,-9999,-9999,-9999,-9999,-9999,-9999,-9999,-9999,-9999,-9999,-9999,-9999,-9999,-9999,-9999,-9999,-9999,-9999,-9999,-9999,-9999,-9999,33.5051956176758,33.6143379211426,33.6691513061523,33.6408386230469,33.7832107543945,34.0793914794922,34.2846565246582,34.4184303283691,35.123722076416,35.8408699035645,30.7864303588867,24.0396194458008,22.3390808105469,20.0655937194824,14.6860885620117,10.9060707092285,11.6489896774292,13.4529504776001,17.0649471282959,22.5251789093018,28.9635448455811,33.4760131835938,36.9834823608398,37.8468933105469,-9999,-9999,-9999,-9999,-9999,-9999,-9999,-9999,-9999
-9999,-9999,-9999,-9999,-9999,25.1279201507568,25.2725124359131,26.0950107574463,27.3755893707275,33.0441589355469,36.8599662780762,37.1174926757813,37.4253921508789,37.9078636169434,-9999,-9999,-9999,-9999,-9999,-9999,-9999,-9999,-9999,-9999,-9999,-9999,-9999,-9999,-9999,-9999,-9999,-9999,-9999,-9999,-9999,-9999,-9999,-9999,-9999,-9999,-9999,-9999,-9999,-9999,-9999,-9999,-9999,-9999,-9999,-9999,-9999,-9999,-9999,-9999,-9999,-9999,-9999,-9999,-9999,-9999,-9999,-9999,-9999,-9999,-9999,-9999,-9999,-9999,-9999,-9999,-9999,-9999,-9999,-9999,-9999,-9999,-9999,-9999,-9999,-9999,-9999,-9999,-9999,-9999,-9999,-9999,-9999,-9999,-9999,-9999,-9999,-9999,-9999,-9999,-9999,-9999,-9999,-9999,-9999,33.232105255127,33.3073501586914,33.3273620605469,33.4383392333984,33.6266708374023,33.7495193481445,33.8093185424805,34.6462821960449,35.5244331359863,30.7226428985596,24.3044128417969,22.6060523986816,20.3716735839844,14.7003231048584,10.9969568252563,13.0113191604614,15.3400564193726,18.3489475250244,22.0953750610352,25.8260307312012,31.1374168395996,36.6026992797852,38.4834175109863,-9999,-9999,-9999,-9999,-9999,-9999,-9999,-9999,-9999
-9999,-9999,-9999,-9999,-9999,-9999,24.2795524597168,24.6057453155518,25.8493957519531,32.0787887573242,36.3881950378418,36.8408966064453,37.1752738952637,-9999,-9999,-9999,-9999,-9999,-9999,-9999,-9999,-9999,-9999,-9999,-9999,-9999,-9999,-9999,-9999,-9999,-9999,-9999,-9999,-9999,-9999,-9999,-9999,-9999,-9999,-9999,-9999,-9999,-9999,-9999,-9999,-9999,-9999,-9999,-9999,-9999,-9999,-9999,-9999,-9999,-9999,-9999,-9999,-9999,-9999,-9999,-9999,-9999,-9999,-9999,-9999,-9999,-9999,-9999,-9999,-9999,-9999,-9999,-9999,-9999,-9999,-9999,-9999,-9999,-9999,-9999,-9999,-9999,-9999,-9999,-9999,-9999,-9999,-9999,-9999,-9999,-9999,-9999,-9999,-9999,-9999,-9999,-9999,-9999,-9999,32.962287902832,33.0627632141113,33.1231842041016,33.2225608825684,33.3500480651855,33.6721801757813,34.0865058898926,34.6084289550781,35.0082511901855,30.4738216400146,24.5852832794189,22.9819507598877,21.0904922485352,17.7557468414307,15.0352840423584,13.6198825836182,13.4116773605347,14.831995010376,19.3347625732422,25.6968040466309,29.7443084716797,32.7103157043457,33.8454055786133,-9999,-9999,-9999,-9999,-9999,-9999,-9999,-9999,-9999
-9999,-9999,-9999,-9999,-9999,-9999,22.7965354919434,22.6571521759033,24.4947204589844,31.3384590148926,36.0373802185059,36.559253692627,36.9083862304688,-9999,-9999,-9999,-9999,-9999,-9999,-9999,-9999,-9999,-9999,-9999,-9999,-9999,-9999,-9999,-9999,-9999,-9999,-9999,-9999,-9999,-9999,-9999,-9999,-9999,-9999,-9999,-9999,-9999,-9999,-9999,-9999,-9999,-9999,-9999,-9999,-9999,-9999,-9999,-9999,-9999,-9999,-9999,-9999,-9999,-9999,-9999,-9999,-9999,-9999,-9999,-9999,-9999,-9999,-9999,-9999,-9999,-9999,-9999,-9999,-9999,-9999,-9999,-9999,-9999,-9999,-9999,-9999,-9999,-9999,-9999,-9999,-9999,-9999,-9999,-9999,-9999,-9999,-9999,-9999,-9999,-9999,-9999,-9999,-9999,-9999,32.7060928344727,32.8289947509766,32.9204444885254,33.0081596374512,33.0852890014648,33.5943756103516,34.3367805480957,34.5576553344727,34.5128746032715,30.2548866271973,24.8395500183105,23.360294342041,21.8513774871826,20.6906127929688,18.5088710784912,14.1389188766479,11.4764127731323,11.3131847381592,16.5316886901855,25.1899890899658,27.6435699462891,28.0036582946777,23.9768867492676,17.7276611328125,16.0260162353516,-9999,-9999,-9999,-9999,-9999,-9999,-9999
-9999,-9999,-9999,-9999,-9999,-9999,21.5194129943848,21.8589420318604,23.0443439483643,30.2378768920898,35.2884521484375,36.0155715942383,36.6301803588867,-9999,-9999,-9999,-9999,-9999,-9999,-9999,-9999,-9999,-9999,-9999,-9999,-9999,-9999,-9999,-9999,-9999,-9999,-9999,-9999,-9999,-9999,-9999,-9999,-9999,-9999,-9999,-9999,-9999,-9999,-9999,-9999,-9999,-9999,-9999,-9999,-9999,-9999,-9999,-9999,-9999,-9999,-9999,-9999,-9999,-9999,-9999,-9999,-9999,-9999,-9999,-9999,-9999,-9999,-9999,-9999,-9999,-9999,-9999,-9999,-9999,-9999,-9999,-9999,-9999,-9999,-9999,-9999,-9999,-9999,-9999,-9999,-9999,-9999,-9999,-9999,-9999,-9999,-9999,-9999,-9999,-9999,-9999,-9999,-9999,-9999,32.5722618103027,32.6657981872559,32.6907119750977,32.7512130737305,32.8350143432617,33.3244895935059,34.0353546142578,34.2642784118652,34.2741622924805,30.1670188903809,24.9795093536377,23.6145305633545,22.2317943572998,20.9322509765625,18.7431526184082,13.872688293457,11.5098934173584,12.8760261535645,16.133186340332,20.6137962341309,21.8228225708008,21.5121192932129,19.7723712921143,17.4509658813477,13.6307048797607,8.18867874145508,-9999,-9999,-9999,-9999,-9999,-9999
-9999,-9999,-9999,-9999,-9999,-9999,-9999,-9999,-9999,-9999,-9999,-9999,-9999,-9999,-9999,-9999,-9999,-9999,-9999,-9999,-9999,-9999,-9999,-9999,-9999,-9999,-9999,-9999,-9999,-9999,-9999,-9999,-9999,-9999,-9999,-9999,-9999,-9999,-9999,-9999,-9999,-9999,-9999,-9999,-9999,-9999,-9999,-9999,-9999,-9999,-9999,-9999,-9999,-9999,-9999,-9999,-9999,-9999,-9999,-9999,-9999,-9999,-9999,-9999,-9999,-9999,-9999,-9999,-9999,-9999,-9999,-9999,-9999,-9999,-9999,-9999,-9999,-9999,-9999,-9999,-9999,-9999,-9999,-9999,-9999,-9999,-9999,-9999,-9999,-9999,-9999,-9999,-9999,-9999,-9999,-9999,-9999,-9999,-9999,-9999,32.4908142089844,32.4611434936523,32.5046348571777,32.6071128845215,33.0902824401855,33.7819175720215,33.9984245300293,33.9882202148438,30.5987300872803,26.4004783630371,24.484655380249,22.5598182678223,21.1926975250244,18.9132175445557,13.7209310531616,11.5508480072021,13.7826795578003,15.2024002075195,16.3445739746094,15.7805700302124,14.8358449935913,15.0478649139404,15.9290390014648,9.98462867736816,7.65650129318237,3.02468276023865,-9999,-9999,-9999,-9999,-9999
-9999,-9999,-9999,-9999,-9999,-9999,-9999,-9999,-9999,-9999,-9999,-9999,-9999,-9999,-9999,-9999,-9999,-9999,-9999,-9999,-9999,-9999,-9999,-9999,-9999,-9999,-9999,-9999,-9999,-9999,-9999,-9999,-9999,-9999,-9999,-9999,-9999,-9999,-9999,-9999,-9999,-9999,-9999,-9999,-9999,-9999,-9999,-9999,-9999,-9999,-9999,-9999,-9999,-9999,-9999,-9999,-9999,-9999,-9999,-9999,-9999,-9999,-9999,-9999,-9999,-9999,-9999,-9999,-9999,-9999,-9999,-9999,-9999,-9999,-9999,-9999,-9999,-9999,-9999,-9999,-9999,-9999,-9999,-9999,-9999,-9999,-9999,-9999,-9999,-9999,-9999,-9999,-9999,-9999,-9999,-9999,-9999,-9999,-9999,-9999,32.2796096801758,32.2382965087891,32.3069725036621,32.4731178283691,32.9962348937988,33.711483001709,33.8831176757813,33.8178749084473,33.0360870361328,32.0435256958008,27.4347915649414,22.8173217773438,21.5640735626221,19.210111618042,13.9609746932983,11.3560466766357,13.2079191207886,13.4945116043091,13.4301691055298,12.0518856048584,10.2661952972412,9.68940544128418,9.69521331787109,6.64674472808838,3.36779165267944,3.25270891189575,2.76681876182556,-9999,-9999,-9999,-9999
-9999,-9999,-9999,-9999,-9999,-9999,-9999,-9999,-9999,-9999,-9999,-9999,-9999,-9999,-9999,-9999,-9999,-9999,-9999,-9999,-9999,-9999,-9999,-9999,-9999,-9999,-9999,-9999,-9999,-9999,-9999,-9999,-9999,-9999,-9999,-9999,-9999,-9999,-9999,-9999,-9999,-9999,-9999,-9999,-9999,-9999,-9999,-9999,-9999,-9999,-9999,-9999,-9999,-9999,-9999,-9999,-9999,-9999,-9999,-9999,-9999,-9999,-9999,-9999,-9999,-9999,-9999,-9999,-9999,-9999,-9999,-9999,-9999,-9999,-9999,-9999,-9999,-9999,-9999,-9999,-9999,-9999,-9999,-9999,-9999,-9999,-9999,-9999,-9999,-9999,-9999,-9999,-9999,-9999,-9999,-9999,-9999,-9999,-9999,-9999,32.0866203308105,32.0577278137207,32.148567199707,32.3615303039551,32.802490234375,33.3654098510742,33.6203079223633,33.7075691223145,34.5397262573242,35.2531661987305,29.2828788757324,23.0663185119629,21.8505859375,19.5160541534424,14.1920957565308,11.3736009597778,12.7126893997192,12.32506275177,10.9000587463379,9.29910373687744,7.35368585586548,6.19627046585083,5.20867013931274,4.27888965606689,3.365807056427,2.75445580482483,2.51195526123047,-9999,-9999,-9999,-9999
-9999,-9999,-9999,-9999,-9999,-9999,-9999,-9999,-9999,-9999,-9999,-9999,-9999,-9999,-9999,-9999,-9999,-9999,-9999,-9999,-9999,-9999,-9999,-9999,-9999,-9999,-9999,-9999,-9999,-9999,-9999,-9999,-9999,-9999,-9999,-9999,-9999,-9999,-9999,-9999,-9999,-9999,-9999,-9999,-9999,-9999,-9999,-9999,-9999,-9999,-9999,-9999,-9999,-9999,-9999,-9999,-9999,-9999,-9999,-9999,-9999,-9999,-9999,-9999,-9999,-9999,-9999,-9999,-9999,-9999,-9999,-9999,-9999,-9999,-9999,-9999,-9999,-9999,-9999,-9999,-9999,-9999,-9999,-9999,-9999,-9999,-9999,-9999,-9999,-9999,-9999,-9999,-9999,-9999,-9999,-9999,-9999,-9999,-9999,-9999,-9999,31.954984664917,32.0744171142578,32.2973289489746,32.4186401367188,32.4772491455078,33.0610008239746,33.7012481689453,34.6032333374023,35.3212051391602,29.4118347167969,23.2852973937988,22.1726036071777,19.9404067993164,14.4894580841064,11.531005859375,12.4014320373535,11.5806179046631,9.58460807800293,8.41207027435303,7.93342208862305,6.28275775909424,3.85135293006897,3.13716053962708,2.75182723999023,2.51269555091858,2.30190753936768,-9999,-9999,3.30429315567017,3.34540557861328
-9999,-9999,-9999,-9999,-9999,-9999,-9999,-9999,-9999,-9999,-9999,-9999,-9999,-9999,-9999,-9999,-9999,-9999,-9999,-9999,-9999,-9999,-9999,-9999,-9999,-9999,-9999,-9999,-9999,-9999,-9999,-9999,-9999,-9999,-9999,-9999,-9999,-9999,-9999,-9999,-9999,-9999,-9999,-9999,-9999,-9999,-9999,-9999,-9999,-9999,-9999,-9999,-9999,-9999,-9999,-9999,-9999,-9999,-9999,-9999,-9999,-9999,-9999,-9999,-9999,-9999,-9999,-9999,-9999,-9999,-9999,-9999,-9999,-9999,-9999,-9999,-9999,-9999,-9999,-9999,-9999,-9999,-9999,-9999,-9999,-9999,-9999,-9999,-9999,-9999,-9999,-9999,-9999,-9999,-9999,-9999,-9999,-9999,-9999,-9999,-9999,-9999,32.0183792114258,32.1944961547852,32.1506500244141,31.9647350311279,32.6857681274414,33.5700569152832,34.5663604736328,35.3657112121582,29.5907783508301,23.3318786621094,20.2152137756348,16.7585048675537,12.6815233230591,10.1720752716064,10.9091415405273,9.78157901763916,7.54922676086426,6.92870140075684,7.0503625869751,5.66147184371948,3.04815912246704,2.94606947898865,2.81867432594299,2.66509509086609,2.63929605484009,2.97759652137756,3.28239250183105,3.31721138954163,3.41050148010254
-9999,-9999,-9999,-9999,-9999,-9999,-9999,-9999,-9999,-9999,-9999,-9999,-9999,-9999,-9999,-9999,-9999,-9999,-9999,-9999,-9999,-9999,-9999,-9999,-9999,-9999,-9999,-9999,-9999,-9999,-9999,-9999,-9999,-9999,-9999,-9999,-9999,-9999,-9999,-9999,-9999,-9999,-9999,-9999,-9999,-9999,-9999,-9999,-9999,-9999,-9999,-9999,-9999,-9999,-9999,-9999,-9999,-9999,-9999,-9999,-9999,-9999,-9999,-9999,-9999,-9999,-9999,-9999,-9999,-9999,-9999,-9999,-9999,-9999,-9999,-9999,-9999,-9999,-9999,-9999,-9999,-9999,-9999,-9999,-9999,-9999,-9999,-9999,-9999,-9999,-9999,-9999,-9999,-9999,-9999,-9999,-9999,-9999,-9999,-9999,-9999,-9999,-9999,32.0513114929199,32.0133209228516,31.8959789276123,32.5074424743652,33.2173347473145,34.4335479736328,35.4412231445313,29.8776206970215,23.2316741943359,15.4189796447754,8.95520973205566,7.87983322143555,7.34265661239624,7.62434911727905,6.75286436080933,4.75050258636475,3.99168252944946,4.33733987808228,3.93727588653564,3.32255887985229,3.26524877548218,3.36332702636719,3.2518002986908,3.18730807304382,3.21851134300232,3.21875429153442,3.07693815231323,2.84531760215759
-9999,-9999,-9999,-9999,-9999,-9999,-9999,-9999,-9999,-9999,-9999,-9999,-9999,-9999,-9999,-9999,-9999,-9999,-9999,-9999,-9999,-9999,-9999,-9999,-9999,-9999,-9999,-9999,-9999,-9999,-9999,-9999,-9999,-9999,-9999,-9999,-9999,-9999,-9999,-9999,-9999,-9999,-9999,-9999,-9999,-9999,-9999,-9999,-9999,-9999,-9999,-9999,-9999,-9999,-9999,-9999,-9999,-9999,-9999,-9999,-9999,-9999,-9999,-9999,-9999,-9999,-9999,-9999,-9999,-9999,-9999,-9999,-9999,-9999,-9999,-9999,-9999,-9999,-9999,-9999,-9999,-9999,-9999,-9999,-9999,-9999,-9999,-9999,-9999,-9999,-9999,-9999,-9999,-9999,-9999,-9999,-9999,-9999,-9999,-9999,-9999,-9999,-9999,31.9158363342285,31.9633350372314,32.0378761291504,32.3950843811035,32.7504234313965,33.881908416748,34.901195526123,29.7601642608643,23.3344230651855,13.6840362548828,6.23238563537598,6.493812084198,6.70801448822021,6.87016582489014,5.89696788787842,3.56658935546875,2.76347184181213,2.89732694625854,3.16874980926514,3.43384456634521,3.32058644294739,3.31960391998291,3.2531361579895,3.34495973587036,2.92563390731812,4.50839185714722,9.4965763092041,15.0218210220337
-9999,-9999,-9999,-9999,-9999,-9999,-9999,-9999,-9999,-9999,-9999,-9999,-9999,-9999,-9999,-9999,-9999,-9999,-9999,-9999,-9999,-9999,-9999,-9999,-9999,-9999,-9999,-9999,-9999,-9999,-9999,-9999,-9999,-9999,-9999,-9999,-9999,-9999,-9999,-9999,-9999,-9999,-9999,-9999,-9999,-9999,-9999,-9999,-9999,-9999,-9999,-9999,-9999,-9999,-9999,-9999,-9999,-9999,-9999,-9999,-9999,-9999,-9999,-9999,-9999,-9999,-9999,-9999,-9999,-9999,-9999,-9999,-9999,-9999,-9999,-9999,-9999,-9999,-9999,-9999,-9999,-9999,-9999,-9999,-9999,-9999,-9999,-9999,-9999,-9999,-9999,-9999,-9999,-9999,-9999,-9999,-9999,-9999,-9999,-9999,-9999,-9999,-9999,-9999,31.9855651855469,32.3166236877441,32.4651832580566,32.5050239562988,33.0591773986816,33.9376029968262,29.3636608123779,22.8540229797363,13.2649059295654,6.45915651321411,7.2770562171936,7.57390975952148,7.72658443450928,6.62906789779663,3.70010638237,2.52580952644348,2.66853833198547,2.69248914718628,2.77118897438049,2.67001104354858,2.44198155403137,2.50153732299805,2.4209406375885,2.12131690979004,6.65459632873535,20.1809425354004,30.8297710418701
-9999,-9999,-9999,-9999,-9999,-9999,-9999,-9999,-9999,-9999,-9999,-9999,-9999,-9999,-9999,-9999,-9999,-9999,-9999,-9999,-9999,-9999,-9999,-9999,-9999,-9999,-9999,-9999,-9999,-9999,-9999,-9999,-9999,-9999,-9999,-9999,-9999,-9999,-9999,-9999,-9999,-9999,-9999,-9999,-9999,-9999,-9999,-9999,-9999,-9999,-9999,-9999,-9999,-9999,-9999,-9999,-9999,-9999,-9999,-9999,-9999,-9999,-9999,-9999,-9999,-9999,-9999,-9999,-9999,-9999,-9999,-9999,-9999,-9999,-9999,-9999,-9999,-9999,-9999,-9999,-9999,-9999,-9999,-9999,-9999,-9999,-9999,-9999,-9999,-9999,-9999,-9999,-9999,-9999,-9999,-9999,-9999,-9999,-9999,-9999,-9999,-9999,-9999,-9999,-9999,-9999,32.223747253418,32.128044128418,32.682788848877,33.2430229187012,30.3431911468506,25.8652496337891,18.8510799407959,13.3199434280396,11.603907585144,10.5548458099365,10.7193536758423,9.8634204864502,8.00394821166992,8.81296443939209,11.0374517440796,10.8505573272705,10.6210012435913,12.3415212631226,14.2364196777344,15.6557960510254,16.6183395385742,16.0815925598145,18.3833465576172,26.2026634216309,32.6743965148926
-9999,-9999,-9999,-9999,-9999,-9999,-9999,-9999,-9999,-9999,-9999,-9999,-9999,-9999,-9999,-9999,-9999,-9999,-9999,-9999,-9999,-9999,-9999,-9999,-9999,-9999,-9999,-9999,-9999,-9999,-9999,-9999,-9999,-9999,-9999,-9999,-9999,-9999,-9999,-9999,-9999,-9999,-9999,-9999,-9999,-9999,-9999,-9999,-9999,-9999,-9999,-9999,-9999,-9999,-9999,-9999,-9999,-9999,-9999,-9999,-9999,-9999,-9999,-9999,-9999,-9999,-9999,-9999,-9999,-9999,-9999,-9999,-9999,-9999,-9999,-9999,-9999,-9999,-9999,-9999,-9999,-9999,-9999,-9999,-9999,-9999,-9999,-9999,-9999,-9999,-9999,-9999,-9999,-9999,-9999,-9999,-9999,-9999,-9999,-9999,-9999,-9999,-9999,-9999,-9999,-9999,-9999,-9999,31.9245471954346,32.1798934936523,31.8912792205811,31.188081741333,27.6146926879883,23.1850814819336,17.7549095153809,14.6299514770508,15.353853225708,15.4932746887207,14.4779558181763,17.6665534973145,22.583345413208,22.8809432983398,22.0354709625244,24.8183765411377,27.6590995788574,29.9321689605713,31.5897369384766,31.0161628723145,30.6092834472656,30.582914352417,-9999
-9999,-9999,-9999,-9999,-9999,-9999,-9999,-9999,-9999,-9999,-9999,-9999,-9999,-9999,-9999,-9999,-9999,-9999,-9999,-9999,-9999,-9999,-9999,-9999,-9999,-9999,-9999,-9999,-9999,-9999,-9999,-9999,-9999,-9999,-9999,-9999,-9999,-9999,-9999,-9999,-9999,-9999,-9999,-9999,-9999,-9999,-9999,-9999,-9999,-9999,-9999,-9999,-9999,-9999,-9999,-9999,-9999,-9999,-9999,-9999,-9999,-9999,-9999,-9999,-9999,-9999,-9999,-9999,-9999,-9999,-9999,-9999,-9999,-9999,-9999,-9999,-9999,-9999,-9999,-9999,-9999,-9999,-9999,-9999,-9999,-9999,-9999,-9999,-9999,-9999,-9999,-9999,-9999,-9999,-9999,-9999,-9999,-9999,-9999,-9999,-9999,-9999,-9999,-9999,-9999,-9999,-9999,-9999,-9999,-9999,31.6585235595703,31.4574089050293,29.6381931304932,27.4953289031982,24.6060104370117,22.838830947876,22.9557781219482,22.7861518859863,22.3389682769775,24.0011081695557,26.5880393981934,26.788215637207,26.3884239196777,27.8630104064941,29.4114780426025,30.6950798034668,31.6449584960938,31.2576675415039,-9999,-9999,-9999
-9999,-9999,-9999,-9999,-9999,-9999,-9999,-9999,-9999,-9999,-9999,-9999,-9999,-9999,-9999,-9999,-9999,-9999,-9999,-9999,-9999,-9999,-9999,-9999,-9999,-9999,-9999,-9999,-9999,-9999,-9999,-9999,-9999,-9999,-9999,-9999,-9999,-9999,-9999,-9999,-9999,-9999,-9999,-9999,-9999,-9999,-9999,-9999,-9999,-9999,-9999,-9999,-9999,-9999,-9999,-9999,-9999,-9999,-9999,-9999,-9999,-9999,-9999,-9999,-9999,-9999,-9999,-9999,-9999,-9999,-9999,-9999,-9999,-9999,-9999,-9999,-9999,-9999,-9999,-9999,-9999,-9999,-9999,-9999,-9999,-9999,-9999,-9999,-9999,-9999,-9999,-9999,-9999,-9999,-9999,-9999,-9999,-9999,-9999,-9999,-9999,-9999,-9999,-9999,-9999,-9999,-9999,-9999,-9999,-9999,-9999,-9999,-9999,-9999,-9999,-9999,-9999,-9999,-9999,-9999,-9999,-9999,-9999,-9999,-9999,-9999,-9999,-9999,-9999,-9999,-9999
-9999,-9999,-9999,-9999,-9999,-9999,-9999,-9999,-9999,-9999,-9999,-9999,-9999,-9999,-9999,-9999,-9999,-9999,-9999,-9999,-9999,-9999,-9999,-9999,-9999,-9999,-9999,-9999,-9999,-9999,-9999,-9999,-9999,-9999,-9999,-9999,-9999,-9999,-9999,-9999,-9999,-9999,-9999,-9999,-9999,-9999,-9999,-9999,-9999,-9999,-9999,-9999,-9999,-9999,-9999,-9999,-9999,-9999,-9999,-9999,-9999,-9999,-9999,-9999,-9999,-9999,-9999,-9999,-9999,-9999,-9999,-9999,-9999,-9999,-9999,-9999,-9999,-9999,-9999,-9999,-9999,-9999,-9999,-9999,-9999,-9999,-9999,-9999,-9999,-9999,-9999,-9999,-9999,-9999,-9999,-9999,-9999,-9999,-9999,-9999,-9999,-9999,-9999,-9999,-9999,-9999,-9999,-9999,-9999,-9999,-9999,-9999,-9999,-9999,-9999,-9999,-9999,-9999,-9999,-9999,-9999,-9999,-9999,-9999,-9999,-9999,-9999,-9999,-9999,-9999,-9999

Step,169
Year,14.08333
-9999,-9999,-9999,-9999,-9999,-9999,-9999,-9999,-9999,-9999,-9999,-9999,-9999,-9999,-9999,-9999,-9999,-9999,-9999,-9999,-9999,-9999,-9999,-9999,-9999,-9999,-9999,-9999,-9999,-9999,-9999,-9999,-9999,-9999,-9999,-9999,-9999,-9999,-9999,-9999,-9999,-9999,-9999,-9999,-9999,-9999,-9999,-9999,-9999,-9999,-9999,-9999,-9999,-9999,-9999,-9999,-9999,-9999,-9999,-9999,-9999,-9999,-9999,-9999,-9999,-9999,-9999,-9999,-9999,-9999,-9999,-9999,-9999,-9999,-9999,-9999,-9999,-9999,-9999,-9999,-9999,-9999,-9999,-9999,-9999,-9999,-9999,-9999,-9999,-9999,-9999,-9999,-9999,-9999,-9999,-9999,-9999,-9999,-9999,-9999,-9999,-9999,-9999,-9999,-9999,-9999,-9999,-9999,-9999,-9999,-9999,-9999,-9999,-9999,-9999,-9999,-9999,-9999,-9999,-9999,-9999,-9999,-9999,-9999,-9999,-9999,-9999,-9999,-9999,-9999,-9999
-9999,-9999,-9999,-9999,-9999,-9999,-9999,-9999,-9999,-9999,-9999,-9999,-9999,-9999,-9999,-9999,-9999,-9999,-9999,-9999,-9999,-9999,-9999,-9999,-9999,-9999,-9999,-9999,-9999,-9999,-9999,-9999,-9999,-9999,-9999,-9999,-9999,-9999,-9999,-9999,-9999,-9999,-9999,-9999,-9999,-9999,-9999,-9999,-9999,-9999,-9999,-9999,-9999,-9999,-9999,-9999,-9999,-9999,-9999,-9999,-9999,-9999,-9999,-9999,-9999,-9999,-9999,-9999,-9999,-9999,-9999,-9999,-9999,-9999,-9999,-9999,-9999,-9999,-9999,-9999,-9999,-9999,-9999,-9999,-9999,-9999,-9999,-9999,-9999,-9999,-9999,-9999,-9999,-9999,-9999,-9999,-9999,-9999,-9999,-9999,-9999,-9999,-9999,-9999,-9999,-9999,-9999,-9999,-9999,-9999,-9999,-9999,-9999,-9999,-9999,-9999,-9999,-9999,-9999,-9999,-9999,-9999,-9999,-9999,-9999,-9999,-9999,-9999,-9999,-9999,-9999
-9999,-9999,-9999,-9999,-9999,-9999,-9999,-9999,-9999,-9999,-9999,-9999,-9999,-9999,-9999,-9999,-9999,-9999,-9999,-9999,-9999,-9999,-9999,-9999,-9999,-9999,-9999,-9999,-9999,-9999,-9999,-9999,-9999,-9999,-9999,-9999,-9999,-9999,-9999,-9999,-9999,-9999,-9999,-9999,-9999,-9999,-9999,-9999,-9999,-9999,-9999,-9999,-9999,-9999,-9999,-9999,-9999,-9999,-9999,-9999,-9999,-9999,-9999,-9999,-9999,-9999,-9999,-9999,-9999,-9999,-9999,-9999,-9999,-9999,37.0055160522461,37.6244354248047,-9999,-9999,-9999,-9999,-9999,-9999,-9999,-9999,-9999,-9999,-9999,-9999,-9999,-9999,-9999,-9999,-9999,-9999,-9999,-9999,-9999,-9999,-9999,-9999,-9999,-9999,-9999,-9999,-9999,-9999,-9999,-9999,-9999,-9999,-9999,-9999,-9999,-9999,-9999,-9999,-9999,-9999,-9999,-9999,-9999,-9999,-9999,-9999,-9999,-9999,-9999,-9999,-9999,-9999,-9999
-9999,-9999,-9999,-9999,-9999,-9999,-9999,-9999,-9999,-9999,-9999,-9999,-9999,-9999,-9999,-9999,-9999,-9999,-9999,-9999,-9999,-9999,-9999,-9999,-9999,-9999,-9999,-9999,-9999,-9999,-9999,-9999,-9999,-9999,-9999,-9999,-9999,-9999,-9999,-9999,-9999,-9999,-9999,-9999,-9999,-9999,-9999,-9999,-9999,-9999,-9999,-9999,-9999,-9999,-9999,-9999,-9999,-9999,-9999,-9999,-9999,-9999,-9999,-9999,-9999,-9999,-9999,-9999,-9999,-9999,-9999,-9999,-9999,-9999,38.178524017334,37.6941680908203,-9999,-9999,-9999,-9999,-9999,-9999,-9999,-9999,-9999,-9999,-9999,-9999,-9999,-9999,-9999,-9999,-9999,-9999,-9999,-9999,-9999,-9999,-9999,-9999,-9999,-9999,-9999,-9999,-9999,-9999,-9999,-9999,-9999,-9999,-9999,-9999,-9999,-9999,-9999,-9999,-9999,-9999,-9999,-9999,-9999,-9999,-9999,-9999,-9999,-9999,-9999,-9999,-9999,-9999,-9999
-9999,-9999,-9999,-9999,-9999,-9999,-9999,-9999,-9999,-9999,-9999,-9999,-9999,-9999,-9999,-9999,-9999,-9999,-9999,-9999,-9999,-9999,-9999,-9999,-9999,-9999,-9999,-9999,-9999,-9999,-9999,-9999,-9999,-9999,-9999,-9999,-9999,-9999,-9999,-9999,-9999,-9999,-9999,-9999,-9999,-9999,-9999,-9999,-9999,-9999,-9999,-9999,-9999,-9999,-9999,-9999,6.17577007328701E-13,1.09013482685327E-08,1.08179678548481E-08,1.08028919143521E-08,-9999,-9999,-9999,-9999,-9999,38.6609878540039,38.5257606506348,39.3981323242188,39.7268218994141,37.3872528076172,36.0254058837891,32.6386833190918,32.4730491638184,31.9573974609375,35.6335906982422,34.3571128845215,32.9452705383301,-9999,-9999,25.216609954834,23.8763389587402,22.985424041748,23.6001281738281,30.3843936920166,33.5238952636719,35.5214347839355,35.475399017334,33.1594924926758,25.0152149200439,-9999,-9999,-9999,-9999,-9999,-9999,-9999,-9999,-9999,-9999,-9999,-9999,-9999,-9999,-9999,-9999,-9999,-9999,-9999,-9999,-9999,-9999,-9999,-9999,-9999,-9999,-9999,-9999,-9999,-9999,-9999,-9999,-9999,-9999,-9999,-9999,-9999,-9999,-9999,-9999,-9999,-9999
-9999,-9999,-9999,-9999,-9999,-9999,-9999,-9999,-9999,-9999,-9999,-9999,-9999,-9999,-9999,-9999,-9999,-9999,-9999,-9999,-9999,-9999,-9999,-9999,-9999,-9999,-9999,-9999,-9999,-9999,-9999,-9999,-9999,-9999,-9999,-9999,-9999,-9999,-9999,-9999,-9999,-9999,-9999,-9999,-9999,-9999,-9999,-9999,-9999,-9999,-9999,-9999,-9999,-9999,-9999,7.13276931008783E-13,2.48498714938705E-08,0.000671681016683578,0.000667948974296451,0.000667256710585207,0.00136907421983778,44.7333526611328,-9999,44.0418815612793,42.1110153198242,42.0247116088867,41.266674041748,40.4296569824219,40.168041229248,39.476261138916,36.1457557678223,35.219066619873,35.9791984558105,35.0334014892578,34.6811752319336,35.045093536377,33.8003768920898,33.3711547851563,32.1712341308594,29.6967582702637,26.4264659881592,23.6153678894043,26.766508102417,29.826753616333,34.1413154602051,36.4391098022461,36.3461875915527,34.0276718139648,28.5922508239746,22.5314884185791,15.93177318573,-9999,-9999,-9999,-9999,-9999,-9999,-9999,-9999,-9999,-9999,-9999,-9999,-9999,-9999,-9999,-9999,-9999,-9999,-9999,-9999,-9999,-9999,-9999,-9999,-9999,-9999,-9999,-9999,-9999,-9999,-9999,-9999,-9999,-9999,-9999,-9999,-9999,-9999,-9999,-9999
-9999,-9999,-9999,-9999,-9999,-9999,-9999,-9999,-9999,-9999,-9999,-9999,-9999,-9999,-9999,-9999,-9999,-9999,-9999,-9999,-9999,-9999,-9999,-9999,-9999,-9999,-9999,-9999,-9999,-9999,-9999,-9999,-9999,-9999,-9999,-9999,-9999,-9999,-9999,-9999,-9999,-9999,-9999,-9999,-9999,-9999,-9999,-9999,-9999,-9999,-9999,-9999,-9999,-9999,-9999,1.44840290872139E-08,0.000772429048083723,45.8824081420898,45.8247756958008,45.8747024536133,46.0300140380859,45.3917922973633,44.6219367980957,44.6030578613281,42.7332191467285,42.5413093566895,40.6432571411133,40.4706535339355,39.9550895690918,38.4423828125,37.4361190795898,37.1740036010742,36.7924919128418,36.4843139648438,36.1128768920898,35.6943016052246,34.7850151062012,33.7323532104492,31.8577537536621,29.562427520752,26.6553897857666,24.1150894165039,27.4320983886719,31.8740749359131,35.8832473754883,37.7742919921875,37.300952911377,35.2795829772949,29.1685256958008,22.7113189697266,15.9633083343506,13.8648948669434,18.0666828155518,-9999,-9999,-9999,-9999,-9999,-9999,-9999,-9999,-9999,29.7527942657471,30.6894989013672,32.4419860839844,-9999,-9999,-9999,-9999,-9999,-9999,-9999,-9999,-9999,-9999,-9999,-9999,-9999,-9999,-9999,-9999,-9999,-9999,-9999,-9999,-9999,-9999,-9999,-9999,-9999,-9999
-9999,-9999,-9999,-9999,-9999,-9999,-9999,-9999,-9999,-9999,-9999,-9999,-9999,-9999,-9999,-9999,-9999,-9999,-9999,-9999,-9999,-9999,-9999,-9999,-9999,-9999,-9999,-9999,-9999,-9999,-9999,39.4135360717773,-9999,-9999,-9999,40.356029510498,-9999,-9999,-9999,-9999,-9999,-9999,-9999,-9999,-9999,-9999,-9999,-9999,-9999,-9999,-9999,-9999,-9999,-9999,-9999,-9999,-9999,45.4503898620605,45.6759300231934,45.7744102478027,-9999,46.166561126709,45.5852241516113,44.7273178100586,43.4540252685547,42.2627449035645,41.6748847961426,40.6463890075684,40.0082473754883,37.6003227233887,36.7246398925781,37.9290466308594,38.0659255981445,37.6332511901855,37.1240577697754,36.621997833252,35.7565765380859,34.8832397460938,34.6954574584961,34.6463012695313,32.7958221435547,31.6646175384521,34.7515983581543,36.801441192627,39.5526428222656,40.7884826660156,39.788143157959,37.4822654724121,32.9356346130371,29.2929496765137,27.5148487091064,22.5926647186279,16.8789825439453,20.077075958252,-9999,-9999,-9999,-9999,-9999,-9999,-9999,-9999,34.2834243774414,35.9719314575195,35.9269905090332,34.4308700561523,33.4007873535156,-9999,-9999,-9999,-9999,-9999,-9999,-9999,-9999,-9999,-9999,-9999,-9999,-9999,-9999,-9999,-9999,-9999,-9999,-9999,-9999,-9999,-9999,-9999,-9999
-9999,-9999,-9999,-9999,-9999,-9999,-9999,-9999,-9999,-9999,-9999,-9999,-9999,-9999,-9999,-9999,-9999,-9999,-9999,-9999,-9999,-9999,-9999,-9999,-9999,-9999,-9999,-9999,-9999,-9999,38.5735931396484,38.5620613098145,-9999,-9999,40.4482727050781,40.1412544250488,-9999,-9999,36.0271301269531,37.9312515258789,-9999,-9999,-9999,-9999,-9999,41.4085273742676,-9999,-9999,-9999,-9999,-9999,-9999,-9999,-9999,-9999,-9999,-9999,-9999,-9999,-9999,-9999,46.0286560058594,46.5918464660645,44.7019844055176,43.3492736816406,42.1070556640625,40.7433128356934,39.830020904541,38.7740364074707,36.5830230712891,35.4613800048828,38.6385383605957,40.3715515136719,39.434326171875,38.6249694824219,38.0071640014648,37.2735710144043,36.4790496826172,37.9438285827637,39.1219253540039,39.7328796386719,38.8369598388672,39.7582015991211,40.7279663085938,41.8760375976563,42.319580078125,41.4477767944336,39.7054290771484,36.4476280212402,35.6868934631348,36.5757789611816,30.271312713623,18.0632190704346,19.9786052703857,24.2900104522705,-9999,-9999,-9999,-9999,-9999,34.8579330444336,35.1296539306641,35.4427185058594,35.9489479064941,36.9955520629883,37.3992652893066,35.2419586181641,31.923152923584,-9999,-9999,-9999,-9999,-9999,-9999,-9999,-9999,-9999,-9999,-9999,-9999,-9999,-9999,-9999,-9999,-9999,-9999,-9999,-9999,-9999,-9999,-9999
-9999,-9999,-9999,-9999,-9999,-9999,-9999,-9999,-9999,-9999,-9999,-9999,-9999,-9999,-9999,-9999,-9999,-9999,-9999,-9999,-9999,-9999,-9999,38.9261817932129,39.1926231384277,-9999,-9999,-9999,-9999,38.2077713012695,38.746280670166,38.8952713012695,38.9688377380371,39.9089317321777,40.056468963623,40.1439208984375,37.3048210144043,35.6794128417969,36.4060249328613,-9999,38.3673362731934,40.4856986999512,-9999,-9999,40.8713264465332,41.5148124694824,41.9382171630859,42.884952545166,-9999,-9999,-9999,-9999,-9999,-9999,-9999,-9999,-9999,41.6544036865234,43.6411628723145,-9999,-9999,-9999,44.9171562194824,44.4800567626953,43.9909286499023,42.2308158874512,41.7542877197266,40.8357086181641,39.3910064697266,35.8644065856934,34.3706207275391,37.8589630126953,39.5002861022949,40.7102890014648,40.0149421691895,39.3869972229004,38.8330345153809,37.5503311157227,37.9162521362305,39.4580383300781,39.9159164428711,39.9465141296387,40.9698944091797,41.8291549682617,42.2509841918945,42.3917922973633,42.0288963317871,40.9299926757813,38.3458442687988,36.7208023071289,35.8234405517578,31.0097732543945,23.9876022338867,23.4932403564453,24.188943862915,21.3065547943115,20.8375606536865,22.2601280212402,22.7953987121582,24.8471336364746,29.7227973937988,34.9347343444824,35.0341415405273,35.4315376281738,36.4923324584961,37.2075576782227,37.7496910095215,35.3314552307129,33.5777244567871,34.3319664001465,-9999,-9999,-9999,-9999,-9999,-9999,-9999,-9999,-9999,-9999,-9999,-9999,-9999,-9999,-9999,-9999,-9999,-9999,-9999,-9999,-9999
-9999,-9999,-9999,-9999,-9999,-9999,-9999,-9999,-9999,-9999,-9999,-9999,-9999,-9999,-9999,-9999,-9999,-9999,-9999,-9999,-9999,-9999,38.9489135742188,38.0509910583496,38.5393676757813,39.9949226379395,40.7068214416504,38.0510177612305,37.6363677978516,37.9329605102539,38.7064933776855,38.2069358825684,37.2776336669922,38.3123779296875,39.2708549499512,37.4297027587891,35.4856033325195,35.4538421630859,34.827075958252,36.6494560241699,37.5148506164551,39.5007591247559,40.9522247314453,40.8897323608398,41.3750839233398,41.0783157348633,42.1205978393555,43.1673545837402,43.2506103515625,-9999,-9999,-9999,-9999,-9999,-9999,-9999,-9999,39.5168724060059,40.790699005127,42.5052947998047,-9999,-9999,43.7781982421875,44.7314071655273,45.4101753234863,43.7478828430176,42.3789138793945,40.8876533508301,38.21728515625,34.8277969360352,33.6607475280762,37.7576637268066,39.128101348877,40.7299919128418,41.0973815917969,40.4506378173828,39.7301292419434,39.2466201782227,39.2939987182617,38.6713180541992,39.8842926025391,41.0301666259766,42.0087051391602,42.7055206298828,42.5637435913086,42.4708671569824,42.4656600952148,41.8391342163086,40.3604049682617,37.954216003418,34.6648941040039,31.8503112792969,28.6628017425537,25.8738651275635,23.5326766967773,22.2897300720215,21.8936195373535,24.0450973510742,24.2331657409668,23.6550331115723,26.0797710418701,32.4193916320801,35.3078575134277,35.8483924865723,36.3532829284668,37.1993827819824,38.1123657226563,38.6122436523438,36.2989845275879,35.0142631530762,-9999,-9999,-9999,-9999,-9999,-9999,-9999,-9999,-9999,-9999,-9999,-9999,-9999,-9999,-9999,-9999,-9999,-9999,-9999,-9999,-9999
-9999,-9999,-9999,-9999,-9999,-9999,-9999,-9999,-9999,-9999,-9999,-9999,-9999,-9999,-9999,-9999,-9999,-9999,-9999,-9999,-9999,-9999,39.286434173584,38.1003837585449,37.818244934082,39.4205322265625,41.9259414672852,41.3030586242676,37.0087547302246,37.5905151367188,37.725772857666,37.8927421569824,37.5214576721191,37.6123847961426,37.5114288330078,36.5066757202148,35.2277946472168,34.9033012390137,34.8384552001953,35.5152473449707,36.8183898925781,38.786449432373,40.2043190002441,40.6245231628418,40.7474822998047,41.1776504516602,41.5562057495117,42.8181190490723,43.1159133911133,43.0581398010254,43.0088386535645,-9999,-9999,-9999,-9999,-9999,-9999,-9999,39.2583084106445,40.8098602294922,42.3910865783691,42.8140411376953,43.6384887695313,44.7112197875977,45.1437187194824,43.7655372619629,42.1077270507813,38.3681869506836,35.2171096801758,33.1883087158203,34.5167617797852,38.542179107666,40.6899833679199,41.7864418029785,42.1398162841797,42.1783218383789,41.8632354736328,41.4498710632324,40.9032974243164,40.0758438110352,41.0823020935059,42.0407867431641,42.3693885803223,42.6142997741699,42.5883026123047,42.5729446411133,42.5810699462891,42.0209846496582,40.8049545288086,38.1364669799805,33.5464973449707,31.9352836608887,30.8912677764893,25.7254219055176,19.3086376190186,20.4073276519775,21.3097152709961,23.0209941864014,24.2767868041992,23.7525444030762,26.3839893341064,33.0957260131836,36.7082290649414,38.4634552001953,37.9860801696777,35.881965637207,36.5999145507813,38.2134895324707,38.4360694885254,36.0945243835449,38.4858245849609,-9999,-9999,-9999,-9999,-9999,-9999,-9999,-9999,-9999,-9999,-9999,-9999,-9999,-9999,-9999,-9999,-9999,-9999,-9999,-9999
-9999,-9999,-9999,-9999,-9999,-9999,-9999,-9999,-9999,-9999,-9999,-9999,-9999,-9999,-9999,-9999,-9999,-9999,-9999,-9999,-9999,-9999,38.9620513916016,38.6338233947754,36.3476943969727,35.8425903320313,42.155590057373,44.1524505615234,40.5223846435547,38.518726348877,38.540843963623,38.3829307556152,38.0801391601563,37.876651763916,37.1545181274414,36.7103881835938,36.1981773376465,35.9394912719727,35.7447319030762,36.3822021484375,37.0066375732422,38.267635345459,39.1999969482422,39.7495574951172,39.9400329589844,40.0394973754883,40.2971115112305,40.2800788879395,41.3641052246094,42.8089256286621,42.7388725280762,-9999,-9999,-9999,-9999,39.7589721679688,39.4292831420898,39.1394577026367,39.1930503845215,39.8153343200684,40.9611740112305,41.8576736450195,43.0526237487793,44.1837272644043,44.5310897827148,42.5930709838867,41.1320266723633,36.5876770019531,33.775089263916,35.3535995483398,36.6642379760742,40.0930480957031,42.1403694152832,43.1660308837891,43.5268936157227,43.3410339355469,42.9198532104492,42.4086647033691,41.8324737548828,41.243049621582,41.9742584228516,42.6536064147949,42.572868347168,42.5192375183105,42.5697059631348,42.5988616943359,42.588794708252,42.1459121704102,41.2057914733887,38.7047119140625,34.6586875915527,34.1752624511719,35.322265625,29.3495655059814,20.7863521575928,22.0737190246582,23.1366138458252,24.7685050964355,26.0673866271973,25.7836837768555,28.1067123413086,34.0209274291992,37.8817291259766,40.4914817810059,39.4995231628418,36.1265678405762,37.2025451660156,39.4508361816406,40.1020278930664,39.7456512451172,38.5060882568359,40.5703353881836,-9999,-9999,-9999,-9999,-9999,-9999,-9999,-9999,-9999,-9999,-9999,-9999,-9999,-9999,-9999,-9999,-9999,-9999,-9999
-9999,-9999,-9999,-9999,-9999,-9999,-9999,-9999,-9999,-9999,-9999,-9999,-9999,-9999,-9999,-9999,-9999,-9999,-9999,-9999,-9999,37.6632423400879,39.0652236938477,38.5596084594727,35.7591094970703,35.623104095459,41.9702644348145,44.4446144104004,43.0783386230469,42.1899375915527,41.8363838195801,41.4736633300781,41.232006072998,40.9937744140625,40.638313293457,40.226203918457,39.735595703125,39.4852409362793,39.2812843322754,39.4995956420898,39.1894226074219,37.3468399047852,36.8902397155762,38.2823371887207,38.8602676391602,39.2389221191406,39.404052734375,39.5855484008789,39.5218849182129,40.0445327758789,39.9243431091309,40.3517951965332,40.2315940856934,40.0628509521484,40.0753440856934,39.7507591247559,39.2176399230957,39.033863067627,39.0551071166992,38.9068794250488,38.2365570068359,38.3714065551758,40.1927337646484,42.5043792724609,44.2334289550781,42.9008560180664,40.1006889343262,35.0503883361816,35.579963684082,39.574535369873,42.2539215087891,43.2056274414063,43.700855255127,43.7049865722656,43.5735397338867,43.3259048461914,43.0283355712891,42.7121047973633,42.4165229797363,42.1232452392578,42.2397880554199,42.3627624511719,42.3883209228516,42.4155464172363,42.449951171875,42.4336700439453,42.3221244812012,42.1000442504883,41.7538452148438,40.924446105957,39.7394981384277,39.7476654052734,40.1305541992188,37.7095794677734,33.8375511169434,31.1427879333496,28.8298358917236,30.264181137085,31.1196384429932,30.9360198974609,32.1045532226563,35.477840423584,38.4092712402344,41.3649368286133,41.121639251709,39.0434646606445,41.0058708190918,43.6880264282227,42.1752090454102,39.7708549499512,39.8021354675293,39.6547012329102,38.7119903564453,37.4999465942383,-9999,-9999,-9999,-9999,-9999,-9999,-9999,-9999,-9999,-9999,-9999,-9999,-9999,-9999,-9999,-9999,-9999
-9999,-9999,-9999,-9999,-9999,-9999,-9999,-9999,-9999,-9999,-9999,-9999,-9999,-9999,-9999,-9999,-9999,-9999,-9999,-9999,-9999,35.8721008300781,35.3913154602051,36.7587432861328,36.1316719055176,36.9024238586426,41.4892921447754,43.7922134399414,43.5396842956543,43.1625175476074,42.6326065063477,42.2803192138672,42.1871299743652,41.9374809265137,41.6003799438477,41.2527313232422,40.7787055969238,40.4852828979492,40.3366928100586,40.2977752685547,39.8402290344238,38.0275955200195,37.1489791870117,37.6531028747559,38.1301116943359,38.7282218933105,39.2375831604004,39.7736740112305,39.442741394043,39.0400810241699,39.4137382507324,39.3206787109375,39.5171508789063,39.3793487548828,39.4944686889648,39.0474281311035,38.3931770324707,38.0506591796875,37.6710052490234,36.7391662597656,36.4828491210938,38.0827674865723,38.7926940917969,39.3403015136719,42.9004020690918,42.3900375366211,41.2287139892578,36.4641418457031,37.9976463317871,42.1921615600586,44.5797843933105,44.384895324707,44.1112060546875,43.7443656921387,-9999,-9999,-9999,-9999,-9999,-9999,-9999,42.0767059326172,42.1351547241211,42.1917457580566,42.2403984069824,42.2145843505859,42.0484657287598,41.929370880127,41.8619689941406,41.8342971801758,41.8334999084473,41.798713684082,41.7646408081055,41.2047653198242,39.709789276123,35.6871643066406,32.1872253417969,33.1747283935547,33.626579284668,32.3513031005859,31.7479438781738,33.8610572814941,36.6295166015625,39.8629150390625,40.7526092529297,40.5132293701172,42.4914855957031,44.8200645446777,42.3849563598633,39.0170860290527,40.0896606445313,39.4246978759766,38.2021141052246,36.6712341308594,36.8356819152832,-9999,-9999,-9999,-9999,-9999,-9999,-9999,-9999,-9999,-9999,-9999,-9999,-9999,-9999,-9999,-9999
-9999,-9999,-9999,-9999,-9999,-9999,-9999,-9999,-9999,-9999,-9999,-9999,-9999,-9999,-9999,-9999,-9999,-9999,-9999,33.8288993835449,34.6029396057129,33.9920616149902,33.4264602661133,33.2377586364746,37.0866088867188,39.8288078308105,40.6932907104492,41.1281509399414,40.7590522766113,40.329662322998,40.0276184082031,39.8891181945801,39.8602409362793,39.5309867858887,39.2557601928711,38.9033851623535,38.5265159606934,38.2767524719238,38.1038513183594,38.180835723877,38.7632255554199,40.9058647155762,41.4478645324707,39.2596588134766,38.4851608276367,39.1864814758301,40.0362548828125,40.9978179931641,39.72021484375,37.8417358398438,38.1458892822266,38.40625,38.1807174682617,38.0498657226563,37.9153823852539,37.1782112121582,35.9456748962402,34.7940902709961,34.3746871948242,35.3371315002441,37.3073196411133,40.1419219970703,42.0645637512207,41.7014389038086,41.1564788818359,39.635929107666,40.8295516967773,42.041389465332,42.1811218261719,43.3470687866211,44.0297431945801,-9999,-9999,-9999,-9999,-9999,-9999,-9999,-9999,-9999,-9999,-9999,-9999,41.7926864624023,41.9000511169434,41.9177589416504,41.7664260864258,41.5801620483398,41.3553810119629,41.0927047729492,40.8020629882813,40.7130355834961,40.7037811279297,40.7644271850586,40.8412322998047,37.3402061462402,33.8669166564941,34.4123764038086,33.8258285522461,28.9633350372314,26.3633899688721,27.9222793579102,30.0546493530273,33.7820892333984,37.2521324157715,40.2271919250488,41.5456123352051,42.3135566711426,39.8488922119141,36.5830154418945,38.6335029602051,40.15576171875,40.0201644897461,34.6573600769043,35.4034080505371,-9999,-9999,-9999,-9999,-9999,-9999,-9999,-9999,-9999,-9999,-9999,-9999,-9999,-9999,-9999,-9999
-9999,-9999,-9999,-9999,-9999,-9999,-9999,-9999,-9999,-9999,-9999,-9999,-9999,-9999,-9999,-9999,-9999,-9999,31.7817478179932,32.9472122192383,33.1543884277344,35.0054779052734,33.6177520751953,32.7653388977051,36.8014717102051,39.650764465332,40.4507141113281,40.7509231567383,40.2791023254395,39.762866973877,39.6802940368652,39.5595703125,39.5924339294434,39.3851585388184,38.9938430786133,38.8942680358887,38.6867752075195,38.4492301940918,38.3459129333496,38.2262306213379,39.1380805969238,42.1271286010742,42.8434219360352,40.4401473999023,39.4300193786621,39.9036445617676,40.5695037841797,41.4991989135742,39.815601348877,37.1703872680664,36.3977241516113,36.0589370727539,35.8723106384277,35.6791076660156,36.7431831359863,36.9857330322266,35.5596809387207,34.429313659668,33.9982070922852,36.0426864624023,39.2541999816895,41.5368881225586,42.996452331543,43.2380676269531,43.1305236816406,42.886402130127,42.5031280517578,43.1334762573242,-9999,-9999,-9999,-9999,-9999,-9999,-9999,-9999,-9999,-9999,-9999,-9999,-9999,-9999,-9999,-9999,-9999,41.5929794311523,41.4739303588867,41.2778930664063,40.9967498779297,40.6278762817383,40.1963005065918,40.0364837646484,39.9766044616699,40.2767601013184,40.6411437988281,38.2685737609863,35.8752212524414,35.0768394470215,33.423885345459,28.5692272186279,24.8614902496338,23.8491725921631,24.6781845092773,27.8327713012695,32.9481315612793,37.833381652832,38.6381454467773,38.9518089294434,38.3697052001953,37.6366004943848,38.4954795837402,39.6181030273438,39.2812652587891,35.9906234741211,34.8295516967773,-9999,-9999,-9999,-9999,-9999,-9999,-9999,-9999,-9999,-9999,-9999,-9999,-9999,-9999,-9999,-9999
-9999,-9999,-9999,-9999,-9999,-9999,-9999,-9999,-9999,-9999,-9999,-9999,33.4107093811035,32.0627861022949,-9999,31.562479019165,33.0785484313965,34.5824165344238,33.955078125,31.3709411621094,34.0422821044922,37.0443000793457,36.1686630249023,35.1511154174805,35.7868232727051,37.1339874267578,40.5331115722656,42.5777053833008,42.1899604797363,41.9216918945313,41.7021331787109,41.7244873046875,41.7429656982422,41.4853401184082,41.2215347290039,41.107479095459,41.279956817627,40.834228515625,40.4667205810547,40.3378105163574,40.1943664550781,40.6155967712402,41.309211730957,40.6501502990723,40.5940475463867,40.6793441772461,41.1160507202148,41.5274848937988,39.8047065734863,37.1856651306152,34.803596496582,32.2498245239258,32.1289215087891,32.4686088562012,35.7091293334961,37.5023231506348,36.40576171875,35.7759170532227,36.1638832092285,38.7279663085938,41.4195251464844,42.6446342468262,43.268798828125,43.3771896362305,43.3590431213379,43.1808967590332,43.0140953063965,-9999,-9999,-9999,-9999,-9999,-9999,-9999,-9999,-9999,-9999,-9999,-9999,-9999,-9999,-9999,-9999,-9999,-9999,-9999,41.1710815429688,41.0157470703125,40.7678108215332,40.4078063964844,39.9697647094727,39.7250633239746,39.5519104003906,39.7229881286621,39.9500427246094,39.0722465515137,37.9796905517578,35.3159980773926,32.3870849609375,30.8472957611084,27.9314308166504,22.7895660400391,20.7727584838867,23.1739559173584,27.3354873657227,31.9627742767334,33.515754699707,34.5790672302246,38.1890144348145,41.3364677429199,39.495906829834,38.2419395446777,39.147102355957,36.3937187194824,34.7730827331543,-9999,-9999,-9999,-9999,-9999,-9999,-9999,-9999,-9999,-9999,-9999,-9999,-9999,-9999,-9999,-9999
-9999,-9999,-9999,-9999,-9999,-9999,-9999,-9999,-9999,-9999,31.1762218475342,32.7318153381348,34.2269134521484,32.0255317687988,31.6610012054443,29.5816879272461,31.6489582061768,36.0304908752441,35.4737510681152,33.0922927856445,35.6652183532715,38.8138084411621,38.412036895752,37.7216606140137,37.0435218811035,37.7251472473145,40.2621231079102,42.0414657592773,41.6932487487793,41.9028472900391,43.3911170959473,43.2370948791504,43.090934753418,43.0765266418457,42.8064117431641,42.5802154541016,42.5968208312988,42.3285903930664,42.1394233703613,41.9479217529297,41.5619087219238,41.419002532959,41.4459037780762,41.3826904296875,41.5168724060059,41.7119789123535,42.073974609375,42.3463516235352,41.1008949279785,39.4761505126953,36.7218627929688,33.758602142334,33.5346984863281,33.8123054504395,36.3118362426758,37.9898338317871,37.5508689880371,38.0080909729004,38.2233238220215,39.8578338623047,41.8232116699219,42.5949935913086,42.9119987487793,42.9560317993164,42.9364967346191,42.8478240966797,-9999,-9999,-9999,-9999,-9999,-9999,-9999,-9999,-9999,-9999,-9999,-9999,-9999,-9999,-9999,-9999,-9999,-9999,-9999,-9999,-9999,40.7113075256348,40.4614181518555,40.1223373413086,39.7204551696777,39.4756660461426,39.2839164733887,39.3517761230469,39.4601211547852,39.3117370605469,38.8970565795898,36.4080963134766,33.5812149047852,31.9384841918945,29.4131317138672,24.9899272918701,21.9858722686768,20.9725856781006,23.1701564788818,27.0973243713379,30.3041286468506,33.1920967102051,37.0289115905762,40.2536125183105,38.1175308227539,36.4956893920898,38.0267906188965,35.2097053527832,33.2005615234375,-9999,-9999,-9999,-9999,-9999,-9999,-9999,-9999,-9999,-9999,-9999,-9999,-9999,-9999,-9999,-9999
-9999,-9999,-9999,-9999,-9999,-9999,-9999,-9999,27.6642303466797,28.9925899505615,28.9982585906982,28.9902381896973,30.1761226654053,32.26318359375,31.4461154937744,29.628927230835,31.8820209503174,36.23681640625,36.219539642334,35.0487976074219,37.6324577331543,40.5531730651855,39.9930801391602,39.9436492919922,39.4674415588379,39.4656143188477,39.2846565246582,39.2321357727051,39.0060920715332,40.3279571533203,43.180233001709,44.2966423034668,44.1779708862305,44.1084098815918,44.0853843688965,43.9189376831055,43.682445526123,43.3720893859863,43.3374443054199,43.0537185668945,42.8424949645996,42.6490859985352,42.4915237426758,42.4335479736328,42.3470268249512,42.3564643859863,42.4122734069824,42.4562530517578,42.5227203369141,42.5403480529785,40.4925003051758,37.8847198486328,38.0096893310547,38.1003112792969,38.6450042724609,38.5315093994141,38.2481918334961,38.6744766235352,40.2123222351074,41.3801651000977,41.9275512695313,42.1891021728516,-9999,-9999,-9999,-9999,-9999,-9999,-9999,-9999,-9999,-9999,-9999,-9999,-9999,-9999,-9999,-9999,-9999,-9999,-9999,-9999,-9999,-9999,-9999,-9999,-9999,-9999,40.1130523681641,39.8013610839844,39.4621429443359,39.2552070617676,39.096549987793,39.0692710876465,39.0647850036621,39.2873077392578,39.307933807373,37.8439102172852,35.824779510498,32.6025886535645,30.134069442749,29.0022621154785,25.9932270050049,20.1219463348389,19.9733257293701,22.6619987487793,28.5143165588379,33.5558166503906,35.2474632263184,36.6176986694336,35.1545104980469,34.1917839050293,36.6119689941406,34.5907669067383,33.3397254943848,-9999,-9999,-9999,-9999,-9999,-9999,-9999,-9999,-9999,-9999,-9999,-9999,-9999,-9999,-9999,-9999
-9999,-9999,-9999,-9999,-9999,-9999,-9999,-9999,26.4038906097412,27.7236042022705,28.7032165527344,28.3561382293701,28.4990386962891,28.9975299835205,29.6354713439941,30.5522556304932,33.5515365600586,37.771125793457,38.0549201965332,36.6961059570313,37.6860847473145,39.3907470703125,40.4085540771484,40.9472808837891,40.817440032959,40.5377540588379,40.2664337158203,39.7995147705078,39.4939155578613,40.3197975158691,42.112491607666,42.6569595336914,42.5095977783203,42.3846321105957,42.1954612731934,41.9888801574707,41.896240234375,41.6745376586914,41.514705657959,41.3033447265625,41.1877288818359,41.005428314209,41.2275772094727,41.9834022521973,42.2538566589355,42.2046432495117,42.1175422668457,41.9863395690918,42.1102905273438,42.2480926513672,41.1938552856445,39.9994316101074,40.2505531311035,40.384204864502,40.259952545166,40.0540313720703,39.7604637145996,40.1055603027344,40.9756813049316,41.534252166748,41.8400039672852,41.9600372314453,-9999,-9999,-9999,-9999,-9999,-9999,-9999,-9999,-9999,-9999,-9999,-9999,-9999,-9999,-9999,-9999,-9999,-9999,-9999,-9999,-9999,-9999,-9999,-9999,-9999,-9999,-9999,-9999,39.0684776306152,38.9028587341309,38.7801475524902,38.7277984619141,38.6836357116699,38.8970603942871,38.9752464294434,38.0332679748535,36.7920532226563,34.4569091796875,32.3820724487305,30.4961948394775,27.7852306365967,23.9450778961182,21.5823040008545,20.1600246429443,24.8421897888184,30.2573223114014,31.3413562774658,32.2541809082031,31.6167736053467,31.52317237854,34.562671661377,31.0554294586182,30.3645248413086,-9999,-9999,-9999,-9999,-9999,-9999,-9999,-9999,-9999,-9999,-9999,-9999,-9999,-9999,-9999,-9999
-9999,-9999,-9999,-9999,-9999,-9999,20.7469215393066,26.2013874053955,26.2133865356445,26.1703701019287,27.5413379669189,28.3681755065918,27.9116458892822,26.1286106109619,27.4362659454346,32.0697593688965,35.7869300842285,39.0744705200195,39.4846000671387,38.579833984375,37.7726631164551,37.2430953979492,39.9022026062012,42.0559005737305,42.0050277709961,41.9300308227539,41.630615234375,41.2596130371094,40.903018951416,40.6549415588379,40.3718566894531,40.0793991088867,39.7581253051758,39.5003204345703,39.3151092529297,39.126766204834,38.9521484375,38.913143157959,38.8581390380859,38.7495536804199,38.6408462524414,38.5125427246094,39.2387962341309,41.1550712585449,41.9554100036621,41.8608932495117,41.5955390930176,41.241626739502,41.0176277160645,40.8143424987793,40.9292678833008,41.0683975219727,41.2711410522461,41.4772033691406,41.4722213745117,41.3974838256836,41.1283187866211,40.9763984680176,40.9962348937988,41.254337310791,41.7021903991699,-9999,-9999,-9999,-9999,-9999,-9999,-9999,-9999,-9999,-9999,-9999,-9999,-9999,-9999,-9999,-9999,-9999,-9999,-9999,-9999,-9999,-9999,-9999,-9999,-9999,-9999,-9999,-9999,-9999,-9999,-9999,-9999,38.3643074035645,38.3035545349121,38.4133033752441,38.4470291137695,37.9341583251953,37.3761787414551,36.5649261474609,34.8186531066895,31.2665672302246,28.9684143066406,28.1692371368408,24.6873245239258,18.5175132751465,20.5062923431396,24.3395023345947,25.785774230957,26.9807605743408,27.2940330505371,28.3095321655273,32.2393226623535,30.020824432373,-9999,-9999,-9999,-9999,-9999,-9999,-9999,-9999,-9999,-9999,-9999,-9999,-9999,-9999,-9999,-9999,-9999
-9999,-9999,-9999,-9999,-9999,-9999,26.0923519134521,26.136137008667,25.8765697479248,26.0913429260254,26.1050891876221,28.9855766296387,31.1400318145752,31.8401966094971,33.2843246459961,34.7757911682129,37.2300720214844,40.0585021972656,40.1645812988281,39.3341064453125,38.8517875671387,38.3202514648438,40.406063079834,42.0863342285156,42.0737190246582,41.9240646362305,41.7202949523926,41.5281066894531,41.1744766235352,40.802074432373,40.3665466308594,40.1071815490723,39.8440742492676,39.5565948486328,39.2698059082031,39.4554977416992,39.7016944885254,39.6586570739746,39.5810127258301,39.4325218200684,39.2926635742188,39.2215156555176,39.606632232666,40.6649703979492,41.1283073425293,41.0715942382813,40.8580360412598,40.5520706176758,40.4339599609375,40.3758087158203,40.4989776611328,40.6458168029785,40.7370719909668,40.8268432617188,40.8710556030273,40.8543586730957,40.6748809814453,40.552806854248,40.5125885009766,-9999,-9999,-9999,-9999,-9999,-9999,-9999,-9999,-9999,-9999,-9999,-9999,-9999,-9999,-9999,-9999,-9999,-9999,-9999,-9999,-9999,-9999,-9999,-9999,-9999,-9999,-9999,-9999,-9999,-9999,-9999,-9999,-9999,-9999,-9999,37.898609161377,37.9588241577148,37.9887275695801,37.810619354248,37.5362815856934,36.9799118041992,35.9443359375,34.1019515991211,31.8144264221191,29.1999664306641,26.3290882110596,22.7679634094238,21.5018882751465,21.0242958068848,24.5377197265625,27.4082489013672,28.6694622039795,29.9356918334961,31.6216144561768,29.3311882019043,29.9786529541016,27.991849899292,-9999,-9999,-9999,-9999,-9999,-9999,-9999,-9999,-9999,-9999,-9999,-9999,-9999,-9999,-9999
-9999,-9999,-9999,-9999,25.1378746032715,26.8400211334229,26.1295127868652,25.9928741455078,25.907585144043,25.8989162445068,26.9149742126465,31.3385200500488,34.783805847168,37.4490013122559,38.321174621582,37.3041725158691,38.3114395141602,40.4916763305664,40.7144470214844,40.1864318847656,39.7082481384277,39.2263717651367,40.3464584350586,41.3417129516602,41.4309387207031,41.468994140625,41.3633308410645,41.2181396484375,41.0272521972656,40.780704498291,40.502082824707,40.2116050720215,39.9228668212891,39.612663269043,39.3074760437012,39.8987045288086,40.5822677612305,40.4972724914551,40.3977737426758,40.1914520263672,40.0239105224609,39.9943161010742,40.006778717041,40.0920066833496,40.1327590942383,40.1357269287109,40.0040969848633,39.8053131103516,39.8685569763184,40.0029640197754,40.0471038818359,40.0772247314453,40.0587463378906,40.0565910339355,-9999,-9999,-9999,-9999,-9999,-9999,-9999,-9999,-9999,-9999,-9999,-9999,-9999,-9999,-9999,-9999,-9999,-9999,-9999,-9999,-9999,-9999,-9999,-9999,-9999,-9999,-9999,-9999,-9999,-9999,-9999,-9999,-9999,-9999,-9999,-9999,-9999,-9999,-9999,-9999,-9999,37.4996528625488,37.530574798584,37.6699829101563,37.6525573730469,37.1653594970703,36.8209609985352,36.6143341064453,34.3886184692383,30.0119171142578,27.7792587280273,26.6972522735596,23.0825519561768,17.822437286377,23.1174430847168,28.0009956359863,29.8894481658936,31.2275848388672,30.9135055541992,22.333625793457,22.7410354614258,28.0889301300049,28.9454574584961,-9999,-9999,-9999,-9999,-9999,-9999,-9999,-9999,-9999,-9999,-9999,-9999,-9999,-9999
-9999,-9999,-9999,-9999,30.6471290588379,28.2062644958496,27.438383102417,25.8030700683594,26.271089553833,28.0471343994141,30.5123271942139,33.5553588867188,36.1425552368164,38.1249694824219,39.1429710388184,39.2252540588379,39.667724609375,40.3688011169434,40.1918754577637,39.6942596435547,39.961540222168,40.3498458862305,40.7474136352539,41.0981674194336,41.110221862793,41.1115112304688,41.0666732788086,40.9881134033203,40.8479232788086,40.6718139648438,40.4560165405273,40.2656745910645,40.0855522155762,39.9311637878418,39.7793464660645,39.9840469360352,40.2318382263184,40.0308074951172,39.818920135498,39.530818939209,39.2863426208496,39.1751327514648,39.1100692749023,39.1168518066406,39.1167297363281,39.1107902526855,39.0314598083496,-9999,-9999,-9999,-9999,-9999,-9999,-9999,-9999,-9999,-9999,-9999,-9999,-9999,-9999,-9999,-9999,-9999,-9999,-9999,-9999,-9999,-9999,-9999,-9999,-9999,-9999,-9999,-9999,-9999,-9999,-9999,-9999,-9999,-9999,-9999,-9999,-9999,-9999,-9999,-9999,-9999,-9999,-9999,-9999,-9999,-9999,-9999,-9999,-9999,37.1355171203613,37.2504653930664,37.2924346923828,37.1234741210938,36.6656723022461,35.6708030700684,33.4089546203613,29.80149269104,27.842399597168,26.7259941101074,22.2035121917725,16.1353721618652,19.6270923614502,23.5500183105469,25.1334800720215,26.5521011352539,27.1574192047119,28.1560707092285,21.6622085571289,26.6843910217285,24.6626586914063,-9999,-9999,-9999,-9999,-9999,-9999,-9999,-9999,-9999,-9999,-9999,-9999,-9999,-9999
-9999,-9999,-9999,-9999,-9999,30.678316116333,28.5737247467041,28.742244720459,27.6983013153076,31.2221908569336,34.1062355041504,35.9573059082031,37.5373649597168,38.7553825378418,39.6926727294922,40.3989601135254,40.3719863891602,39.8385810852051,39.5094718933105,39.2525062561035,-9999,-9999,-9999,-9999,-9999,-9999,-9999,-9999,-9999,-9999,-9999,-9999,-9999,40.009593963623,39.9645957946777,39.8537750244141,39.7336692810059,39.4390449523926,-9999,-9999,-9999,-9999,-9999,-9999,-9999,-9999,-9999,-9999,-9999,-9999,-9999,-9999,-9999,-9999,-9999,-9999,-9999,-9999,-9999,-9999,-9999,-9999,-9999,-9999,-9999,-9999,-9999,-9999,-9999,-9999,-9999,-9999,-9999,-9999,-9999,-9999,-9999,-9999,-9999,-9999,-9999,-9999,-9999,-9999,-9999,-9999,-9999,-9999,-9999,-9999,-9999,-9999,-9999,-9999,-9999,-9999,36.7475547790527,36.85888671875,36.9637260437012,37.061222076416,36.5836296081543,35.0964241027832,33.0320587158203,30.3126697540283,28.3820285797119,26.8336200714111,22.1590728759766,15.7825622558594,17.0285568237305,18.7595176696777,20.3912715911865,22.0634746551514,23.5637950897217,24.6877307891846,24.7399272918701,22.4126968383789,-9999,-9999,-9999,-9999,-9999,-9999,-9999,-9999,-9999,-9999,-9999,-9999,-9999,-9999,-9999
-9999,-9999,-9999,-9999,-9999,30.3273048400879,30.3041534423828,31.2023220062256,32.4949569702148,36.1726188659668,38.9920692443848,39.4291305541992,39.8195533752441,40.4207191467285,40.6786613464355,40.569149017334,40.1838607788086,39.6100425720215,-9999,-9999,-9999,-9999,-9999,-9999,-9999,-9999,-9999,-9999,-9999,-9999,-9999,-9999,-9999,-9999,-9999,-9999,-9999,-9999,-9999,-9999,-9999,-9999,-9999,-9999,-9999,-9999,-9999,-9999,-9999,-9999,-9999,-9999,-9999,-9999,-9999,-9999,-9999,-9999,-9999,-9999,-9999,-9999,-9999,-9999,-9999,-9999,-9999,-9999,-9999,-9999,-9999,-9999,-9999,-9999,-9999,-9999,-9999,-9999,-9999,-9999,-9999,-9999,-9999,-9999,-9999,-9999,-9999,-9999,-9999,-9999,-9999,-9999,-9999,-9999,-9999,-9999,-9999,36.6183967590332,36.791015625,36.8961410522461,36.8015251159668,36.3674163818359,35.4401969909668,33.9463577270508,31.2470607757568,27.6410942077637,24.5102367401123,21.3086547851563,18.7171039581299,16.1241111755371,19.682523727417,22.0495910644531,20.5422019958496,20.4299926757813,21.5157432556152,18.9761199951172,-9999,-9999,-9999,-9999,-9999,-9999,-9999,-9999,-9999,-9999,-9999,-9999,-9999,-9999,-9999
-9999,-9999,30.6675796508789,30.4878768920898,30.583158493042,30.116397857666,30.6411552429199,33.1936798095703,36.3506851196289,39.4565086364746,41.6182975769043,41.2782096862793,41.0583000183105,41.290111541748,41.1035232543945,40.4055786132813,39.7642478942871,-9999,-9999,-9999,-9999,-9999,-9999,-9999,-9999,-9999,-9999,-9999,-9999,-9999,-9999,-9999,-9999,-9999,-9999,-9999,-9999,-9999,-9999,-9999,-9999,-9999,-9999,-9999,-9999,-9999,-9999,-9999,-9999,-9999,-9999,-9999,-9999,-9999,-9999,-9999,-9999,-9999,-9999,-9999,-9999,-9999,-9999,-9999,-9999,-9999,-9999,-9999,-9999,-9999,-9999,-9999,-9999,-9999,-9999,-9999,-9999,-9999,-9999,-9999,-9999,-9999,-9999,-9999,-9999,-9999,-9999,-9999,-9999,-9999,-9999,-9999,-9999,-9999,-9999,-9999,-9999,36.3571853637695,36.5769805908203,36.6781806945801,36.8419723510742,37.1007080078125,36.9743423461914,36.3966331481934,33.8445014953613,29.7632007598877,27.066951751709,24.9937686920166,20.5838146209717,15.6228351593018,18.8523063659668,21.0698165893555,17.956184387207,16.9319152832031,21.1328811645508,17.6448078155518,-9999,-9999,-9999,-9999,-9999,-9999,-9999,-9999,-9999,-9999,-9999,-9999,-9999,-9999,-9999
-9999,-9999,-9999,-9999,30.6313285827637,30.0687141418457,30.9356136322021,35.3373146057129,39.0575790405273,40.1492919921875,40.8011512756348,40.6520919799805,40.5407447814941,40.6440925598145,40.3216438293457,39.4868850708008,-9999,-9999,-9999,-9999,-9999,-9999,-9999,-9999,-9999,-9999,-9999,-9999,-9999,-9999,-9999,-9999,-9999,-9999,-9999,-9999,-9999,-9999,-9999,-9999,-9999,-9999,-9999,-9999,-9999,-9999,-9999,-9999,-9999,-9999,-9999,-9999,-9999,-9999,-9999,-9999,-9999,-9999,-9999,-9999,-9999,-9999,-9999,-9999,-9999,-9999,-9999,-9999,-9999,-9999,-9999,-9999,-9999,-9999,-9999,-9999,-9999,-9999,-9999,-9999,-9999,-9999,-9999,-9999,-9999,-9999,-9999,-9999,-9999,-9999,-9999,-9999,-9999,-9999,-9999,-9999,-9999,36.0539321899414,36.2735633850098,36.3423767089844,36.4945068359375,36.775203704834,36.9505348205566,36.9785270690918,36.0289993286133,34.3656272888184,30.4493103027344,25.5610599517822,22.926139831543,20.7904624938965,19.0310077667236,17.4640712738037,16.305534362793,15.9638252258301,17.472993850708,18.9935150146484,-9999,-9999,-9999,-9999,-9999,-9999,-9999,-9999,-9999,-9999,-9999,-9999,-9999,-9999,-9999
-9999,-9999,-9999,-9999,30.8362274169922,30.9010639190674,31.7105617523193,36.5012321472168,40.4251251220703,40.4866638183594,40.2789497375488,40.3652114868164,40.351505279541,40.1509666442871,39.6154937744141,-9999,-9999,-9999,-9999,-9999,-9999,-9999,-9999,-9999,-9999,-9999,-9999,-9999,-9999,-9999,-9999,-9999,-9999,-9999,-9999,-9999,-9999,-9999,-9999,-9999,-9999,-9999,-9999,-9999,-9999,-9999,-9999,-9999,-9999,-9999,-9999,-9999,-9999,-9999,-9999,-9999,-9999,-9999,-9999,-9999,-9999,-9999,-9999,-9999,-9999,-9999,-9999,-9999,-9999,-9999,-9999,-9999,-9999,-9999,-9999,-9999,-9999,-9999,-9999,-9999,-9999,-9999,-9999,-9999,-9999,-9999,-9999,-9999,-9999,-9999,-9999,-9999,-9999,-9999,-9999,-9999,-9999,35.7090835571289,35.9372406005859,35.980167388916,36.0913696289063,36.3031845092773,36.5575675964355,36.8457870483398,36.757209777832,36.3777160644531,32.1176834106445,25.9582195281982,24.2861804962158,23.1679840087891,18.4873847961426,14.4037981033325,15.177809715271,15.7496356964111,15.8744668960571,16.6759834289551,13.6705074310303,-9999,-9999,-9999,-9999,-9999,-9999,-9999,-9999,-9999,-9999,-9999,-9999,-9999,-9999
-9999,-9999,-9999,-9999,31.1632385253906,31.0344142913818,32.0653915405273,36.5459365844727,40.3960418701172,40.4232215881348,40.2350959777832,40.5697326660156,40.571704864502,39.868350982666,39.0224456787109,-9999,-9999,-9999,-9999,-9999,-9999,-9999,-9999,-9999,-9999,-9999,-9999,-9999,-9999,-9999,-9999,-9999,-9999,-9999,-9999,-9999,-9999,-9999,-9999,-9999,-9999,-9999,-9999,-9999,-9999,-9999,-9999,-9999,-9999,-9999,-9999,-9999,-9999,-9999,-9999,-9999,-9999,-9999,-9999,-9999,-9999,-9999,-9999,-9999,-9999,-9999,-9999,-9999,-9999,-9999,-9999,-9999,-9999,-9999,-9999,-9999,-9999,-9999,-9999,-9999,-9999,-9999,-9999,-9999,-9999,-9999,-9999,-9999,-9999,-9999,-9999,-9999,-9999,-9999,-9999,-9999,-9999,35.3111038208008,35.5592803955078,35.5856399536133,35.6129417419434,35.6327476501465,35.677677154541,35.7429695129395,35.7091445922852,35.5819931030273,31.7235069274902,26.1583061218262,24.3267250061035,22.918083190918,17.3845481872559,12.7585849761963,15.3038997650146,16.7607669830322,17.2088470458984,17.8180274963379,18.6937713623047,13.9640302658081,-9999,-9999,-9999,-9999,-9999,-9999,-9999,-9999,-9999,-9999,-9999,-9999,-9999
-9999,-9999,-9999,-9999,26.6549663543701,31.1529273986816,32.2182693481445,35.7344741821289,38.916316986084,39.1340637207031,39.1909790039063,40.0779800415039,40.3775100708008,39.5429000854492,-9999,-9999,-9999,-9999,-9999,-9999,-9999,-9999,-9999,-9999,-9999,-9999,-9999,-9999,-9999,-9999,-9999,-9999,-9999,-9999,-9999,-9999,-9999,-9999,-9999,-9999,-9999,-9999,-9999,-9999,-9999,-9999,-9999,-9999,-9999,-9999,-9999,-9999,-9999,-9999,-9999,-9999,-9999,-9999,-9999,-9999,-9999,-9999,-9999,-9999,-9999,-9999,-9999,-9999,-9999,-9999,-9999,-9999,-9999,-9999,-9999,-9999,-9999,-9999,-9999,-9999,-9999,-9999,-9999,-9999,-9999,-9999,-9999,-9999,-9999,-9999,-9999,-9999,-9999,-9999,-9999,-9999,-9999,34.8766059875488,35.142951965332,35.1841239929199,35.1812400817871,35.0968208312988,35.0931854248047,35.1679306030273,34.9972229003906,34.6725463867188,32.4694404602051,29.507396697998,26.3645648956299,22.9061660766602,18.4625816345215,14.6517705917358,15.277943611145,15.8322858810425,16.5184364318848,17.4701747894287,18.2961654663086,18.9700374603271,17.0862121582031,16.4728355407715,-9999,-9999,-9999,-9999,-9999,-9999,-9999,-9999,-9999,-9999,-9999
-9999,-9999,-9999,-9999,29.2591094970703,31.3706150054932,32.8481636047363,34.4176788330078,36.1052742004395,36.6486396789551,37.3233871459961,39.0349731445313,39.8664398193359,39.1859855651855,-9999,-9999,-9999,-9999,-9999,-9999,-9999,-9999,-9999,-9999,-9999,-9999,-9999,-9999,-9999,-9999,-9999,-9999,-9999,-9999,-9999,-9999,-9999,-9999,-9999,-9999,-9999,-9999,-9999,-9999,-9999,-9999,-9999,-9999,-9999,-9999,-9999,-9999,-9999,-9999,-9999,-9999,-9999,-9999,-9999,-9999,-9999,-9999,-9999,-9999,-9999,-9999,-9999,-9999,-9999,-9999,-9999,-9999,-9999,-9999,-9999,-9999,-9999,-9999,-9999,-9999,-9999,-9999,-9999,-9999,-9999,-9999,-9999,-9999,-9999,-9999,-9999,-9999,-9999,-9999,-9999,-9999,-9999,-9999,34.6948394775391,34.775505065918,34.7838439941406,34.6673126220703,34.745304107666,35.0126838684082,34.5595588684082,33.6414451599121,33.9481811523438,34.538215637207,29.6190567016602,23.0988616943359,21.1285228729248,19.0395374298096,15.945631980896,13.5684986114502,14.1688776016235,15.5062379837036,17.7608852386475,18.6509552001953,18.8962440490723,-9999,-9999,-9999,-9999,-9999,-9999,-9999,-9999,-9999,-9999,-9999,-9999
-9999,-9999,-9999,-9999,28.6760425567627,30.6082096099854,30.6238327026367,31.0334606170654,32.5111618041992,34.7462196350098,36.8978080749512,38.276065826416,38.9653015136719,38.7370414733887,-9999,-9999,-9999,-9999,-9999,-9999,-9999,-9999,-9999,-9999,-9999,-9999,-9999,-9999,-9999,-9999,-9999,-9999,-9999,-9999,-9999,-9999,-9999,-9999,-9999,-9999,-9999,-9999,-9999,-9999,-9999,-9999,-9999,-9999,-9999,-9999,-9999,-9999,-9999,-9999,-9999,-9999,-9999,-9999,-9999,-9999,-9999,-9999,-9999,-9999,-9999,-9999,-9999,-9999,-9999,-9999,-9999,-9999,-9999,-9999,-9999,-9999,-9999,-9999,-9999,-9999,-9999,-9999,-9999,-9999,-9999,-9999,-9999,-9999,-9999,-9999,-9999,-9999,-9999,-9999,-9999,-9999,-9999,-9999,34.2865600585938,34.3827972412109,34.4043617248535,34.2983055114746,34.4262046813965,34.7754669189453,34.5352554321289,33.9259262084961,34.7898216247559,35.9660949707031,30.6273956298828,23.4048862457275,22.1060333251953,20.0934162139893,15.4447231292725,12.0500726699829,12.3601398468018,13.9489068984985,16.9279804229736,23.5575675964355,31.8426132202148,29.4539813995361,34.6369018554688,-9999,-9999,-9999,-9999,-9999,-9999,-9999,-9999,-9999,-9999
-9999,-9999,-9999,-9999,-9999,22.0458297729492,28.0446472167969,29.1184425354004,28.742130279541,33.2104530334473,36.8196144104004,37.4921455383301,37.8537750244141,38.2398567199707,-9999,-9999,-9999,-9999,-9999,-9999,-9999,-9999,-9999,-9999,-9999,-9999,-9999,-9999,-9999,-9999,-9999,-9999,-9999,-9999,-9999,-9999,-9999,-9999,-9999,-9999,-9999,-9999,-9999,-9999,-9999,-9999,-9999,-9999,-9999,-9999,-9999,-9999,-9999,-9999,-9999,-9999,-9999,-9999,-9999,-9999,-9999,-9999,-9999,-9999,-9999,-9999,-9999,-9999,-9999,-9999,-9999,-9999,-9999,-9999,-9999,-9999,-9999,-9999,-9999,-9999,-9999,-9999,-9999,-9999,-9999,-9999,-9999,-9999,-9999,-9999,-9999,-9999,-9999,-9999,-9999,-9999,-9999,-9999,33.8922538757324,33.9937362670898,34.029914855957,33.9572944641113,34.1195030212402,34.5002021789551,34.6943092346191,34.7671051025391,35.4324226379395,36.1148071289063,30.7816162109375,23.7637386322021,22.0684146881104,19.8036632537842,14.9495477676392,11.075177192688,10.7146043777466,12.2406368255615,16.1285266876221,23.1500625610352,31.4722499847412,34.0084991455078,35.4862251281738,32.3881912231445,-9999,-9999,-9999,-9999,-9999,-9999,-9999,-9999,-9999
-9999,-9999,-9999,-9999,-9999,25.1853981018066,26.4623680114746,26.2280540466309,27.7356376647949,33.1385459899902,36.7366104125977,37.170036315918,37.5505867004395,38.038990020752,-9999,-9999,-9999,-9999,-9999,-9999,-9999,-9999,-9999,-9999,-9999,-9999,-9999,-9999,-9999,-9999,-9999,-9999,-9999,-9999,-9999,-9999,-9999,-9999,-9999,-9999,-9999,-9999,-9999,-9999,-9999,-9999,-9999,-9999,-9999,-9999,-9999,-9999,-9999,-9999,-9999,-9999,-9999,-9999,-9999,-9999,-9999,-9999,-9999,-9999,-9999,-9999,-9999,-9999,-9999,-9999,-9999,-9999,-9999,-9999,-9999,-9999,-9999,-9999,-9999,-9999,-9999,-9999,-9999,-9999,-9999,-9999,-9999,-9999,-9999,-9999,-9999,-9999,-9999,-9999,-9999,-9999,-9999,-9999,33.504768371582,33.613941192627,33.6686897277832,33.6403465270996,33.7828330993652,34.0791397094727,34.2841987609863,34.4179267883301,35.1230926513672,35.8398323059082,30.7851276397705,24.0389099121094,22.333194732666,20.0163040161133,14.704231262207,10.9280834197998,11.5875120162964,13.569655418396,17.0084667205811,22.5532855987549,28.9153003692627,33.5774307250977,36.9721336364746,37.8637962341309,-9999,-9999,-9999,-9999,-9999,-9999,-9999,-9999,-9999
-9999,-9999,-9999,-9999,-9999,25.1053066253662,25.2554187774658,26.0994110107422,27.3474884033203,32.9177207946777,36.7845916748047,37.1141929626465,37.4251403808594,37.9072265625,-9999,-9999,-9999,-9999,-9999,-9999,-9999,-9999,-9999,-9999,-9999,-9999,-9999,-9999,-9999,-9999,-9999,-9999,-9999,-9999,-9999,-9999,-9999,-9999,-9999,-9999,-9999,-9999,-9999,-9999,-9999,-9999,-9999,-9999,-9999,-9999,-9999,-9999,-9999,-9999,-9999,-9999,-9999,-9999,-9999,-9999,-9999,-9999,-9999,-9999,-9999,-9999,-9999,-9999,-9999,-9999,-9999,-9999,-9999,-9999,-9999,-9999,-9999,-9999,-9999,-9999,-9999,-9999,-9999,-9999,-9999,-9999,-9999,-9999,-9999,-9999,-9999,-9999,-9999,-9999,-9999,-9999,-9999,-9999,-9999,33.2316665649414,33.3068733215332,33.3268508911133,33.4379081726074,33.626407623291,33.749153137207,33.8089752197266,34.6458320617676,35.5234870910645,30.7217292785645,24.3021373748779,22.6388549804688,20.3573532104492,14.6683788299561,11.0454130172729,13.163028717041,15.2581224441528,18.3995304107666,22.0819644927979,26.0288543701172,31.1506404876709,36.868537902832,38.2733421325684,-9999,-9999,-9999,-9999,-9999,-9999,-9999,-9999,-9999
-9999,-9999,-9999,-9999,-9999,-9999,24.2659225463867,24.6144847869873,25.9608287811279,32.0976448059082,36.3892059326172,36.8434753417969,37.174976348877,-9999,-9999,-9999,-9999,-9999,-9999,-9999,-9999,-9999,-9999,-9999,-9999,-9999,-9999,-9999,-9999,-9999,-9999,-9999,-9999,-9999,-9999,-9999,-9999,-9999,-9999,-9999,-9999,-9999,-9999,-9999,-9999,-9999,-9999,-9999,-9999,-9999,-9999,-9999,-9999,-9999,-9999,-9999,-9999,-9999,-9999,-9999,-9999,-9999,-9999,-9999,-9999,-9999,-9999,-9999,-9999,-9999,-9999,-9999,-9999,-9999,-9999,-9999,-9999,-9999,-9999,-9999,-9999,-9999,-9999,-9999,-9999,-9999,-9999,-9999,-9999,-9999,-9999,-9999,-9999,-9999,-9999,-9999,-9999,-9999,-9999,32.9618606567383,33.0622711181641,33.1227111816406,33.2220878601074,33.3497619628906,33.6717376708984,34.0859527587891,34.6079406738281,35.0073738098145,30.4723587036133,24.5838012695313,22.9764289855957,21.0803985595703,17.8203372955322,15.0002069473267,13.5349426269531,13.374192237854,14.9176139831543,19.3545780181885,25.5282669067383,29.6609153747559,32.7443733215332,34.355167388916,-9999,-9999,-9999,-9999,-9999,-9999,-9999,-9999,-9999
-9999,-9999,-9999,-9999,-9999,-9999,22.8382148742676,22.5745582580566,24.5992298126221,31.2491569519043,36.0472068786621,36.5602874755859,36.9093017578125,-9999,-9999,-9999,-9999,-9999,-9999,-9999,-9999,-9999,-9999,-9999,-9999,-9999,-9999,-9999,-9999,-9999,-9999,-9999,-9999,-9999,-9999,-9999,-9999,-9999,-9999,-9999,-9999,-9999,-9999,-9999,-9999,-9999,-9999,-9999,-9999,-9999,-9999,-9999,-9999,-9999,-9999,-9999,-9999,-9999,-9999,-9999,-9999,-9999,-9999,-9999,-9999,-9999,-9999,-9999,-9999,-9999,-9999,-9999,-9999,-9999,-9999,-9999,-9999,-9999,-9999,-9999,-9999,-9999,-9999,-9999,-9999,-9999,-9999,-9999,-9999,-9999,-9999,-9999,-9999,-9999,-9999,-9999,-9999,-9999,-9999,32.7056541442871,32.8285140991211,32.9199752807617,33.007682800293,33.0848693847656,33.5937004089355,34.336311340332,34.5570869445801,34.5121231079102,30.2537288665771,24.8381786346436,23.3573017120361,21.8500003814697,20.6907653808594,18.6376914978027,14.2054920196533,11.4227657318115,11.2701053619385,16.5546493530273,25.0756816864014,27.5078468322754,28.0404052734375,23.9949970245361,17.5931015014648,15.9311552047729,-9999,-9999,-9999,-9999,-9999,-9999,-9999
-9999,-9999,-9999,-9999,-9999,-9999,21.4660320281982,21.8923797607422,22.9532108306885,30.2418346405029,35.289436340332,36.0149269104004,36.6296348571777,-9999,-9999,-9999,-9999,-9999,-9999,-9999,-9999,-9999,-9999,-9999,-9999,-9999,-9999,-9999,-9999,-9999,-9999,-9999,-9999,-9999,-9999,-9999,-9999,-9999,-9999,-9999,-9999,-9999,-9999,-9999,-9999,-9999,-9999,-9999,-9999,-9999,-9999,-9999,-9999,-9999,-9999,-9999,-9999,-9999,-9999,-9999,-9999,-9999,-9999,-9999,-9999,-9999,-9999,-9999,-9999,-9999,-9999,-9999,-9999,-9999,-9999,-9999,-9999,-9999,-9999,-9999,-9999,-9999,-9999,-9999,-9999,-9999,-9999,-9999,-9999,-9999,-9999,-9999,-9999,-9999,-9999,-9999,-9999,-9999,-9999,32.5718231201172,32.665340423584,32.6901626586914,32.7507858276367,32.8345642089844,33.3240776062012,34.0348968505859,34.2637329101563,34.2735176086426,30.1660842895508,24.9782695770264,23.6127605438232,22.227819442749,20.9511947631836,18.7580490112305,13.8597059249878,11.5485820770264,12.7761249542236,15.9532470703125,20.6716270446777,21.8758773803711,21.5366401672363,19.6805553436279,17.4022598266602,13.3883295059204,8.13751316070557,-9999,-9999,-9999,-9999,-9999,-9999
-9999,-9999,-9999,-9999,-9999,-9999,-9999,-9999,-9999,-9999,-9999,-9999,-9999,-9999,-9999,-9999,-9999,-9999,-9999,-9999,-9999,-9999,-9999,-9999,-9999,-9999,-9999,-9999,-9999,-9999,-9999,-9999,-9999,-9999,-9999,-9999,-9999,-9999,-9999,-9999,-9999,-9999,-9999,-9999,-9999,-9999,-9999,-9999,-9999,-9999,-9999,-9999,-9999,-9999,-9999,-9999,-9999,-9999,-9999,-9999,-9999,-9999,-9999,-9999,-9999,-9999,-9999,-9999,-9999,-9999,-9999,-9999,-9999,-9999,-9999,-9999,-9999,-9999,-9999,-9999,-9999,-9999,-9999,-9999,-9999,-9999,-9999,-9999,-9999,-9999,-9999,-9999,-9999,-9999,-9999,-9999,-9999,-9999,-9999,-9999,32.490364074707,32.460693359375,32.5041770935059,32.6066665649414,33.089916229248,33.781379699707,33.9978256225586,33.9875907897949,30.5978546142578,26.3990993499756,24.4827098846436,22.5694808959961,21.2686519622803,18.9635524749756,13.7097654342651,11.4938707351685,13.5689449310303,15.3083505630493,16.311056137085,15.9479713439941,14.7289295196533,15.2136306762695,15.8942127227783,9.9169225692749,7.67387294769287,3.01734256744385,-9999,-9999,-9999,-9999,-9999
-9999,-9999,-9999,-9999,-9999,-9999,-9999,-9999,-9999,-9999,-9999,-9999,-9999,-9999,-9999,-9999,-9999,-9999,-9999,-9999,-9999,-9999,-9999,-9999,-9999,-9999,-9999,-9999,-9999,-9999,-9999,-9999,-9999,-9999,-9999,-9999,-9999,-9999,-9999,-9999,-9999,-9999,-9999,-9999,-9999,-9999,-9999,-9999,-9999,-9999,-9999,-9999,-9999,-9999,-9999,-9999,-9999,-9999,-9999,-9999,-9999,-9999,-9999,-9999,-9999,-9999,-9999,-9999,-9999,-9999,-9999,-9999,-9999,-9999,-9999,-9999,-9999,-9999,-9999,-9999,-9999,-9999,-9999,-9999,-9999,-9999,-9999,-9999,-9999,-9999,-9999,-9999,-9999,-9999,-9999,-9999,-9999,-9999,-9999,-9999,32.2791519165039,32.2378234863281,32.3065147399902,32.4726181030273,32.9957504272461,33.7109909057617,33.8826789855957,33.8172950744629,33.0352401733398,32.0423851013184,27.4335765838623,22.8427562713623,21.5819854736328,19.1045589447021,13.8507785797119,11.5742282867432,13.0987796783447,13.6358346939087,13.4805488586426,12.0639753341675,10.1782493591309,9.8877592086792,9.49654102325439,6.90286493301392,3.33604502677917,3.26868200302124,2.76923370361328,-9999,-9999,-9999,-9999
-9999,-9999,-9999,-9999,-9999,-9999,-9999,-9999,-9999,-9999,-9999,-9999,-9999,-9999,-9999,-9999,-9999,-9999,-9999,-9999,-9999,-9999,-9999,-9999,-9999,-9999,-9999,-9999,-9999,-9999,-9999,-9999,-9999,-9999,-9999,-9999,-9999,-9999,-9999,-9999,-9999,-9999,-9999,-9999,-9999,-9999,-9999,-9999,-9999,-9999,-9999,-9999,-9999,-9999,-9999,-9999,-9999,-9999,-9999,-9999,-9999,-9999,-9999,-9999,-9999,-9999,-9999,-9999,-9999,-9999,-9999,-9999,-9999,-9999,-9999,-9999,-9999,-9999,-9999,-9999,-9999,-9999,-9999,-9999,-9999,-9999,-9999,-9999,-9999,-9999,-9999,-9999,-9999,-9999,-9999,-9999,-9999,-9999,-9999,-9999,32.0861625671387,32.0572395324707,32.1481246948242,32.3610572814941,32.8019981384277,33.3649063110352,33.619873046875,33.70703125,34.5390586853027,35.2523918151855,29.2824153900146,23.0604667663574,21.8565158843994,19.5182304382324,14.1699905395508,11.3450489044189,12.4001474380493,12.1376371383667,10.9800548553467,9.21064567565918,7.31751728057861,6.30221033096313,5.15412139892578,4.28539991378784,3.44840717315674,2.76284742355347,2.51986265182495,-9999,-9999,-9999,-9999
-9999,-9999,-9999,-9999,-9999,-9999,-9999,-9999,-9999,-9999,-9999,-9999,-9999,-9999,-9999,-9999,-9999,-9999,-9999,-9999,-9999,-9999,-9999,-9999,-9999,-9999,-9999,-9999,-9999,-9999,-9999,-9999,-9999,-9999,-9999,-9999,-9999,-9999,-9999,-9999,-9999,-9999,-9999,-9999,-9999,-9999,-9999,-9999,-9999,-9999,-9999,-9999,-9999,-9999,-9999,-9999,-9999,-9999,-9999,-9999,-9999,-9999,-9999,-9999,-9999,-9999,-9999,-9999,-9999,-9999,-9999,-9999,-9999,-9999,-9999,-9999,-9999,-9999,-9999,-9999,-9999,-9999,-9999,-9999,-9999,-9999,-9999,-9999,-9999,-9999,-9999,-9999,-9999,-9999,-9999,-9999,-9999,-9999,-9999,-9999,-9999,31.9545097351074,32.0739555358887,32.2968826293945,32.4182205200195,32.4767227172852,33.0604858398438,33.7008323669434,34.602466583252,35.3202018737793,29.4071998596191,23.2845802307129,22.172212600708,19.9229793548584,14.5915079116821,11.5344133377075,12.4818201065063,11.8017082214355,9.62481784820557,8.40600490570068,7.83941459655762,6.30625009536743,3.83802509307861,3.30506753921509,3.00840330123901,2.57938194274902,2.28178334236145,-9999,-9999,3.31211400032043,3.36310148239136
-9999,-9999,-9999,-9999,-9999,-9999,-9999,-9999,-9999,-9999,-9999,-9999,-9999,-9999,-9999,-9999,-9999,-9999,-9999,-9999,-9999,-9999,-9999,-9999,-9999,-9999,-9999,-9999,-9999,-9999,-9999,-9999,-9999,-9999,-9999,-9999,-9999,-9999,-9999,-9999,-9999,-9999,-9999,-9999,-9999,-9999,-9999,-9999,-9999,-9999,-9999,-9999,-9999,-9999,-9999,-9999,-9999,-9999,-9999,-9999,-9999,-9999,-9999,-9999,-9999,-9999,-9999,-9999,-9999,-9999,-9999,-9999,-9999,-9999,-9999,-9999,-9999,-9999,-9999,-9999,-9999,-9999,-9999,-9999,-9999,-9999,-9999,-9999,-9999,-9999,-9999,-9999,-9999,-9999,-9999,-9999,-9999,-9999,-9999,-9999,-9999,-9999,32.0178565979004,32.194019317627,32.1501541137695,31.9642810821533,32.6852951049805,33.5695343017578,34.5657958984375,35.3648948669434,29.5902233123779,23.3323707580566,20.2129211425781,16.7536487579346,12.6274137496948,10.3089056015015,10.9065237045288,9.69869136810303,7.54908609390259,6.88759088516235,6.99515008926392,5.6590895652771,2.95487356185913,2.97234010696411,2.75561809539795,2.64113807678223,2.65776395797729,3.03058815002441,3.29016971588135,3.36757206916809,3.41045904159546
-9999,-9999,-9999,-9999,-9999,-9999,-9999,-9999,-9999,-9999,-9999,-9999,-9999,-9999,-9999,-9999,-9999,-9999,-9999,-9999,-9999,-9999,-9999,-9999,-9999,-9999,-9999,-9999,-9999,-9999,-9999,-9999,-9999,-9999,-9999,-9999,-9999,-9999,-9999,-9999,-9999,-9999,-9999,-9999,-9999,-9999,-9999,-9999,-9999,-9999,-9999,-9999,-9999,-9999,-9999,-9999,-9999,-9999,-9999,-9999,-9999,-9999,-9999,-9999,-9999,-9999,-9999,-9999,-9999,-9999,-9999,-9999,-9999,-9999,-9999,-9999,-9999,-9999,-9999,-9999,-9999,-9999,-9999,-9999,-9999,-9999,-9999,-9999,-9999,-9999,-9999,-9999,-9999,-9999,-9999,-9999,-9999,-9999,-9999,-9999,-9999,-9999,-9999,32.050853729248,32.0128021240234,31.8955612182617,32.5070495605469,33.2172241210938,34.4333267211914,35.4405364990234,29.8691825866699,23.2308902740479,15.4183101654053,8.9638557434082,7.89434432983398,7.30039405822754,7.5207085609436,6.82197284698486,4.68281316757202,4.0478343963623,4.30056381225586,3.7552969455719,3.43211221694946,3.33437561988831,3.19815230369568,3.19027018547058,3.2539644241333,3.32934856414795,3.17633271217346,2.99915170669556,2.88997983932495
-9999,-9999,-9999,-9999,-9999,-9999,-9999,-9999,-9999,-9999,-9999,-9999,-9999,-9999,-9999,-9999,-9999,-9999,-9999,-9999,-9999,-9999,-9999,-9999,-9999,-9999,-9999,-9999,-9999,-9999,-9999,-9999,-9999,-9999,-9999,-9999,-9999,-9999,-9999,-9999,-9999,-9999,-9999,-9999,-9999,-9999,-9999,-9999,-9999,-9999,-9999,-9999,-9999,-9999,-9999,-9999,-9999,-9999,-9999,-9999,-9999,-9999,-9999,-9999,-9999,-9999,-9999,-9999,-9999,-9999,-9999,-9999,-9999,-9999,-9999,-9999,-9999,-9999,-9999,-9999,-9999,-9999,-9999,-9999,-9999,-9999,-9999,-9999,-9999,-9999,-9999,-9999,-9999,-9999,-9999,-9999,-9999,-9999,-9999,-9999,-9999,-9999,-9999,31.9153079986572,31.9628810882568,32.0372581481934,32.3946380615234,32.7503395080566,33.8822975158691,34.9003410339355,29.7615928649902,23.3372344970703,13.6166477203369,6.20257711410522,6.53918743133545,6.82097053527832,6.98307323455811,6.00351905822754,3.52758622169495,2.73601937294006,3.003586769104,3.14848494529724,3.35346078872681,3.29706621170044,3.33347630500793,3.26364994049072,3.33765149116516,2.99917149543762,4.49500751495361,9.46116256713867,15.0144319534302
-9999,-9999,-9999,-9999,-9999,-9999,-9999,-9999,-9999,-9999,-9999,-9999,-9999,-9999,-9999,-9999,-9999,-9999,-9999,-9999,-9999,-9999,-9999,-9999,-9999,-9999,-9999,-9999,-9999,-9999,-9999,-9999,-9999,-9999,-9999,-9999,-9999,-9999,-9999,-9999,-9999,-9999,-9999,-9999,-9999,-9999,-9999,-9999,-9999,-9999,-9999,-9999,-9999,-9999,-9999,-9999,-9999,-9999,-9999,-9999,-9999,-9999,-9999,-9999,-9999,-9999,-9999,-9999,-9999,-9999,-9999,-9999,-9999,-9999,-9999,-9999,-9999,-9999,-9999,-9999,-9999,-9999,-9999,-9999,-9999,-9999,-9999,-9999,-9999,-9999,-9999,-9999,-9999,-9999,-9999,-9999,-9999,-9999,-9999,-9999,-9999,-9999,-9999,-9999,31.9850387573242,32.3160858154297,32.4653968811035,32.5044021606445,33.0588760375977,33.9300193786621,29.3563919067383,22.8847503662109,13.3805408477783,6.55006122589111,7.28854656219482,7.51560211181641,7.77766418457031,6.46424198150635,3.67846250534058,2.53703927993774,2.59242415428162,2.65129232406616,2.69756507873535,2.49430251121521,2.42390203475952,2.47553110122681,2.41569089889526,2.15441083908081,6.65246057510376,20.1798210144043,30.8290252685547
-9999,-9999,-9999,-9999,-9999,-9999,-9999,-9999,-9999,-9999,-9999,-9999,-9999,-9999,-9999,-9999,-9999,-9999,-9999,-9999,-9999,-9999,-9999,-9999,-9999,-9999,-9999,-9999,-9999,-9999,-9999,-9999,-9999,-9999,-9999,-9999,-9999,-9999,-9999,-9999,-9999,-9999,-9999,-9999,-9999,-9999,-9999,-9999,-9999,-9999,-9999,-9999,-9999,-9999,-9999,-9999,-9999,-9999,-9999,-9999,-9999,-9999,-9999,-9999,-9999,-9999,-9999,-9999,-9999,-9999,-9999,-9999,-9999,-9999,-9999,-9999,-9999,-9999,-9999,-9999,-9999,-9999,-9999,-9999,-9999,-9999,-9999,-9999,-9999,-9999,-9999,-9999,-9999,-9999,-9999,-9999,-9999,-9999,-9999,-9999,-9999,-9999,-9999,-9999,-9999,-9999,32.2231864929199,32.1284942626953,32.6838264465332,33.2459983825684,30.3435726165771,25.8281154632568,18.7531185150146,13.2576293945313,11.562780380249,10.5335416793823,10.6990642547607,9.86482810974121,8.1389331817627,8.82743167877197,10.921968460083,11.0248537063599,10.6074266433716,12.0684938430786,14.224063873291,15.6555452346802,16.6182117462158,16.0805435180664,18.3825988769531,26.2020015716553,32.6739807128906
-9999,-9999,-9999,-9999,-9999,-9999,-9999,-9999,-9999,-9999,-9999,-9999,-9999,-9999,-9999,-9999,-9999,-9999,-9999,-9999,-9999,-9999,-9999,-9999,-9999,-9999,-9999,-9999,-9999,-9999,-9999,-9999,-9999,-9999,-9999,-9999,-9999,-9999,-9999,-9999,-9999,-9999,-9999,-9999,-9999,-9999,-9999,-9999,-9999,-9999,-9999,-9999,-9999,-9999,-9999,-9999,-9999,-9999,-9999,-9999,-9999,-9999,-9999,-9999,-9999,-9999,-9999,-9999,-9999,-9999,-9999,-9999,-9999,-9999,-9999,-9999,-9999,-9999,-9999,-9999,-9999,-9999,-9999,-9999,-9999,-9999,-9999,-9999,-9999,-9999,-9999,-9999,-9999,-9999,-9999,-9999,-9999,-9999,-9999,-9999,-9999,-9999,-9999,-9999,-9999,-9999,-9999,-9999,31.9239540100098,32.1793251037598,31.889965057373,31.1856803894043,27.6127452850342,23.1746120452881,17.7358779907227,14.6378936767578,15.4073295593262,15.4920473098755,14.475154876709,17.6615581512451,22.5811729431152,22.872932434082,22.0359420776367,24.8111705780029,27.6574306488037,29.9313640594482,31.5905609130859,31.0156116485596,30.6088619232178,30.5823955535889,-9999
-9999,-9999,-9999,-9999,-9999,-9999,-9999,-9999,-9999,-9999,-9999,-9999,-9999,-9999,-9999,-9999,-9999,-9999,-9999,-9999,-9999,-9999,-9999,-9999,-9999,-9999,-9999,-9999,-9999,-9999,-9999,-9999,-9999,-9999,-9999,-9999,-9999,-9999,-9999,-9999,-9999,-9999,-9999,-9999,-9999,-9999,-9999,-9999,-9999,-9999,-9999,-9999,-9999,-9999,-9999,-9999,-9999,-9999,-9999,-9999,-9999,-9999,-9999,-9999,-9999,-9999,-9999,-9999,-9999,-9999,-9999,-9999,-9999,-9999,-9999,-9999,-9999,-9999,-9999,-9999,-9999,-9999,-9999,-9999,-9999,-9999,-9999,-9999,-9999,-9999,-9999,-9999,-9999,-9999,-9999,-9999,-9999,-9999,-9999,-9999,-9999,-9999,-9999,-9999,-9999,-9999,-9999,-9999,-9999,-9999,31.6595458984375,31.4546852111816,29.636157989502,27.4942512512207,24.5993194580078,22.8334522247314,22.9589023590088,22.784969329834,22.3378353118896,23.9996948242188,26.5868301391602,26.7870674133301,26.3876934051514,27.8619174957275,29.4108047485352,30.6944980621338,31.6444339752197,31.2571601867676,-9999,-9999,-9999
-9999,-9999,-9999,-9999,-9999,-9999,-9999,-9999,-9999,-9999,-9999,-9999,-9999,-9999,-9999,-9999,-9999,-9999,-9999,-9999,-9999,-9999,-9999,-9999,-9999,-9999,-9999,-9999,-9999,-9999,-9999,-9999,-9999,-9999,-9999,-9999,-9999,-9999,-9999,-9999,-9999,-9999,-9999,-9999,-9999,-9999,-9999,-9999,-9999,-9999,-9999,-9999,-9999,-9999,-9999,-9999,-9999,-9999,-9999,-9999,-9999,-9999,-9999,-9999,-9999,-9999,-9999,-9999,-9999,-9999,-9999,-9999,-9999,-9999,-9999,-9999,-9999,-9999,-9999,-9999,-9999,-9999,-9999,-9999,-9999,-9999,-9999,-9999,-9999,-9999,-9999,-9999,-9999,-9999,-9999,-9999,-9999,-9999,-9999,-9999,-9999,-9999,-9999,-9999,-9999,-9999,-9999,-9999,-9999,-9999,-9999,-9999,-9999,-9999,-9999,-9999,-9999,-9999,-9999,-9999,-9999,-9999,-9999,-9999,-9999,-9999,-9999,-9999,-9999,-9999,-9999
-9999,-9999,-9999,-9999,-9999,-9999,-9999,-9999,-9999,-9999,-9999,-9999,-9999,-9999,-9999,-9999,-9999,-9999,-9999,-9999,-9999,-9999,-9999,-9999,-9999,-9999,-9999,-9999,-9999,-9999,-9999,-9999,-9999,-9999,-9999,-9999,-9999,-9999,-9999,-9999,-9999,-9999,-9999,-9999,-9999,-9999,-9999,-9999,-9999,-9999,-9999,-9999,-9999,-9999,-9999,-9999,-9999,-9999,-9999,-9999,-9999,-9999,-9999,-9999,-9999,-9999,-9999,-9999,-9999,-9999,-9999,-9999,-9999,-9999,-9999,-9999,-9999,-9999,-9999,-9999,-9999,-9999,-9999,-9999,-9999,-9999,-9999,-9999,-9999,-9999,-9999,-9999,-9999,-9999,-9999,-9999,-9999,-9999,-9999,-9999,-9999,-9999,-9999,-9999,-9999,-9999,-9999,-9999,-9999,-9999,-9999,-9999,-9999,-9999,-9999,-9999,-9999,-9999,-9999,-9999,-9999,-9999,-9999,-9999,-9999,-9999,-9999,-9999,-9999,-9999,-9999

Step,181
Year,15.08333
-9999,-9999,-9999,-9999,-9999,-9999,-9999,-9999,-9999,-9999,-9999,-9999,-9999,-9999,-9999,-9999,-9999,-9999,-9999,-9999,-9999,-9999,-9999,-9999,-9999,-9999,-9999,-9999,-9999,-9999,-9999,-9999,-9999,-9999,-9999,-9999,-9999,-9999,-9999,-9999,-9999,-9999,-9999,-9999,-9999,-9999,-9999,-9999,-9999,-9999,-9999,-9999,-9999,-9999,-9999,-9999,-9999,-9999,-9999,-9999,-9999,-9999,-9999,-9999,-9999,-9999,-9999,-9999,-9999,-9999,-9999,-9999,-9999,-9999,-9999,-9999,-9999,-9999,-9999,-9999,-9999,-9999,-9999,-9999,-9999,-9999,-9999,-9999,-9999,-9999,-9999,-9999,-9999,-9999,-9999,-9999,-9999,-9999,-9999,-9999,-9999,-9999,-9999,-9999,-9999,-9999,-9999,-9999,-9999,-9999,-9999,-9999,-9999,-9999,-9999,-9999,-9999,-9999,-9999,-9999,-9999,-9999,-9999,-9999,-9999,-9999,-9999,-9999,-9999,-9999,-9999
-9999,-9999,-9999,-9999,-9999,-9999,-9999,-9999,-9999,-9999,-9999,-9999,-9999,-9999,-9999,-9999,-9999,-9999,-9999,-9999,-9999,-9999,-9999,-9999,-9999,-9999,-9999,-9999,-9999,-9999,-9999,-9999,-9999,-9999,-9999,-9999,-9999,-9999,-9999,-9999,-9999,-9999,-9999,-9999,-9999,-9999,-9999,-9999,-9999,-9999,-9999,-9999,-9999,-9999,-9999,-9999,-9999,-9999,-9999,-9999,-9999,-9999,-9999,-9999,-9999,-9999,-9999,-9999,-9999,-9999,-9999,-9999,-9999,-9999,-9999,-9999,-9999,-9999,-9999,-9999,-9999,-9999,-9999,-9999,-9999,-9999,-9999,-9999,-9999,-9999,-9999,-9999,-9999,-9999,-9999,-9999,-9999,-9999,-9999,-9999,-9999,-9999,-9999,-9999,-9999,-9999,-9999,-9999,-9999,-9999,-9999,-9999,-9999,-9999,-9999,-9999,-9999,-9999,-9999,-9999,-9999,-9999,-9999,-9999,-9999,-9999,-9999,-9999,-9999,-9999,-9999
-9999,-9999,-9999,-9999,-9999,-9999,-9999,-9999,-9999,-9999,-9999,-9999,-9999,-9999,-9999,-9999,-9999,-9999,-9999,-9999,-9999,-9999,-9999,-9999,-9999,-9999,-9999,-9999,-9999,-9999,-9999,-9999,-9999,-9999,-9999,-9999,-9999,-9999,-9999,-9999,-9999,-9999,-9999,-9999,-9999,-9999,-9999,-9999,-9999,-9999,-9999,-9999,-9999,-9999,-9999,-9999,-9999,-9999,-9999,-9999,-9999,-9999,-9999,-9999,-9999,-9999,-9999,-9999,-9999,-9999,-9999,-9999,-9999,-9999,36.9835510253906,37.5774574279785,-9999,-9999,-9999,-9999,-9999,-9999,-9999,-9999,-9999,-9999,-9999,-9999,-9999,-9999,-9999,-9999,-9999,-9999,-9999,-9999,-9999,-9999,-9999,-9999,-9999,-9999,-9999,-9999,-9999,-9999,-9999,-9999,-9999,-9999,-9999,-9999,-9999,-9999,-9999,-9999,-9999,-9999,-9999,-9999,-9999,-9999,-9999,-9999,-9999,-9999,-9999,-9999,-9999,-9999,-9999
-9999,-9999,-9999,-9999,-9999,-9999,-9999,-9999,-9999,-9999,-9999,-9999,-9999,-9999,-9999,-9999,-9999,-9999,-9999,-9999,-9999,-9999,-9999,-9999,-9999,-9999,-9999,-9999,-9999,-9999,-9999,-9999,-9999,-9999,-9999,-9999,-9999,-9999,-9999,-9999,-9999,-9999,-9999,-9999,-9999,-9999,-9999,-9999,-9999,-9999,-9999,-9999,-9999,-9999,-9999,-9999,-9999,-9999,-9999,-9999,-9999,-9999,-9999,-9999,-9999,-9999,-9999,-9999,-9999,-9999,-9999,-9999,-9999,-9999,38.2344055175781,37.9412612915039,-9999,-9999,-9999,-9999,-9999,-9999,-9999,-9999,-9999,-9999,-9999,-9999,-9999,-9999,-9999,-9999,-9999,-9999,-9999,-9999,-9999,-9999,-9999,-9999,-9999,-9999,-9999,-9999,-9999,-9999,-9999,-9999,-9999,-9999,-9999,-9999,-9999,-9999,-9999,-9999,-9999,-9999,-9999,-9999,-9999,-9999,-9999,-9999,-9999,-9999,-9999,-9999,-9999,-9999,-9999
-9999,-9999,-9999,-9999,-9999,-9999,-9999,-9999,-9999,-9999,-9999,-9999,-9999,-9999,-9999,-9999,-9999,-9999,-9999,-9999,-9999,-9999,-9999,-9999,-9999,-9999,-9999,-9999,-9999,-9999,-9999,-9999,-9999,-9999,-9999,-9999,-9999,-9999,-9999,-9999,-9999,-9999,-9999,-9999,-9999,-9999,-9999,-9999,-9999,-9999,-9999,-9999,-9999,-9999,-9999,-9999,6.17562804280242E-13,1.09011253357494E-08,1.08176445579033E-08,1.08025544065526E-08,-9999,-9999,-9999,-9999,-9999,38.3927764892578,38.1924362182617,39.4685020446777,39.7933502197266,37.416576385498,35.7480163574219,32.6805686950684,32.4773139953613,31.9365005493164,35.6012420654297,34.3613815307617,32.9764747619629,-9999,-9999,25.235179901123,23.8600673675537,23.0004615783691,23.6608505249023,30.362247467041,33.4979591369629,35.519905090332,35.3979911804199,33.1151313781738,24.9965476989746,-9999,-9999,-9999,-9999,-9999,-9999,-9999,-9999,-9999,-9999,-9999,-9999,-9999,-9999,-9999,-9999,-9999,-9999,-9999,-9999,-9999,-9999,-9999,-9999,-9999,-9999,-9999,-9999,-9999,-9999,-9999,-9999,-9999,-9999,-9999,-9999,-9999,-9999,-9999,-9999,-9999,-9999
-9999,-9999,-9999,-9999,-9999,-9999,-9999,-9999,-9999,-9999,-9999,-9999,-9999,-9999,-9999,-9999,-9999,-9999,-9999,-9999,-9999,-9999,-9999,-9999,-9999,-9999,-9999,-9999,-9999,-9999,-9999,-9999,-9999,-9999,-9999,-9999,-9999,-9999,-9999,-9999,-9999,-9999,-9999,-9999,-9999,-9999,-9999,-9999,-9999,-9999,-9999,-9999,-9999,-9999,-9999,7.13260180085218E-13,2.48493279286777E-08,0.000671668967697769,0.000667931395582855,0.000667239248286933,0.0013690497726202,44.7328567504883,-9999,44.0420532226563,42.4325790405273,42.0866889953613,41.3665885925293,40.467903137207,40.1711959838867,39.3761024475098,36.2232666015625,35.2792778015137,35.9944915771484,34.9774513244629,34.6298446655273,35.0247993469238,33.8157157897949,33.4071311950684,32.1564788818359,29.6398658752441,26.4254665374756,23.6752490997314,26.7445030212402,29.7747077941895,34.2222023010254,36.4704170227051,36.3275871276855,34.1262359619141,28.5952129364014,22.5069751739502,15.9227294921875,-9999,-9999,-9999,-9999,-9999,-9999,-9999,-9999,-9999,-9999,-9999,-9999,-9999,-9999,-9999,-9999,-9999,-9999,-9999,-9999,-9999,-9999,-9999,-9999,-9999,-9999,-9999,-9999,-9999,-9999,-9999,-9999,-9999,-9999,-9999,-9999,-9999,-9999,-9999,-9999
-9999,-9999,-9999,-9999,-9999,-9999,-9999,-9999,-9999,-9999,-9999,-9999,-9999,-9999,-9999,-9999,-9999,-9999,-9999,-9999,-9999,-9999,-9999,-9999,-9999,-9999,-9999,-9999,-9999,-9999,-9999,-9999,-9999,-9999,-9999,-9999,-9999,-9999,-9999,-9999,-9999,-9999,-9999,-9999,-9999,-9999,-9999,-9999,-9999,-9999,-9999,-9999,-9999,-9999,-9999,1.44837200011239E-08,0.000772414437960833,45.8817253112793,45.8239555358887,45.8740463256836,46.0294494628906,45.3915023803711,44.6192245483398,44.5846824645996,42.7030639648438,42.1592102050781,40.3562660217285,40.2163696289063,40.1624450683594,38.5052528381348,37.4629745483398,37.1389427185059,36.7594184875488,36.5226707458496,36.1286201477051,35.6813659667969,34.8191261291504,33.6927032470703,31.8739242553711,29.629508972168,26.7755832672119,23.9128913879395,27.2877235412598,31.9338836669922,35.760684967041,38.0361099243164,37.5527610778809,35.2000198364258,29.0560073852539,22.8531398773193,15.9114856719971,13.8258485794067,18.0592021942139,-9999,-9999,-9999,-9999,-9999,-9999,-9999,-9999,-9999,29.7785682678223,30.7712574005127,32.6993217468262,-9999,-9999,-9999,-9999,-9999,-9999,-9999,-9999,-9999,-9999,-9999,-9999,-9999,-9999,-9999,-9999,-9999,-9999,-9999,-9999,-9999,-9999,-9999,-9999,-9999,-9999
-9999,-9999,-9999,-9999,-9999,-9999,-9999,-9999,-9999,-9999,-9999,-9999,-9999,-9999,-9999,-9999,-9999,-9999,-9999,-9999,-9999,-9999,-9999,-9999,-9999,-9999,-9999,-9999,-9999,-9999,-9999,39.0125350952148,-9999,-9999,-9999,40.5095748901367,-9999,-9999,-9999,-9999,-9999,-9999,-9999,-9999,-9999,-9999,-9999,-9999,-9999,-9999,-9999,-9999,-9999,-9999,-9999,-9999,-9999,45.4494781494141,45.6751861572266,45.7740211486816,-9999,46.1659965515137,45.5799751281738,44.6599884033203,43.2529296875,41.8361473083496,41.3793258666992,41.1055717468262,39.9878311157227,37.6657867431641,36.698413848877,38.0018730163574,38.2465133666992,37.6985778808594,37.0935478210449,36.5720100402832,35.8181419372559,34.8968353271484,34.6810607910156,34.8362121582031,32.8221664428711,31.6763191223145,34.7418441772461,36.8040657043457,39.552433013916,40.7866249084473,39.7793998718262,37.4072303771973,32.7972564697266,29.6188793182373,27.4700736999512,22.5882968902588,16.7739791870117,20.0713214874268,-9999,-9999,-9999,-9999,-9999,-9999,-9999,-9999,34.3049812316895,36.2883453369141,36.2857933044434,34.3589286804199,33.5072708129883,-9999,-9999,-9999,-9999,-9999,-9999,-9999,-9999,-9999,-9999,-9999,-9999,-9999,-9999,-9999,-9999,-9999,-9999,-9999,-9999,-9999,-9999,-9999,-9999
-9999,-9999,-9999,-9999,-9999,-9999,-9999,-9999,-9999,-9999,-9999,-9999,-9999,-9999,-9999,-9999,-9999,-9999,-9999,-9999,-9999,-9999,-9999,-9999,-9999,-9999,-9999,-9999,-9999,-9999,38.3214797973633,38.5181350708008,-9999,-9999,40.0432243347168,39.584171295166,-9999,-9999,35.9812316894531,38.289981842041,-9999,-9999,-9999,-9999,-9999,41.387508392334,-9999,-9999,-9999,-9999,-9999,-9999,-9999,-9999,-9999,-9999,-9999,-9999,-9999,-9999,-9999,46.0281791687012,46.598518371582,44.2332763671875,43.3719215393066,42.0614242553711,40.7021408081055,39.8577728271484,38.7520217895508,36.6019973754883,35.3906517028809,38.6668510437012,39.9898643493652,39.3116264343262,38.6412315368652,37.9541854858398,37.2515068054199,36.3418922424316,37.6098022460938,39.2097244262695,39.7185096740723,38.8366279602051,39.7627220153809,40.73193359375,41.8721237182617,42.3162422180176,41.4431991577148,39.7047920227051,36.4495620727539,35.6081085205078,36.4973907470703,30.1402854919434,18.0389461517334,20.0200843811035,24.3134231567383,-9999,-9999,-9999,-9999,-9999,34.8797416687012,34.8866653442383,35.7072525024414,35.5276145935059,37.0356407165527,37.4565200805664,35.6318893432617,32.677188873291,-9999,-9999,-9999,-9999,-9999,-9999,-9999,-9999,-9999,-9999,-9999,-9999,-9999,-9999,-9999,-9999,-9999,-9999,-9999,-9999,-9999,-9999,-9999
-9999,-9999,-9999,-9999,-9999,-9999,-9999,-9999,-9999,-9999,-9999,-9999,-9999,-9999,-9999,-9999,-9999,-9999,-9999,-9999,-9999,-9999,-9999,38.4918098449707,38.5220413208008,-9999,-9999,-9999,-9999,37.9237251281738,38.335391998291,38.2707595825195,37.9552803039551,39.3284149169922,40.0198440551758,39.8880233764648,36.9275321960449,35.4513664245605,35.8144302368164,-9999,38.613094329834,40.9391441345215,-9999,-9999,40.9628829956055,41.4331550598145,41.9331588745117,42.8819046020508,-9999,-9999,-9999,-9999,-9999,-9999,-9999,-9999,-9999,41.6352806091309,43.1667900085449,-9999,-9999,-9999,44.8604621887207,45.0548248291016,43.7010345458984,42.4554748535156,41.835765838623,40.9275550842285,39.4309005737305,35.8444557189941,34.5007133483887,37.683235168457,39.6311988830566,40.137035369873,39.9953269958496,39.5620384216309,38.7146606445313,38.0561561584473,37.772705078125,39.4675979614258,39.9233856201172,39.9351234436035,40.9725341796875,41.8305854797363,42.2511940002441,42.3911247253418,42.0312995910645,40.9276008605957,38.3471145629883,36.6777191162109,35.8648681640625,31.0457286834717,24.0934219360352,23.4090976715088,24.227855682373,21.2944831848145,20.811243057251,22.3043899536133,22.7935276031494,24.8076000213623,29.6422729492188,34.9513244628906,35.153450012207,35.3581504821777,36.3656768798828,37.6562538146973,38.0664978027344,35.1086616516113,33.5973434448242,34.1617050170898,-9999,-9999,-9999,-9999,-9999,-9999,-9999,-9999,-9999,-9999,-9999,-9999,-9999,-9999,-9999,-9999,-9999,-9999,-9999,-9999,-9999
-9999,-9999,-9999,-9999,-9999,-9999,-9999,-9999,-9999,-9999,-9999,-9999,-9999,-9999,-9999,-9999,-9999,-9999,-9999,-9999,-9999,-9999,38.3447074890137,37.789867401123,38.4650650024414,39.814567565918,40.263240814209,37.4155387878418,37.3614730834961,37.4738960266113,38.0688743591309,37.6898498535156,37.1346397399902,37.6189117431641,39.2913551330566,36.8815460205078,35.3932266235352,35.1821899414063,35.2245635986328,36.1285514831543,37.6360397338867,39.6563339233398,40.8595809936523,40.9342384338379,41.4576568603516,41.4387702941895,42.1545639038086,43.2254104614258,43.3064346313477,-9999,-9999,-9999,-9999,-9999,-9999,-9999,-9999,39.4959983825684,40.4609146118164,42.4599990844727,-9999,-9999,43.3818817138672,44.1528587341309,45.5583267211914,43.8453903198242,42.4770050048828,40.8106079101563,38.1534233093262,34.8675880432129,33.6347846984863,37.4747924804688,39.2697563171387,40.8204193115234,40.9876747131348,40.5774536132813,39.7885665893555,39.2940979003906,39.3218803405762,38.6816101074219,39.882984161377,41.0284118652344,42.0077133178711,42.7039413452148,42.565357208252,42.4721488952637,42.4699325561523,41.8404541015625,40.3614120483398,37.9540939331055,34.5400733947754,31.9085369110107,28.3948879241943,25.8683624267578,23.4844951629639,22.2663555145264,21.9600200653076,24.0266437530518,24.2130889892578,23.715404510498,25.9605197906494,32.3422164916992,35.3099670410156,35.8197212219238,36.4663276672363,36.9889984130859,37.8644256591797,39.0019989013672,37.0528755187988,34.9495964050293,-9999,-9999,-9999,-9999,-9999,-9999,-9999,-9999,-9999,-9999,-9999,-9999,-9999,-9999,-9999,-9999,-9999,-9999,-9999,-9999,-9999
-9999,-9999,-9999,-9999,-9999,-9999,-9999,-9999,-9999,-9999,-9999,-9999,-9999,-9999,-9999,-9999,-9999,-9999,-9999,-9999,-9999,-9999,38.9983329772949,37.8449554443359,37.8474502563477,38.9356002807617,41.3381652832031,41.3414878845215,36.5072784423828,37.2206153869629,37.5886077880859,37.8070106506348,37.5015716552734,37.1448211669922,37.2091941833496,36.5003204345703,34.8898506164551,35.0138549804688,34.8961906433105,35.5517959594727,36.7693328857422,38.9660377502441,40.1642913818359,40.6486740112305,40.9257507324219,41.117130279541,41.4243125915527,42.6254806518555,42.7906684875488,43.1842041015625,43.0472373962402,-9999,-9999,-9999,-9999,-9999,-9999,-9999,39.320686340332,40.8942413330078,42.2442016601563,43.0560874938965,43.3699226379395,44.0934829711914,45.2117805480957,43.8255043029785,41.8235054016113,38.4444808959961,35.0084419250488,33.2365303039551,34.530143737793,38.5860366821289,40.7328109741211,41.755989074707,42.1370239257813,42.1679992675781,41.8665466308594,41.4558143615723,40.9061050415039,40.0728569030762,41.0824279785156,42.0426864624023,42.370059967041,42.6154708862305,42.5879287719727,42.572624206543,42.5804824829102,42.0208778381348,40.8043174743652,38.1345481872559,33.5504837036133,31.7447528839111,30.8050804138184,25.6135025024414,19.3709163665771,20.4440212249756,21.2733554840088,23.0608940124512,24.3028469085693,23.7278003692627,26.4810447692871,32.9895629882813,36.6714630126953,38.4933166503906,38.0118217468262,35.919677734375,36.5753326416016,38.5067138671875,38.4087219238281,36.1005363464355,38.5045585632324,-9999,-9999,-9999,-9999,-9999,-9999,-9999,-9999,-9999,-9999,-9999,-9999,-9999,-9999,-9999,-9999,-9999,-9999,-9999,-9999
-9999,-9999,-9999,-9999,-9999,-9999,-9999,-9999,-9999,-9999,-9999,-9999,-9999,-9999,-9999,-9999,-9999,-9999,-9999,-9999,-9999,-9999,39.2262725830078,38.8117027282715,36.5190086364746,35.8484764099121,42.1724700927734,43.8818435668945,40.4179382324219,38.3828010559082,38.7396202087402,38.4292106628418,38.096305847168,37.7074203491211,37.210994720459,36.5731544494629,36.1863327026367,35.9456787109375,35.7579879760742,36.3692169189453,37.0625610351563,38.1718635559082,39.228874206543,39.6877021789551,39.9331436157227,40.0232963562012,40.1057510375977,40.1283340454102,41.571102142334,42.863899230957,43.103141784668,-9999,-9999,-9999,-9999,39.7325553894043,39.4941329956055,39.096004486084,39.0576820373535,39.9380950927734,40.9888496398926,42.0418701171875,42.9237518310547,44.2161483764648,44.9943695068359,42.1799468994141,41.0260734558105,36.5213775634766,33.8811187744141,35.361400604248,36.6381149291992,40.0939331054688,42.1571922302246,43.1637878417969,43.5202865600586,43.3426208496094,42.926399230957,42.4057312011719,41.8323593139648,41.2398986816406,41.9767074584961,42.6537437438965,42.5723648071289,42.519157409668,42.5694007873535,42.5984497070313,42.5878715515137,42.1459083557129,41.2054328918457,38.7063293457031,34.6663589477539,34.1806488037109,35.3524551391602,29.3340969085693,20.8607597351074,22.1532306671143,23.1815757751465,24.8043727874756,25.9131526947021,25.7319564819336,28.1973438262939,33.9827537536621,37.8958015441895,40.5293731689453,39.4924545288086,36.0566787719727,37.1863670349121,39.4375419616699,39.9796333312988,39.7354049682617,38.7639083862305,40.3851432800293,-9999,-9999,-9999,-9999,-9999,-9999,-9999,-9999,-9999,-9999,-9999,-9999,-9999,-9999,-9999,-9999,-9999,-9999,-9999
-9999,-9999,-9999,-9999,-9999,-9999,-9999,-9999,-9999,-9999,-9999,-9999,-9999,-9999,-9999,-9999,-9999,-9999,-9999,-9999,-9999,37.5623359680176,38.8973579406738,38.4093551635742,35.7300224304199,35.6929359436035,41.8774566650391,44.4895248413086,43.1458282470703,42.1848831176758,41.8926849365234,41.3840141296387,41.1369705200195,41.0302085876465,40.6606559753418,40.2599983215332,39.7260398864746,39.4609909057617,39.2406692504883,39.4860954284668,39.2313346862793,37.3197975158691,36.8593215942383,38.2891044616699,38.8850746154785,39.2361145019531,39.3436813354492,39.400447845459,39.6298904418945,39.7450981140137,39.9686050415039,40.1564025878906,40.1796493530273,40.1878967285156,40.1414794921875,39.7865371704102,39.2264862060547,39.1111373901367,39.1085662841797,39.0283889770508,38.1788215637207,38.5519561767578,40.2319946289063,42.8608322143555,44.3025245666504,42.662353515625,40.0124702453613,35.2573013305664,35.5553207397461,39.5730934143066,42.2497749328613,43.2094879150391,43.7001647949219,43.7094650268555,43.5713043212891,43.3304023742676,43.032112121582,42.7114677429199,42.4158515930176,42.1220397949219,42.2406234741211,42.3615188598633,42.3880004882813,42.4152297973633,42.4496307373047,42.4331855773926,42.3217926025391,42.099723815918,41.7535171508789,40.9255599975586,39.7389602661133,39.744327545166,40.1302146911621,37.7203788757324,33.7374458312988,31.125789642334,28.6829776763916,30.3118000030518,30.9495601654053,31.1007518768311,32.1061401367188,35.3020668029785,38.3528747558594,41.3385467529297,41.0923690795898,39.0582656860352,41.0729484558105,43.726131439209,42.3095664978027,40.1300659179688,40.2391662597656,39.4995460510254,38.6884651184082,37.8353157043457,-9999,-9999,-9999,-9999,-9999,-9999,-9999,-9999,-9999,-9999,-9999,-9999,-9999,-9999,-9999,-9999,-9999
-9999,-9999,-9999,-9999,-9999,-9999,-9999,-9999,-9999,-9999,-9999,-9999,-9999,-9999,-9999,-9999,-9999,-9999,-9999,-9999,-9999,35.8627014160156,35.4424171447754,36.6396675109863,36.1619682312012,36.7693748474121,41.5106658935547,43.7932968139648,43.511173248291,43.1457633972168,42.6029777526855,42.3246421813965,42.1307830810547,42.0047798156738,41.5822830200195,41.2280158996582,40.7959060668945,40.4958572387695,40.3040504455566,40.3268203735352,39.7953491210938,38.0153770446777,37.1525192260742,37.6312370300293,38.1351585388184,38.6895980834961,39.2577934265137,39.7575607299805,39.5073661804199,39.147159576416,39.3838996887207,39.6682205200195,39.6657524108887,39.5573120117188,39.4181632995605,39.0550384521484,38.4619903564453,38.0038528442383,37.6109809875488,36.7357711791992,36.4173011779785,37.7983856201172,38.843132019043,39.2253799438477,42.7000160217285,41.9521522521973,41.2268257141113,36.2569351196289,38.0057106018066,42.1923065185547,44.5825614929199,44.3848037719727,44.1112480163574,43.7433776855469,-9999,-9999,-9999,-9999,-9999,-9999,-9999,42.0764007568359,42.1348495483398,42.1914291381836,42.2400779724121,42.2142677307129,42.0481567382813,41.929084777832,41.8616180419922,41.8339614868164,41.8331260681152,41.7989807128906,41.7545394897461,41.2013664245605,39.704891204834,35.7553367614746,32.1118698120117,33.0775260925293,33.6708374023438,32.2575721740723,32.0023384094238,34.2760887145996,36.5091133117676,39.9432487487793,40.830493927002,40.4497871398926,42.4918022155762,44.7818489074707,42.3698387145996,39.0343818664551,40.184211730957,39.1913948059082,38.6791725158691,36.7807655334473,37.2430610656738,-9999,-9999,-9999,-9999,-9999,-9999,-9999,-9999,-9999,-9999,-9999,-9999,-9999,-9999,-9999,-9999
-9999,-9999,-9999,-9999,-9999,-9999,-9999,-9999,-9999,-9999,-9999,-9999,-9999,-9999,-9999,-9999,-9999,-9999,-9999,33.8121795654297,34.5908012390137,34.0698318481445,33.4522819519043,33.2570686340332,37.1033401489258,39.847484588623,40.6899490356445,41.0946998596191,40.7620964050293,40.3628997802734,40.0197219848633,39.9076957702637,39.8432273864746,39.5377616882324,39.2471885681152,38.9446258544922,38.5058555603027,38.3412551879883,38.1748580932617,38.1436462402344,38.7984504699707,41.075439453125,41.4987258911133,39.2220878601074,38.6038284301758,39.1505355834961,40.0370025634766,40.9592628479004,39.7663192749023,37.8783950805664,38.177661895752,38.3763198852539,38.112865447998,38.076229095459,37.8365936279297,37.236442565918,35.8411598205566,34.9264526367188,34.3866539001465,35.2457389831543,37.4786605834961,40.125129699707,42.0582275390625,41.7751770019531,41.3420333862305,39.4317283630371,40.8046073913574,42.045051574707,42.1813888549805,43.3462409973145,44.0294761657715,-9999,-9999,-9999,-9999,-9999,-9999,-9999,-9999,-9999,-9999,-9999,-9999,41.7923812866211,41.8997421264648,41.9174461364746,41.76611328125,41.5798301696777,41.3551559448242,41.09228515625,40.80322265625,40.714958190918,40.7020835876465,40.7606430053711,40.841423034668,37.3374481201172,33.8710784912109,34.383716583252,33.8391380310059,29.1518821716309,26.302885055542,27.6200313568115,30.44606590271,33.6958999633789,37.3071136474609,40.3031806945801,41.5482711791992,42.2987213134766,39.8375968933105,36.5144996643066,38.6168441772461,40.2371940612793,40.2821922302246,35.3567924499512,36.2050170898438,-9999,-9999,-9999,-9999,-9999,-9999,-9999,-9999,-9999,-9999,-9999,-9999,-9999,-9999,-9999,-9999
-9999,-9999,-9999,-9999,-9999,-9999,-9999,-9999,-9999,-9999,-9999,-9999,-9999,-9999,-9999,-9999,-9999,-9999,31.7794628143311,32.9738731384277,33.1024398803711,35.1013145446777,33.5962867736816,32.7069129943848,36.8596229553223,39.6183547973633,40.4266586303711,40.7375106811523,40.3046188354492,39.7644309997559,39.6429824829102,39.6193504333496,39.5836944580078,39.3632659912109,38.9424819946289,38.8520889282227,38.6221961975098,38.4034690856934,38.2882347106934,38.1307754516602,39.3386535644531,42.0890769958496,43.0590553283691,40.5186233520508,39.2529029846191,39.7850036621094,40.5274124145508,41.4496002197266,39.8075218200684,37.1199531555176,36.4137535095215,36.0467567443848,35.8293342590332,35.6828231811523,36.7675514221191,36.967529296875,35.5473403930664,34.4080963134766,34.0210952758789,35.9924011230469,39.0951194763184,41.5344886779785,42.9995880126953,43.2353286743164,43.1248016357422,42.8851547241211,42.503002166748,43.1335754394531,-9999,-9999,-9999,-9999,-9999,-9999,-9999,-9999,-9999,-9999,-9999,-9999,-9999,-9999,-9999,-9999,-9999,41.5926818847656,41.4736251831055,41.2775802612305,40.9964370727539,40.6275520324707,40.196044921875,40.0354080200195,39.9722023010254,40.2738761901855,40.636116027832,38.2735443115234,35.8766174316406,35.0890884399414,33.4486923217773,28.5458755493164,24.667163848877,23.906623840332,25.2714366912842,27.6133670806885,32.7503395080566,37.7626342773438,38.5980186462402,38.9363441467285,38.3507499694824,37.6878509521484,38.4728355407715,39.6324462890625,39.3231201171875,35.75244140625,34.7195625305176,-9999,-9999,-9999,-9999,-9999,-9999,-9999,-9999,-9999,-9999,-9999,-9999,-9999,-9999,-9999,-9999
-9999,-9999,-9999,-9999,-9999,-9999,-9999,-9999,-9999,-9999,-9999,-9999,33.2823295593262,31.9518852233887,-9999,31.5580902099609,33.0819244384766,34.580810546875,33.9215850830078,31.3701324462891,34.0948905944824,36.9641418457031,36.0984344482422,35.191104888916,35.6380958557129,37.1725425720215,40.5530853271484,42.486629486084,42.239818572998,42.1024055480957,41.6941986083984,41.6905555725098,41.6998138427734,41.6300888061523,41.0845489501953,41.3694458007813,41.0598831176758,40.8443832397461,40.8927383422852,40.7272109985352,40.5437164306641,40.828483581543,41.1210441589355,40.6358795166016,40.6984405517578,40.8999824523926,41.3853874206543,41.4801292419434,39.8056983947754,37.1705207824707,34.8278579711914,32.3391647338867,32.0466232299805,32.4205017089844,35.6972198486328,37.4583129882813,36.4749183654785,35.8071098327637,36.1400527954102,38.7238082885742,41.426513671875,42.6414794921875,43.2694778442383,43.3784370422363,43.3634910583496,43.1749801635742,43.0139923095703,-9999,-9999,-9999,-9999,-9999,-9999,-9999,-9999,-9999,-9999,-9999,-9999,-9999,-9999,-9999,-9999,-9999,-9999,-9999,41.1707763671875,41.0154418945313,40.7674980163574,40.4075202941895,39.9690246582031,39.7246170043945,39.5512466430664,39.7223777770996,39.9479560852051,39.0717735290527,37.9847259521484,35.3256416320801,32.4069709777832,30.8611965179443,27.9900550842285,22.6713943481445,21.1861476898193,22.8509140014648,27.2212905883789,32.1893157958984,33.5944175720215,34.5509719848633,38.1642608642578,41.3065872192383,39.5332145690918,38.3756217956543,39.6469917297363,36.4986228942871,34.647632598877,-9999,-9999,-9999,-9999,-9999,-9999,-9999,-9999,-9999,-9999,-9999,-9999,-9999,-9999,-9999,-9999
-9999,-9999,-9999,-9999,-9999,-9999,-9999,-9999,-9999,-9999,30.8643646240234,32.7781410217285,34.3074035644531,32.047248840332,31.6715965270996,29.5512809753418,31.7015495300293,36.0340156555176,35.3767204284668,33.1522941589355,35.6478157043457,38.8522834777832,38.4718322753906,37.716381072998,37.6639251708984,37.4912910461426,40.6313858032227,42.0416030883789,41.3589706420898,42.069263458252,42.9524917602539,43.2927703857422,43.1936531066895,43.1027488708496,42.8769683837891,42.4708633422852,42.7794799804688,42.3610153198242,42.2720794677734,41.857364654541,41.5789070129395,41.384391784668,41.3933067321777,41.3867340087891,41.3946990966797,41.6683883666992,42.1471061706543,42.3588066101074,41.2503395080566,39.5799674987793,36.6519393920898,33.6618957519531,33.4887542724609,33.8947982788086,36.4633293151855,37.920970916748,37.6756782531738,38.0149459838867,38.2124519348145,39.8564834594727,41.8228302001953,42.5952987670898,42.9117202758789,42.9558181762695,42.9363021850586,42.8476524353027,-9999,-9999,-9999,-9999,-9999,-9999,-9999,-9999,-9999,-9999,-9999,-9999,-9999,-9999,-9999,-9999,-9999,-9999,-9999,-9999,-9999,40.7110137939453,40.4611129760742,40.1220321655273,39.7212982177734,39.4748153686523,39.283447265625,39.3513870239258,39.4595413208008,39.3104705810547,38.8963623046875,36.4128570556641,33.5792350769043,31.9044246673584,29.4094944000244,25.0234298706055,21.9275741577148,20.8122825622559,22.9544296264648,27.2810859680176,30.3618946075439,33.2477340698242,36.9680709838867,40.207405090332,38.1383514404297,36.4752464294434,38.2280731201172,35.0786895751953,33.3140983581543,-9999,-9999,-9999,-9999,-9999,-9999,-9999,-9999,-9999,-9999,-9999,-9999,-9999,-9999,-9999,-9999
-9999,-9999,-9999,-9999,-9999,-9999,-9999,-9999,27.649507522583,28.8181800842285,29.2100448608398,29.0210094451904,30.0940246582031,32.1904830932617,31.4598369598389,29.6564693450928,31.8417491912842,36.2518196105957,36.2252540588379,34.8637886047363,37.7712211608887,40.9201927185059,40.3917694091797,39.4829483032227,39.2150039672852,39.0393104553223,39.3184356689453,39.4022598266602,39.058277130127,40.3298721313477,43.1789321899414,44.2103080749512,44.2420349121094,44.141658782959,44.0777435302734,43.905460357666,43.6714477539063,43.3953590393066,43.2525825500488,43.102466583252,42.8259391784668,42.6135749816895,42.5125732421875,42.4568748474121,42.3779411315918,42.3702850341797,42.3809127807617,42.4479103088379,42.4990463256836,42.4920425415039,40.502326965332,37.952320098877,37.9771957397461,38.139274597168,38.3361015319824,38.4253349304199,38.2507934570313,38.6692962646484,40.2135124206543,41.3795928955078,41.9280624389648,42.1900291442871,-9999,-9999,-9999,-9999,-9999,-9999,-9999,-9999,-9999,-9999,-9999,-9999,-9999,-9999,-9999,-9999,-9999,-9999,-9999,-9999,-9999,-9999,-9999,-9999,-9999,-9999,40.1127548217773,39.8010482788086,39.4618110656738,39.2549362182617,39.0962333679199,39.0694732666016,39.0642585754395,39.2857131958008,39.3061256408691,37.840705871582,35.8233833312988,32.6020774841309,30.1347274780273,29.0291175842285,25.9558925628662,20.1177501678467,19.9590301513672,22.4483909606934,28.1980686187744,33.602237701416,35.2275848388672,36.5767135620117,35.188720703125,34.2789459228516,36.4836578369141,34.6247520446777,33.4756011962891,-9999,-9999,-9999,-9999,-9999,-9999,-9999,-9999,-9999,-9999,-9999,-9999,-9999,-9999,-9999,-9999
-9999,-9999,-9999,-9999,-9999,-9999,-9999,-9999,26.2410755157471,27.7606048583984,28.6938171386719,28.2881984710693,28.5535564422607,28.9926109313965,29.6477012634277,30.4778461456299,33.3281288146973,37.6166877746582,37.8381080627441,36.9008255004883,37.6328887939453,39.4013671875,40.3294525146484,40.9819488525391,40.8403549194336,40.5307083129883,40.2208557128906,39.8067169189453,39.5733032226563,40.3062171936035,42.1052055358887,42.6568603515625,42.509651184082,42.3884391784668,42.217903137207,41.9919128417969,41.8986778259277,41.707820892334,41.5060195922852,41.2994689941406,41.1759185791016,41.0023422241211,41.2213821411133,41.9783744812012,42.2524108886719,42.2103805541992,42.1063499450684,41.979061126709,42.1031799316406,42.2465667724609,41.1883430480957,39.9998550415039,40.2433738708496,40.3817977905273,40.2560691833496,40.0551376342773,39.7645950317383,40.1029739379883,40.9825325012207,41.5348434448242,41.839771270752,41.9583969116211,-9999,-9999,-9999,-9999,-9999,-9999,-9999,-9999,-9999,-9999,-9999,-9999,-9999,-9999,-9999,-9999,-9999,-9999,-9999,-9999,-9999,-9999,-9999,-9999,-9999,-9999,-9999,-9999,39.0681800842285,38.9025382995605,38.7798233032227,38.7274703979492,38.6835403442383,38.8974113464355,38.9747657775879,38.0337257385254,36.7887802124023,34.4575538635254,32.3841400146484,30.4964904785156,27.7810592651367,23.7838172912598,21.6387329101563,20.1967182159424,24.8663673400879,30.0032749176025,31.4189720153809,32.1896629333496,31.677173614502,31.4747886657715,34.520751953125,30.9955558776855,30.2899188995361,-9999,-9999,-9999,-9999,-9999,-9999,-9999,-9999,-9999,-9999,-9999,-9999,-9999,-9999,-9999,-9999
-9999,-9999,-9999,-9999,-9999,-9999,20.6130466461182,26.2230415344238,26.3117828369141,26.1426982879639,27.5914535522461,28.3827934265137,27.9439010620117,26.2868347167969,27.432430267334,32.0658874511719,35.9491271972656,39.1790542602539,39.2989692687988,38.3701019287109,37.8806190490723,37.1952896118164,39.8953552246094,42.0417861938477,42.0397644042969,41.9188041687012,41.6455917358398,41.279541015625,40.8982162475586,40.6535797119141,40.3681449890137,40.0784606933594,39.7538146972656,39.4966621398926,39.3138542175293,39.1402130126953,38.9410171508789,38.9019546508789,38.8516731262207,38.7468605041504,38.6394462585449,38.5120964050293,39.2348861694336,41.1526222229004,41.9583206176758,41.853214263916,41.597526550293,41.2485122680664,41.0150527954102,40.8127899169922,40.9286575317383,41.0723609924316,41.2725601196289,41.46923828125,41.4729766845703,41.3989715576172,41.126049041748,40.9712333679199,40.9948806762695,41.2545356750488,41.7019348144531,-9999,-9999,-9999,-9999,-9999,-9999,-9999,-9999,-9999,-9999,-9999,-9999,-9999,-9999,-9999,-9999,-9999,-9999,-9999,-9999,-9999,-9999,-9999,-9999,-9999,-9999,-9999,-9999,-9999,-9999,-9999,-9999,38.3639717102051,38.3032073974609,38.4129486083984,38.4468421936035,37.9340133666992,37.3758239746094,36.5647621154785,34.8174171447754,31.2656288146973,28.9516887664795,28.225212097168,24.5546379089355,18.5423202514648,20.3734130859375,24.0928859710693,25.8122272491455,26.9830379486084,27.3021068572998,28.3418941497803,32.1370735168457,29.9830265045166,-9999,-9999,-9999,-9999,-9999,-9999,-9999,-9999,-9999,-9999,-9999,-9999,-9999,-9999,-9999,-9999,-9999
-9999,-9999,-9999,-9999,-9999,-9999,26.1418571472168,26.1324024200439,25.8370552062988,25.9518661499023,26.2117824554443,29.0517120361328,31.1347427368164,31.8535575866699,33.3086967468262,34.7643852233887,37.2342262268066,40.0636215209961,40.1603927612305,39.3318367004395,38.8571510314941,38.3166351318359,40.3998069763184,42.094310760498,42.0666656494141,41.9175567626953,41.7126770019531,41.5164451599121,41.1687812805176,40.7981033325195,40.3704223632813,40.1062088012695,39.8436164855957,39.5538291931152,39.2747039794922,39.4594688415527,39.7062492370605,39.6551933288574,39.5884437561035,39.4320755004883,39.2928886413574,39.2168846130371,39.6052742004395,40.667594909668,41.1284255981445,41.0708312988281,40.8572273254395,40.5505447387695,40.433837890625,40.3737335205078,40.5006942749023,40.6461563110352,40.7377510070801,40.8256607055664,40.8732528686523,40.8564834594727,40.6743774414063,40.552375793457,40.5122261047363,-9999,-9999,-9999,-9999,-9999,-9999,-9999,-9999,-9999,-9999,-9999,-9999,-9999,-9999,-9999,-9999,-9999,-9999,-9999,-9999,-9999,-9999,-9999,-9999,-9999,-9999,-9999,-9999,-9999,-9999,-9999,-9999,-9999,-9999,-9999,37.8982696533203,37.9584770202637,37.9884071350098,37.8103370666504,37.5359191894531,36.9794998168945,35.9436073303223,34.1013946533203,31.8046379089355,29.2014236450195,26.2268962860107,22.9276752471924,21.771167755127,21.0140190124512,24.4129104614258,27.4420127868652,28.5862884521484,29.80881690979,31.6122646331787,29.3100852966309,30.0768222808838,27.8743057250977,-9999,-9999,-9999,-9999,-9999,-9999,-9999,-9999,-9999,-9999,-9999,-9999,-9999,-9999,-9999
-9999,-9999,-9999,-9999,25.1889915466309,26.6609497070313,26.2147407531738,26.0175189971924,25.854959487915,25.8972511291504,26.919548034668,31.1836814880371,34.6249656677246,37.4569053649902,38.3271942138672,37.316837310791,38.3192138671875,40.4955520629883,40.7106704711914,40.1907920837402,39.7145347595215,39.2248611450195,40.349910736084,41.335765838623,41.4307594299316,41.4761276245117,41.362663269043,41.2190208435059,41.0288581848145,40.7803344726563,40.5023880004883,40.2108726501465,39.9251556396484,39.611457824707,39.3100051879883,39.8932189941406,40.5813140869141,40.495677947998,40.3970680236816,40.19140625,40.0237998962402,39.994197845459,40.0067977905273,40.0925254821777,40.1299362182617,40.1348724365234,40.0071983337402,39.8052558898926,39.867488861084,40.0032958984375,40.047004699707,40.0768241882324,40.0585136413574,40.0563201904297,-9999,-9999,-9999,-9999,-9999,-9999,-9999,-9999,-9999,-9999,-9999,-9999,-9999,-9999,-9999,-9999,-9999,-9999,-9999,-9999,-9999,-9999,-9999,-9999,-9999,-9999,-9999,-9999,-9999,-9999,-9999,-9999,-9999,-9999,-9999,-9999,-9999,-9999,-9999,-9999,-9999,37.4992980957031,37.5302238464355,37.6696319580078,37.6521148681641,37.1649551391602,36.8212585449219,36.6122856140137,34.3882522583008,30.0328788757324,27.798376083374,26.8214683532715,22.8882274627686,17.6160755157471,23.1040267944336,28.3380889892578,29.9270095825195,31.2896404266357,30.9752578735352,22.3632049560547,22.8341159820557,28.2105388641357,28.8837070465088,-9999,-9999,-9999,-9999,-9999,-9999,-9999,-9999,-9999,-9999,-9999,-9999,-9999,-9999
-9999,-9999,-9999,-9999,30.5024471282959,28.2987232208252,27.3598175048828,25.8130054473877,26.3077239990234,28.1471900939941,30.3084468841553,33.5467681884766,36.1465682983398,38.1367721557617,39.1536827087402,39.2347564697266,39.6743583679199,40.3547744750977,40.1849822998047,39.7001876831055,39.9626426696777,40.3487091064453,40.7474365234375,41.0970916748047,41.1103782653809,41.1107864379883,41.067008972168,40.9887084960938,40.8469085693359,40.6714096069336,40.4600868225098,40.2655410766602,40.0857620239258,39.9298439025879,39.778621673584,39.9844360351563,40.231559753418,40.0305099487305,39.8191032409668,39.5313034057617,39.2860565185547,39.1748390197754,39.1097793579102,39.1165771484375,39.1164703369141,39.1104736328125,39.0311965942383,-9999,-9999,-9999,-9999,-9999,-9999,-9999,-9999,-9999,-9999,-9999,-9999,-9999,-9999,-9999,-9999,-9999,-9999,-9999,-9999,-9999,-9999,-9999,-9999,-9999,-9999,-9999,-9999,-9999,-9999,-9999,-9999,-9999,-9999,-9999,-9999,-9999,-9999,-9999,-9999,-9999,-9999,-9999,-9999,-9999,-9999,-9999,-9999,-9999,37.1351737976074,37.2499961853027,37.2921104431152,37.123218536377,36.6660118103027,35.6657485961914,33.4082183837891,29.7998313903809,27.8285465240479,26.7115306854248,22.39475440979,16.1274929046631,19.6989898681641,23.7646598815918,25.0647411346436,26.5190467834473,27.185022354126,28.1309661865234,21.621603012085,26.4865379333496,24.5928764343262,-9999,-9999,-9999,-9999,-9999,-9999,-9999,-9999,-9999,-9999,-9999,-9999,-9999,-9999
-9999,-9999,-9999,-9999,-9999,30.6968307495117,28.6529083251953,28.7458629608154,27.9262599945068,31.1715545654297,34.0932121276855,35.9570198059082,37.5379981994629,38.7555465698242,39.6939659118652,40.3976440429688,40.371955871582,39.8359375,39.510139465332,39.2536811828613,-9999,-9999,-9999,-9999,-9999,-9999,-9999,-9999,-9999,-9999,-9999,-9999,-9999,40.0093040466309,39.9643058776855,39.8535270690918,39.7334022521973,39.4387626647949,-9999,-9999,-9999,-9999,-9999,-9999,-9999,-9999,-9999,-9999,-9999,-9999,-9999,-9999,-9999,-9999,-9999,-9999,-9999,-9999,-9999,-9999,-9999,-9999,-9999,-9999,-9999,-9999,-9999,-9999,-9999,-9999,-9999,-9999,-9999,-9999,-9999,-9999,-9999,-9999,-9999,-9999,-9999,-9999,-9999,-9999,-9999,-9999,-9999,-9999,-9999,-9999,-9999,-9999,-9999,-9999,-9999,-9999,36.7472152709961,36.858528137207,36.9634437561035,37.0608444213867,36.583324432373,35.0949783325195,33.0364608764648,30.3118419647217,28.3836212158203,26.8515510559082,22.2892837524414,15.8330192565918,16.9580631256104,18.7655391693115,20.5656986236572,22.0679225921631,23.3991851806641,24.7652225494385,24.9788341522217,22.1899719238281,-9999,-9999,-9999,-9999,-9999,-9999,-9999,-9999,-9999,-9999,-9999,-9999,-9999,-9999,-9999
-9999,-9999,-9999,-9999,-9999,30.3234405517578,30.2199096679688,31.1608180999756,32.3007774353027,36.2319030761719,38.9818534851074,39.4304237365723,39.8171806335449,40.4204254150391,40.6779251098633,40.5681076049805,40.1876831054688,39.609561920166,-9999,-9999,-9999,-9999,-9999,-9999,-9999,-9999,-9999,-9999,-9999,-9999,-9999,-9999,-9999,-9999,-9999,-9999,-9999,-9999,-9999,-9999,-9999,-9999,-9999,-9999,-9999,-9999,-9999,-9999,-9999,-9999,-9999,-9999,-9999,-9999,-9999,-9999,-9999,-9999,-9999,-9999,-9999,-9999,-9999,-9999,-9999,-9999,-9999,-9999,-9999,-9999,-9999,-9999,-9999,-9999,-9999,-9999,-9999,-9999,-9999,-9999,-9999,-9999,-9999,-9999,-9999,-9999,-9999,-9999,-9999,-9999,-9999,-9999,-9999,-9999,-9999,-9999,-9999,36.6180648803711,36.7907333374023,36.8958473205566,36.8015251159668,36.3642959594727,35.4395446777344,33.9458236694336,31.245719909668,27.6028118133545,24.4995040893555,21.3867740631104,18.716760635376,15.993483543396,19.5546379089355,22.1859283447266,20.5119895935059,20.4218997955322,21.5063152313232,19.0392990112305,-9999,-9999,-9999,-9999,-9999,-9999,-9999,-9999,-9999,-9999,-9999,-9999,-9999,-9999,-9999
-9999,-9999,30.5687828063965,30.540412902832,30.5796508789063,30.1067676544189,30.7508335113525,33.5796012878418,36.4281387329102,39.4566841125488,41.619457244873,41.2777099609375,41.0580673217773,41.2898902893066,41.1035461425781,40.401180267334,39.7638816833496,-9999,-9999,-9999,-9999,-9999,-9999,-9999,-9999,-9999,-9999,-9999,-9999,-9999,-9999,-9999,-9999,-9999,-9999,-9999,-9999,-9999,-9999,-9999,-9999,-9999,-9999,-9999,-9999,-9999,-9999,-9999,-9999,-9999,-9999,-9999,-9999,-9999,-9999,-9999,-9999,-9999,-9999,-9999,-9999,-9999,-9999,-9999,-9999,-9999,-9999,-9999,-9999,-9999,-9999,-9999,-9999,-9999,-9999,-9999,-9999,-9999,-9999,-9999,-9999,-9999,-9999,-9999,-9999,-9999,-9999,-9999,-9999,-9999,-9999,-9999,-9999,-9999,-9999,-9999,-9999,36.356861114502,36.5766410827637,36.6779327392578,36.8415985107422,37.1003532409668,36.9738578796387,36.3961448669434,33.8439407348633,29.7559242248535,27.103572845459,24.9904155731201,20.5922355651855,15.6402149200439,18.9470920562744,21.0857830047607,17.83251953125,16.956428527832,21.1728706359863,17.6509170532227,-9999,-9999,-9999,-9999,-9999,-9999,-9999,-9999,-9999,-9999,-9999,-9999,-9999,-9999,-9999
-9999,-9999,-9999,-9999,30.6302814483643,30.1690406799316,30.9515056610107,35.3155632019043,39.0552825927734,40.1611633300781,40.8040580749512,40.6516723632813,40.540412902832,40.643726348877,40.3215065002441,39.4865455627441,-9999,-9999,-9999,-9999,-9999,-9999,-9999,-9999,-9999,-9999,-9999,-9999,-9999,-9999,-9999,-9999,-9999,-9999,-9999,-9999,-9999,-9999,-9999,-9999,-9999,-9999,-9999,-9999,-9999,-9999,-9999,-9999,-9999,-9999,-9999,-9999,-9999,-9999,-9999,-9999,-9999,-9999,-9999,-9999,-9999,-9999,-9999,-9999,-9999,-9999,-9999,-9999,-9999,-9999,-9999,-9999,-9999,-9999,-9999,-9999,-9999,-9999,-9999,-9999,-9999,-9999,-9999,-9999,-9999,-9999,-9999,-9999,-9999,-9999,-9999,-9999,-9999,-9999,-9999,-9999,-9999,36.0536193847656,36.2732963562012,36.3420372009277,36.4941673278809,36.7747955322266,36.9501113891602,36.9780693054199,36.0281944274902,34.3644485473633,30.4533996582031,25.554931640625,22.8986225128174,20.7685260772705,18.9460716247559,17.2582206726074,16.1817016601563,15.9612579345703,17.4498023986816,18.9970531463623,-9999,-9999,-9999,-9999,-9999,-9999,-9999,-9999,-9999,-9999,-9999,-9999,-9999,-9999,-9999
-9999,-9999,-9999,-9999,30.8436489105225,30.8485260009766,31.3010730743408,36.4739685058594,40.4321022033691,40.474365234375,40.2783737182617,40.3661956787109,40.350944519043,40.1506690979004,39.6152420043945,-9999,-9999,-9999,-9999,-9999,-9999,-9999,-9999,-9999,-9999,-9999,-9999,-9999,-9999,-9999,-9999,-9999,-9999,-9999,-9999,-9999,-9999,-9999,-9999,-9999,-9999,-9999,-9999,-9999,-9999,-9999,-9999,-9999,-9999,-9999,-9999,-9999,-9999,-9999,-9999,-9999,-9999,-9999,-9999,-9999,-9999,-9999,-9999,-9999,-9999,-9999,-9999,-9999,-9999,-9999,-9999,-9999,-9999,-9999,-9999,-9999,-9999,-9999,-9999,-9999,-9999,-9999,-9999,-9999,-9999,-9999,-9999,-9999,-9999,-9999,-9999,-9999,-9999,-9999,-9999,-9999,-9999,35.7087669372559,35.936954498291,35.979850769043,36.0910873413086,36.3029861450195,36.5572128295898,36.8454666137695,36.7566528320313,36.3766441345215,32.1146278381348,25.9546737670898,24.2769260406494,23.151008605957,18.5251407623291,14.3376522064209,15.2464971542358,15.8110971450806,15.8527173995972,16.6708221435547,13.6387691497803,-9999,-9999,-9999,-9999,-9999,-9999,-9999,-9999,-9999,-9999,-9999,-9999,-9999,-9999
-9999,-9999,-9999,-9999,31.1550312042236,31.1468181610107,32.2598495483398,36.5209007263184,40.4052047729492,40.4204216003418,40.2335586547852,40.5695762634277,40.5712203979492,39.8679847717285,39.0220756530762,-9999,-9999,-9999,-9999,-9999,-9999,-9999,-9999,-9999,-9999,-9999,-9999,-9999,-9999,-9999,-9999,-9999,-9999,-9999,-9999,-9999,-9999,-9999,-9999,-9999,-9999,-9999,-9999,-9999,-9999,-9999,-9999,-9999,-9999,-9999,-9999,-9999,-9999,-9999,-9999,-9999,-9999,-9999,-9999,-9999,-9999,-9999,-9999,-9999,-9999,-9999,-9999,-9999,-9999,-9999,-9999,-9999,-9999,-9999,-9999,-9999,-9999,-9999,-9999,-9999,-9999,-9999,-9999,-9999,-9999,-9999,-9999,-9999,-9999,-9999,-9999,-9999,-9999,-9999,-9999,-9999,-9999,35.3108024597168,35.558967590332,35.585334777832,35.6127586364746,35.6326713562012,35.6760864257813,35.7426223754883,35.7085876464844,35.581184387207,31.723237991333,26.157693862915,24.3235492706299,22.905818939209,17.4402408599854,12.8843441009521,15.0514125823975,16.9414558410645,17.2682876586914,17.8034248352051,18.6713943481445,13.9963617324829,-9999,-9999,-9999,-9999,-9999,-9999,-9999,-9999,-9999,-9999,-9999,-9999,-9999
-9999,-9999,-9999,-9999,26.6923789978027,31.1322555541992,32.3292465209961,36.0763053894043,38.913761138916,39.1355323791504,39.1973075866699,40.0765495300293,40.3772735595703,39.542537689209,-9999,-9999,-9999,-9999,-9999,-9999,-9999,-9999,-9999,-9999,-9999,-9999,-9999,-9999,-9999,-9999,-9999,-9999,-9999,-9999,-9999,-9999,-9999,-9999,-9999,-9999,-9999,-9999,-9999,-9999,-9999,-9999,-9999,-9999,-9999,-9999,-9999,-9999,-9999,-9999,-9999,-9999,-9999,-9999,-9999,-9999,-9999,-9999,-9999,-9999,-9999,-9999,-9999,-9999,-9999,-9999,-9999,-9999,-9999,-9999,-9999,-9999,-9999,-9999,-9999,-9999,-9999,-9999,-9999,-9999,-9999,-9999,-9999,-9999,-9999,-9999,-9999,-9999,-9999,-9999,-9999,-9999,-9999,34.876293182373,35.1426582336426,35.1838226318359,35.1809616088867,35.0965347290039,35.0928764343262,35.1675720214844,34.9967842102051,34.6719360351563,32.4687194824219,29.5057849884033,26.3612766265869,22.8696460723877,18.6044883728027,14.6364459991455,15.3066120147705,15.9699859619141,16.5476913452148,17.3567409515381,18.3688430786133,19.0328388214111,16.7740039825439,16.6233825683594,-9999,-9999,-9999,-9999,-9999,-9999,-9999,-9999,-9999,-9999,-9999
-9999,-9999,-9999,-9999,29.2274742126465,31.3423156738281,32.5275344848633,34.5052032470703,36.1136245727539,36.6479454040527,37.3220100402832,39.0344429016113,39.8661460876465,39.1857376098633,-9999,-9999,-9999,-9999,-9999,-9999,-9999,-9999,-9999,-9999,-9999,-9999,-9999,-9999,-9999,-9999,-9999,-9999,-9999,-9999,-9999,-9999,-9999,-9999,-9999,-9999,-9999,-9999,-9999,-9999,-9999,-9999,-9999,-9999,-9999,-9999,-9999,-9999,-9999,-9999,-9999,-9999,-9999,-9999,-9999,-9999,-9999,-9999,-9999,-9999,-9999,-9999,-9999,-9999,-9999,-9999,-9999,-9999,-9999,-9999,-9999,-9999,-9999,-9999,-9999,-9999,-9999,-9999,-9999,-9999,-9999,-9999,-9999,-9999,-9999,-9999,-9999,-9999,-9999,-9999,-9999,-9999,-9999,-9999,34.6945457458496,34.7752418518066,34.7835807800293,34.6670227050781,34.7449989318848,35.0123443603516,34.5591926574707,33.6409034729004,33.9474220275879,34.5387420654297,29.578498840332,23.1275939941406,21.1259899139404,19.0825614929199,15.7231092453003,13.7091083526611,14.2322416305542,15.5298490524292,17.7425880432129,18.8556537628174,18.6449565887451,-9999,-9999,-9999,-9999,-9999,-9999,-9999,-9999,-9999,-9999,-9999,-9999
-9999,-9999,-9999,-9999,28.6323013305664,30.7061100006104,30.522876739502,31.385124206543,32.4630661010742,34.7303619384766,36.8882369995117,38.277717590332,38.9650993347168,38.7364883422852,-9999,-9999,-9999,-9999,-9999,-9999,-9999,-9999,-9999,-9999,-9999,-9999,-9999,-9999,-9999,-9999,-9999,-9999,-9999,-9999,-9999,-9999,-9999,-9999,-9999,-9999,-9999,-9999,-9999,-9999,-9999,-9999,-9999,-9999,-9999,-9999,-9999,-9999,-9999,-9999,-9999,-9999,-9999,-9999,-9999,-9999,-9999,-9999,-9999,-9999,-9999,-9999,-9999,-9999,-9999,-9999,-9999,-9999,-9999,-9999,-9999,-9999,-9999,-9999,-9999,-9999,-9999,-9999,-9999,-9999,-9999,-9999,-9999,-9999,-9999,-9999,-9999,-9999,-9999,-9999,-9999,-9999,-9999,-9999,34.2862663269043,34.3825263977051,34.404052734375,34.2980155944824,34.4259338378906,34.7751884460449,34.5348434448242,33.9254264831543,34.7890777587891,35.9662017822266,30.626127243042,23.389476776123,21.8996658325195,20.0194034576416,15.5040740966797,12.1191549301147,12.4270172119141,13.896858215332,16.8809719085693,23.5455017089844,32.2138595581055,29.6413021087646,34.3887062072754,-9999,-9999,-9999,-9999,-9999,-9999,-9999,-9999,-9999,-9999
-9999,-9999,-9999,-9999,-9999,22.1320190429688,28.0831680297852,28.9648132324219,28.6243057250977,33.261905670166,36.8180122375488,37.4906349182129,37.8549499511719,38.2391471862793,-9999,-9999,-9999,-9999,-9999,-9999,-9999,-9999,-9999,-9999,-9999,-9999,-9999,-9999,-9999,-9999,-9999,-9999,-9999,-9999,-9999,-9999,-9999,-9999,-9999,-9999,-9999,-9999,-9999,-9999,-9999,-9999,-9999,-9999,-9999,-9999,-9999,-9999,-9999,-9999,-9999,-9999,-9999,-9999,-9999,-9999,-9999,-9999,-9999,-9999,-9999,-9999,-9999,-9999,-9999,-9999,-9999,-9999,-9999,-9999,-9999,-9999,-9999,-9999,-9999,-9999,-9999,-9999,-9999,-9999,-9999,-9999,-9999,-9999,-9999,-9999,-9999,-9999,-9999,-9999,-9999,-9999,-9999,-9999,33.8919563293457,33.993465423584,34.0296096801758,33.9570541381836,34.1192474365234,34.4999809265137,34.6939506530762,34.7666969299316,35.431713104248,36.1135787963867,30.7810096740723,23.7610740661621,22.0532474517822,19.7719974517822,14.89928150177,11.1282978057861,10.7200946807861,12.2793216705322,16.0202865600586,22.9537315368652,31.6049957275391,34.4427032470703,35.412166595459,32.1273345947266,-9999,-9999,-9999,-9999,-9999,-9999,-9999,-9999,-9999
-9999,-9999,-9999,-9999,-9999,25.1474704742432,26.4198532104492,26.2458915710449,27.7438144683838,33.0161972045898,36.7815093994141,37.1690483093262,37.5542106628418,38.040943145752,-9999,-9999,-9999,-9999,-9999,-9999,-9999,-9999,-9999,-9999,-9999,-9999,-9999,-9999,-9999,-9999,-9999,-9999,-9999,-9999,-9999,-9999,-9999,-9999,-9999,-9999,-9999,-9999,-9999,-9999,-9999,-9999,-9999,-9999,-9999,-9999,-9999,-9999,-9999,-9999,-9999,-9999,-9999,-9999,-9999,-9999,-9999,-9999,-9999,-9999,-9999,-9999,-9999,-9999,-9999,-9999,-9999,-9999,-9999,-9999,-9999,-9999,-9999,-9999,-9999,-9999,-9999,-9999,-9999,-9999,-9999,-9999,-9999,-9999,-9999,-9999,-9999,-9999,-9999,-9999,-9999,-9999,-9999,-9999,33.5044784545898,33.6136474609375,33.6684303283691,33.640079498291,33.7825622558594,34.0789833068848,34.2839469909668,34.4175071716309,35.1226959228516,35.8391571044922,30.7753849029541,24.038646697998,22.3415431976318,20.1536655426025,14.70228099823,10.9957132339478,11.5719089508057,13.467173576355,17.1057739257813,22.5830116271973,29.0342712402344,33.2282257080078,37.1855010986328,37.8355751037598,-9999,-9999,-9999,-9999,-9999,-9999,-9999,-9999,-9999
-9999,-9999,-9999,-9999,-9999,25.1282844543457,25.211597442627,26.2073917388916,27.4371700286865,32.832218170166,36.8626136779785,37.1182479858398,37.4260215759277,37.9061622619629,-9999,-9999,-9999,-9999,-9999,-9999,-9999,-9999,-9999,-9999,-9999,-9999,-9999,-9999,-9999,-9999,-9999,-9999,-9999,-9999,-9999,-9999,-9999,-9999,-9999,-9999,-9999,-9999,-9999,-9999,-9999,-9999,-9999,-9999,-9999,-9999,-9999,-9999,-9999,-9999,-9999,-9999,-9999,-9999,-9999,-9999,-9999,-9999,-9999,-9999,-9999,-9999,-9999,-9999,-9999,-9999,-9999,-9999,-9999,-9999,-9999,-9999,-9999,-9999,-9999,-9999,-9999,-9999,-9999,-9999,-9999,-9999,-9999,-9999,-9999,-9999,-9999,-9999,-9999,-9999,-9999,-9999,-9999,-9999,-9999,33.2313766479492,33.3065872192383,33.3265838623047,33.4376831054688,33.6262664794922,33.748908996582,33.8086700439453,34.6453399658203,35.5234756469727,30.7206382751465,24.3019771575928,22.6075859069824,20.3014392852783,14.5969190597534,11.0489101409912,12.895073890686,15.3900537490845,18.3865642547607,21.9948196411133,25.8247833251953,31.3791427612305,37.3367156982422,38.0341415405273,-9999,-9999,-9999,-9999,-9999,-9999,-9999,-9999,-9999
-9999,-9999,-9999,-9999,-9999,-9999,24.2621555328369,24.6835517883301,25.8877353668213,32.1036796569824,36.3839797973633,36.831413269043,37.1736793518066,-9999,-9999,-9999,-9999,-9999,-9999,-9999,-9999,-9999,-9999,-9999,-9999,-9999,-9999,-9999,-9999,-9999,-9999,-9999,-9999,-9999,-9999,-9999,-9999,-9999,-9999,-9999,-9999,-9999,-9999,-9999,-9999,-9999,-9999,-9999,-9999,-9999,-9999,-9999,-9999,-9999,-9999,-9999,-9999,-9999,-9999,-9999,-9999,-9999,-9999,-9999,-9999,-9999,-9999,-9999,-9999,-9999,-9999,-9999,-9999,-9999,-9999,-9999,-9999,-9999,-9999,-9999,-9999,-9999,-9999,-9999,-9999,-9999,-9999,-9999,-9999,-9999,-9999,-9999,-9999,-9999,-9999,-9999,-9999,-9999,-9999,32.9615669250488,33.0620346069336,33.1224250793457,33.2218170166016,33.3496017456055,33.6714706420898,34.085563659668,34.6074295043945,35.0020370483398,30.4703350067139,24.5824489593506,22.9755363464355,21.0820369720459,17.860595703125,14.9842185974121,13.5238704681396,13.6286678314209,14.7961578369141,19.2828044891357,25.5927314758301,29.5709056854248,32.7270736694336,33.9257278442383,-9999,-9999,-9999,-9999,-9999,-9999,-9999,-9999,-9999
-9999,-9999,-9999,-9999,-9999,-9999,22.814790725708,22.52587890625,24.6009788513184,31.3427658081055,36.0426292419434,36.5569381713867,36.9089126586914,-9999,-9999,-9999,-9999,-9999,-9999,-9999,-9999,-9999,-9999,-9999,-9999,-9999,-9999,-9999,-9999,-9999,-9999,-9999,-9999,-9999,-9999,-9999,-9999,-9999,-9999,-9999,-9999,-9999,-9999,-9999,-9999,-9999,-9999,-9999,-9999,-9999,-9999,-9999,-9999,-9999,-9999,-9999,-9999,-9999,-9999,-9999,-9999,-9999,-9999,-9999,-9999,-9999,-9999,-9999,-9999,-9999,-9999,-9999,-9999,-9999,-9999,-9999,-9999,-9999,-9999,-9999,-9999,-9999,-9999,-9999,-9999,-9999,-9999,-9999,-9999,-9999,-9999,-9999,-9999,-9999,-9999,-9999,-9999,-9999,-9999,32.7053604125977,32.8282241821289,32.9196891784668,33.0074195861816,33.0846099853516,33.5936050415039,34.3359756469727,34.5565719604492,34.5111694335938,30.2524375915527,24.8369598388672,23.3569946289063,21.8469276428223,20.6907138824463,18.5408325195313,14.2251014709473,11.3983516693115,11.3432989120483,16.491397857666,25.1533451080322,27.6730518341064,28.0027179718018,24.2382030487061,17.7251129150391,16.0137786865234,-9999,-9999,-9999,-9999,-9999,-9999,-9999
-9999,-9999,-9999,-9999,-9999,-9999,21.5389385223389,21.9465427398682,23.0353317260742,30.235034942627,35.2854995727539,36.0138206481934,36.6292495727539,-9999,-9999,-9999,-9999,-9999,-9999,-9999,-9999,-9999,-9999,-9999,-9999,-9999,-9999,-9999,-9999,-9999,-9999,-9999,-9999,-9999,-9999,-9999,-9999,-9999,-9999,-9999,-9999,-9999,-9999,-9999,-9999,-9999,-9999,-9999,-9999,-9999,-9999,-9999,-9999,-9999,-9999,-9999,-9999,-9999,-9999,-9999,-9999,-9999,-9999,-9999,-9999,-9999,-9999,-9999,-9999,-9999,-9999,-9999,-9999,-9999,-9999,-9999,-9999,-9999,-9999,-9999,-9999,-9999,-9999,-9999,-9999,-9999,-9999,-9999,-9999,-9999,-9999,-9999,-9999,-9999,-9999,-9999,-9999,-9999,-9999,32.5715217590332,32.6650199890137,32.6899261474609,32.7504615783691,32.8343467712402,33.3238143920898,34.0344848632813,34.2632904052734,34.2727699279785,30.1651229858398,24.977144241333,23.6117725372314,22.230094909668,21.0181827545166,18.7227420806885,13.9235324859619,11.5257816314697,12.6878652572632,15.9918346405029,20.7462921142578,21.9522304534912,21.5284385681152,19.5174160003662,17.3193740844727,13.535813331604,8.08760643005371,-9999,-9999,-9999,-9999,-9999,-9999
-9999,-9999,-9999,-9999,-9999,-9999,-9999,-9999,-9999,-9999,-9999,-9999,-9999,-9999,-9999,-9999,-9999,-9999,-9999,-9999,-9999,-9999,-9999,-9999,-9999,-9999,-9999,-9999,-9999,-9999,-9999,-9999,-9999,-9999,-9999,-9999,-9999,-9999,-9999,-9999,-9999,-9999,-9999,-9999,-9999,-9999,-9999,-9999,-9999,-9999,-9999,-9999,-9999,-9999,-9999,-9999,-9999,-9999,-9999,-9999,-9999,-9999,-9999,-9999,-9999,-9999,-9999,-9999,-9999,-9999,-9999,-9999,-9999,-9999,-9999,-9999,-9999,-9999,-9999,-9999,-9999,-9999,-9999,-9999,-9999,-9999,-9999,-9999,-9999,-9999,-9999,-9999,-9999,-9999,-9999,-9999,-9999,-9999,-9999,-9999,32.4900588989258,32.4603996276855,32.5038909912109,32.606372833252,33.0896682739258,33.7809295654297,33.9965934753418,33.9859504699707,30.5969047546387,26.3987216949463,24.4817085266113,22.5673027038574,21.2549667358398,18.9117031097412,13.8179988861084,11.5760507583618,13.9259786605835,15.1933126449585,16.318790435791,15.7037420272827,14.7599487304688,15.0496273040771,15.950325012207,9.76453876495361,7.62636709213257,2.98381161689758,-9999,-9999,-9999,-9999,-9999
-9999,-9999,-9999,-9999,-9999,-9999,-9999,-9999,-9999,-9999,-9999,-9999,-9999,-9999,-9999,-9999,-9999,-9999,-9999,-9999,-9999,-9999,-9999,-9999,-9999,-9999,-9999,-9999,-9999,-9999,-9999,-9999,-9999,-9999,-9999,-9999,-9999,-9999,-9999,-9999,-9999,-9999,-9999,-9999,-9999,-9999,-9999,-9999,-9999,-9999,-9999,-9999,-9999,-9999,-9999,-9999,-9999,-9999,-9999,-9999,-9999,-9999,-9999,-9999,-9999,-9999,-9999,-9999,-9999,-9999,-9999,-9999,-9999,-9999,-9999,-9999,-9999,-9999,-9999,-9999,-9999,-9999,-9999,-9999,-9999,-9999,-9999,-9999,-9999,-9999,-9999,-9999,-9999,-9999,-9999,-9999,-9999,-9999,-9999,-9999,32.2788467407227,32.2375564575195,32.3063316345215,32.4723167419434,32.9953918457031,33.7105827331543,33.8823127746582,33.8166427612305,33.0346145629883,32.0358581542969,27.4317016601563,22.8273391723633,21.5401363372803,19.1376056671143,14.006386756897,11.5148916244507,13.0055847167969,13.6977090835571,13.4199047088623,12.1498470306396,10.2490673065186,9.59771251678467,9.69798564910889,6.59192895889282,3.32938861846924,3.20535683631897,2.76870775222778,-9999,-9999,-9999,-9999
-9999,-9999,-9999,-9999,-9999,-9999,-9999,-9999,-9999,-9999,-9999,-9999,-9999,-9999,-9999,-9999,-9999,-9999,-9999,-9999,-9999,-9999,-9999,-9999,-9999,-9999,-9999,-9999,-9999,-9999,-9999,-9999,-9999,-9999,-9999,-9999,-9999,-9999,-9999,-9999,-9999,-9999,-9999,-9999,-9999,-9999,-9999,-9999,-9999,-9999,-9999,-9999,-9999,-9999,-9999,-9999,-9999,-9999,-9999,-9999,-9999,-9999,-9999,-9999,-9999,-9999,-9999,-9999,-9999,-9999,-9999,-9999,-9999,-9999,-9999,-9999,-9999,-9999,-9999,-9999,-9999,-9999,-9999,-9999,-9999,-9999,-9999,-9999,-9999,-9999,-9999,-9999,-9999,-9999,-9999,-9999,-9999,-9999,-9999,-9999,32.0858535766602,32.0569381713867,32.1477966308594,32.360767364502,32.8017272949219,33.3644828796387,33.6195335388184,33.7063255310059,34.5385322570801,35.2513313293457,29.2800846099854,23.0628776550293,21.8508892059326,19.5276641845703,14.1071710586548,11.4247436523438,12.5918579101563,12.2731342315674,10.9219589233398,9.19911479949951,7.25492477416992,6.16933155059814,5.17285823822021,4.3342547416687,3.4494309425354,2.7531270980835,2.51151180267334,-9999,-9999,-9999,-9999
-9999,-9999,-9999,-9999,-9999,-9999,-9999,-9999,-9999,-9999,-9999,-9999,-9999,-9999,-9999,-9999,-9999,-9999,-9999,-9999,-9999,-9999,-9999,-9999,-9999,-9999,-9999,-9999,-9999,-9999,-9999,-9999,-9999,-9999,-9999,-9999,-9999,-9999,-9999,-9999,-9999,-9999,-9999,-9999,-9999,-9999,-9999,-9999,-9999,-9999,-9999,-9999,-9999,-9999,-9999,-9999,-9999,-9999,-9999,-9999,-9999,-9999,-9999,-9999,-9999,-9999,-9999,-9999,-9999,-9999,-9999,-9999,-9999,-9999,-9999,-9999,-9999,-9999,-9999,-9999,-9999,-9999,-9999,-9999,-9999,-9999,-9999,-9999,-9999,-9999,-9999,-9999,-9999,-9999,-9999,-9999,-9999,-9999,-9999,-9999,-9999,31.9541893005371,32.0736236572266,32.2966041564941,32.4178428649902,32.476390838623,33.0600662231445,33.7000846862793,34.6015968322754,35.3191261291504,29.4092864990234,23.2836284637451,22.1767539978027,19.9063148498535,14.5297031402588,11.5726833343506,12.4833564758301,11.646427154541,9.45577335357666,8.45326995849609,7.90453577041626,6.37531900405884,3.75100255012512,3.27796697616577,2.85109090805054,2.51555562019348,2.2417151927948,-9999,-9999,3.29321098327637,3.34520792961121
-9999,-9999,-9999,-9999,-9999,-9999,-9999,-9999,-9999,-9999,-9999,-9999,-9999,-9999,-9999,-9999,-9999,-9999,-9999,-9999,-9999,-9999,-9999,-9999,-9999,-9999,-9999,-9999,-9999,-9999,-9999,-9999,-9999,-9999,-9999,-9999,-9999,-9999,-9999,-9999,-9999,-9999,-9999,-9999,-9999,-9999,-9999,-9999,-9999,-9999,-9999,-9999,-9999,-9999,-9999,-9999,-9999,-9999,-9999,-9999,-9999,-9999,-9999,-9999,-9999,-9999,-9999,-9999,-9999,-9999,-9999,-9999,-9999,-9999,-9999,-9999,-9999,-9999,-9999,-9999,-9999,-9999,-9999,-9999,-9999,-9999,-9999,-9999,-9999,-9999,-9999,-9999,-9999,-9999,-9999,-9999,-9999,-9999,-9999,-9999,-9999,-9999,32.0175247192383,32.1937484741211,32.1497650146484,31.9638919830322,32.6849822998047,33.5687713623047,34.5647048950195,35.3638076782227,29.58860206604,23.3312702178955,20.2141551971436,16.7503280639648,12.6307802200317,10.2136468887329,10.8019237518311,9.67950057983398,7.55582571029663,6.93737363815308,7.0412073135376,5.61559867858887,3.15923762321472,2.870032787323,2.76763081550598,2.6058030128479,2.59722566604614,2.97222232818604,3.25180149078369,3.29029655456543,3.38006711006165
-9999,-9999,-9999,-9999,-9999,-9999,-9999,-9999,-9999,-9999,-9999,-9999,-9999,-9999,-9999,-9999,-9999,-9999,-9999,-9999,-9999,-9999,-9999,-9999,-9999,-9999,-9999,-9999,-9999,-9999,-9999,-9999,-9999,-9999,-9999,-9999,-9999,-9999,-9999,-9999,-9999,-9999,-9999,-9999,-9999,-9999,-9999,-9999,-9999,-9999,-9999,-9999,-9999,-9999,-9999,-9999,-9999,-9999,-9999,-9999,-9999,-9999,-9999,-9999,-9999,-9999,-9999,-9999,-9999,-9999,-9999,-9999,-9999,-9999,-9999,-9999,-9999,-9999,-9999,-9999,-9999,-9999,-9999,-9999,-9999,-9999,-9999,-9999,-9999,-9999,-9999,-9999,-9999,-9999,-9999,-9999,-9999,-9999,-9999,-9999,-9999,-9999,-9999,32.0505981445313,32.0124664306641,31.8953113555908,32.5064849853516,33.2165184020996,34.4324645996094,35.4394493103027,29.8736362457275,23.2291374206543,15.3746423721313,8.97806739807129,7.94345045089722,7.3263463973999,7.67745542526245,6.76467323303223,4.69760465621948,4.01854467391968,4.27109146118164,3.83685183525085,3.34970307350159,3.16929888725281,3.22834825515747,3.14337539672852,3.2003026008606,3.19593238830566,3.14376044273376,2.97924995422363,2.82277083396912
-9999,-9999,-9999,-9999,-9999,-9999,-9999,-9999,-9999,-9999,-9999,-9999,-9999,-9999,-9999,-9999,-9999,-9999,-9999,-9999,-9999,-9999,-9999,-9999,-9999,-9999,-9999,-9999,-9999,-9999,-9999,-9999,-9999,-9999,-9999,-9999,-9999,-9999,-9999,-9999,-9999,-9999,-9999,-9999,-9999,-9999,-9999,-9999,-9999,-9999,-9999,-9999,-9999,-9999,-9999,-9999,-9999,-9999,-9999,-9999,-9999,-9999,-9999,-9999,-9999,-9999,-9999,-9999,-9999,-9999,-9999,-9999,-9999,-9999,-9999,-9999,-9999,-9999,-9999,-9999,-9999,-9999,-9999,-9999,-9999,-9999,-9999,-9999,-9999,-9999,-9999,-9999,-9999,-9999,-9999,-9999,-9999,-9999,-9999,-9999,-9999,-9999,-9999,31.9149551391602,31.9625911712646,32.0368423461914,32.3941040039063,32.7492790222168,33.8815040588379,34.8994636535645,29.7554492950439,23.3287506103516,13.6100311279297,6.16705560684204,6.65451955795288,6.72810029983521,6.99745655059814,5.96430444717407,3.50013756752014,2.70744585990906,2.9289927482605,3.00092267990112,3.07916951179504,3.10129737854004,3.16554403305054,3.17076754570007,3.18271470069885,2.84796380996704,4.47631692886353,9.50271511077881,15.0185289382935
-9999,-9999,-9999,-9999,-9999,-9999,-9999,-9999,-9999,-9999,-9999,-9999,-9999,-9999,-9999,-9999,-9999,-9999,-9999,-9999,-9999,-9999,-9999,-9999,-9999,-9999,-9999,-9999,-9999,-9999,-9999,-9999,-9999,-9999,-9999,-9999,-9999,-9999,-9999,-9999,-9999,-9999,-9999,-9999,-9999,-9999,-9999,-9999,-9999,-9999,-9999,-9999,-9999,-9999,-9999,-9999,-9999,-9999,-9999,-9999,-9999,-9999,-9999,-9999,-9999,-9999,-9999,-9999,-9999,-9999,-9999,-9999,-9999,-9999,-9999,-9999,-9999,-9999,-9999,-9999,-9999,-9999,-9999,-9999,-9999,-9999,-9999,-9999,-9999,-9999,-9999,-9999,-9999,-9999,-9999,-9999,-9999,-9999,-9999,-9999,-9999,-9999,-9999,-9999,31.9846668243408,32.3157043457031,32.4650459289551,32.5038795471191,33.0579490661621,33.9348526000977,29.3617210388184,22.9083461761475,13.3168287277222,6.5024995803833,7.26786375045776,7.4739785194397,7.58654069900513,6.61225891113281,3.72121262550354,2.55334830284119,2.5420970916748,2.59572720527649,2.61699151992798,2.44927406311035,2.42900776863098,2.4246518611908,2.3943498134613,2.12744832038879,6.64879894256592,20.1807250976563,30.8289260864258
-9999,-9999,-9999,-9999,-9999,-9999,-9999,-9999,-9999,-9999,-9999,-9999,-9999,-9999,-9999,-9999,-9999,-9999,-9999,-9999,-9999,-9999,-9999,-9999,-9999,-9999,-9999,-9999,-9999,-9999,-9999,-9999,-9999,-9999,-9999,-9999,-9999,-9999,-9999,-9999,-9999,-9999,-9999,-9999,-9999,-9999,-9999,-9999,-9999,-9999,-9999,-9999,-9999,-9999,-9999,-9999,-9999,-9999,-9999,-9999,-9999,-9999,-9999,-9999,-9999,-9999,-9999,-9999,-9999,-9999,-9999,-9999,-9999,-9999,-9999,-9999,-9999,-9999,-9999,-9999,-9999,-9999,-9999,-9999,-9999,-9999,-9999,-9999,-9999,-9999,-9999,-9999,-9999,-9999,-9999,-9999,-9999,-9999,-9999,-9999,-9999,-9999,-9999,-9999,-9999,-9999,32.2227821350098,32.1280822753906,32.6838722229004,33.2422866821289,30.3477153778076,25.8787422180176,18.7707557678223,13.2487573623657,11.5777797698975,10.4735469818115,10.7957105636597,9.85519123077393,7.98292541503906,8.73371124267578,10.9935684204102,11.0745086669922,10.7089872360229,12.119158744812,14.2172002792358,15.651421546936,16.613224029541,16.078197479248,18.3820266723633,26.2017211914063,32.6737327575684
-9999,-9999,-9999,-9999,-9999,-9999,-9999,-9999,-9999,-9999,-9999,-9999,-9999,-9999,-9999,-9999,-9999,-9999,-9999,-9999,-9999,-9999,-9999,-9999,-9999,-9999,-9999,-9999,-9999,-9999,-9999,-9999,-9999,-9999,-9999,-9999,-9999,-9999,-9999,-9999,-9999,-9999,-9999,-9999,-9999,-9999,-9999,-9999,-9999,-9999,-9999,-9999,-9999,-9999,-9999,-9999,-9999,-9999,-9999,-9999,-9999,-9999,-9999,-9999,-9999,-9999,-9999,-9999,-9999,-9999,-9999,-9999,-9999,-9999,-9999,-9999,-9999,-9999,-9999,-9999,-9999,-9999,-9999,-9999,-9999,-9999,-9999,-9999,-9999,-9999,-9999,-9999,-9999,-9999,-9999,-9999,-9999,-9999,-9999,-9999,-9999,-9999,-9999,-9999,-9999,-9999,-9999,-9999,31.9234256744385,32.1788444519043,31.892728805542,31.190746307373,27.6049385070801,23.1836605072021,17.8340911865234,14.6694641113281,15.381796836853,15.4982051849365,14.4620742797852,17.6542434692383,22.5818099975586,22.8760375976563,22.0249996185303,24.809907913208,27.6568870544434,29.930850982666,31.5901432037354,31.0151996612549,30.6085910797119,30.5820751190186,-9999
-9999,-9999,-9999,-9999,-9999,-9999,-9999,-9999,-9999,-9999,-9999,-9999,-9999,-9999,-9999,-9999,-9999,-9999,-9999,-9999,-9999,-9999,-9999,-9999,-9999,-9999,-9999,-9999,-9999,-9999,-9999,-9999,-9999,-9999,-9999,-9999,-9999,-9999,-9999,-9999,-9999,-9999,-9999,-9999,-9999,-9999,-9999,-9999,-9999,-9999,-9999,-9999,-9999,-9999,-9999,-9999,-9999,-9999,-9999,-9999,-9999,-9999,-9999,-9999,-9999,-9999,-9999,-9999,-9999,-9999,-9999,-9999,-9999,-9999,-9999,-9999,-9999,-9999,-9999,-9999,-9999,-9999,-9999,-9999,-9999,-9999,-9999,-9999,-9999,-9999,-9999,-9999,-9999,-9999,-9999,-9999,-9999,-9999,-9999,-9999,-9999,-9999,-9999,-9999,-9999,-9999,-9999,-9999,-9999,-9999,31.6591033935547,31.4561710357666,29.6353969573975,27.4940338134766,24.6024436950684,22.8376216888428,22.962818145752,22.7846126556396,22.3369846343994,23.9992198944092,26.5863399505615,26.786735534668,26.3869171142578,27.8615436553955,29.4105033874512,30.6941261291504,31.6440963745117,31.2568244934082,-9999,-9999,-9999
-9999,-9999,-9999,-9999,-9999,-9999,-9999,-9999,-9999,-9999,-9999,-9999,-9999,-9999,-9999,-9999,-9999,-9999,-9999,-9999,-9999,-9999,-9999,-9999,-9999,-9999,-9999,-9999,-9999,-9999,-9999,-9999,-9999,-9999,-9999,-9999,-9999,-9999,-9999,-9999,-9999,-9999,-9999,-9999,-9999,-9999,-9999,-9999,-9999,-9999,-9999,-9999,-9999,-9999,-9999,-9999,-9999,-9999,-9999,-9999,-9999,-9999,-9999,-9999,-9999,-9999,-9999,-9999,-9999,-9999,-9999,-9999,-9999,-9999,-9999,-9999,-9999,-9999,-9999,-9999,-9999,-9999,-9999,-9999,-9999,-9999,-9999,-9999,-9999,-9999,-9999,-9999,-9999,-9999,-9999,-9999,-9999,-9999,-9999,-9999,-9999,-9999,-9999,-9999,-9999,-9999,-9999,-9999,-9999,-9999,-9999,-9999,-9999,-9999,-9999,-9999,-9999,-9999,-9999,-9999,-9999,-9999,-9999,-9999,-9999,-9999,-9999,-9999,-9999,-9999,-9999
-9999,-9999,-9999,-9999,-9999,-9999,-9999,-9999,-9999,-9999,-9999,-9999,-9999,-9999,-9999,-9999,-9999,-9999,-9999,-9999,-9999,-9999,-9999,-9999,-9999,-9999,-9999,-9999,-9999,-9999,-9999,-9999,-9999,-9999,-9999,-9999,-9999,-9999,-9999,-9999,-9999,-9999,-9999,-9999,-9999,-9999,-9999,-9999,-9999,-9999,-9999,-9999,-9999,-9999,-9999,-9999,-9999,-9999,-9999,-9999,-9999,-9999,-9999,-9999,-9999,-9999,-9999,-9999,-9999,-9999,-9999,-9999,-9999,-9999,-9999,-9999,-9999,-9999,-9999,-9999,-9999,-9999,-9999,-9999,-9999,-9999,-9999,-9999,-9999,-9999,-9999,-9999,-9999,-9999,-9999,-9999,-9999,-9999,-9999,-9999,-9999,-9999,-9999,-9999,-9999,-9999,-9999,-9999,-9999,-9999,-9999,-9999,-9999,-9999,-9999,-9999,-9999,-9999,-9999,-9999,-9999,-9999,-9999,-9999,-9999,-9999,-9999,-9999,-9999,-9999,-9999

Step,193
Year,16.08333
-9999,-9999,-9999,-9999,-9999,-9999,-9999,-9999,-9999,-9999,-9999,-9999,-9999,-9999,-9999,-9999,-9999,-9999,-9999,-9999,-9999,-9999,-9999,-9999,-9999,-9999,-9999,-9999,-9999,-9999,-9999,-9999,-9999,-9999,-9999,-9999,-9999,-9999,-9999,-9999,-9999,-9999,-9999,-9999,-9999,-9999,-9999,-9999,-9999,-9999,-9999,-9999,-9999,-9999,-9999,-9999,-9999,-9999,-9999,-9999,-9999,-9999,-9999,-9999,-9999,-9999,-9999,-9999,-9999,-9999,-9999,-9999,-9999,-9999,-9999,-9999,-9999,-9999,-9999,-9999,-9999,-9999,-9999,-9999,-9999,-9999,-9999,-9999,-9999,-9999,-9999,-9999,-9999,-9999,-9999,-9999,-9999,-9999,-9999,-9999,-9999,-9999,-9999,-9999,-9999,-9999,-9999,-9999,-9999,-9999,-9999,-9999,-9999,-9999,-9999,-9999,-9999,-9999,-9999,-9999,-9999,-9999,-9999,-9999,-9999,-9999,-9999,-9999,-9999,-9999,-9999
-9999,-9999,-9999,-9999,-9999,-9999,-9999,-9999,-9999,-9999,-9999,-9999,-9999,-9999,-9999,-9999,-9999,-9999,-9999,-9999,-9999,-9999,-9999,-9999,-9999,-9999,-9999,-9999,-9999,-9999,-9999,-9999,-9999,-9999,-9999,-9999,-9999,-9999,-9999,-9999,-9999,-9999,-9999,-9999,-9999,-9999,-9999,-9999,-9999,-9999,-9999,-9999,-9999,-9999,-9999,-9999,-9999,-9999,-9999,-9999,-9999,-9999,-9999,-9999,-9999,-9999,-9999,-9999,-9999,-9999,-9999,-9999,-9999,-9999,-9999,-9999,-9999,-9999,-9999,-9999,-9999,-9999,-9999,-9999,-9999,-9999,-9999,-9999,-9999,-9999,-9999,-9999,-9999,-9999,-9999,-9999,-9999,-9999,-9999,-9999,-9999,-9999,-9999,-9999,-9999,-9999,-9999,-9999,-9999,-9999,-9999,-9999,-9999,-9999,-9999,-9999,-9999,-9999,-9999,-9999,-9999,-9999,-9999,-9999,-9999,-9999,-9999,-9999,-9999,-9999,-9999
-9999,-9999,-9999,-9999,-9999,-9999,-9999,-9999,-9999,-9999,-9999,-9999,-9999,-9999,-9999,-9999,-9999,-9999,-9999,-9999,-9999,-9999,-9999,-9999,-9999,-9999,-9999,-9999,-9999,-9999,-9999,-9999,-9999,-9999,-9999,-9999,-9999,-9999,-9999,-9999,-9999,-9999,-9999,-9999,-9999,-9999,-9999,-9999,-9999,-9999,-9999,-9999,-9999,-9999,-9999,-9999,-9999,-9999,-9999,-9999,-9999,-9999,-9999,-9999,-9999,-9999,-9999,-9999,-9999,-9999,-9999,-9999,-9999,-9999,37.0825042724609,37.9533309936523,-9999,-9999,-9999,-9999,-9999,-9999,-9999,-9999,-9999,-9999,-9999,-9999,-9999,-9999,-9999,-9999,-9999,-9999,-9999,-9999,-9999,-9999,-9999,-9999,-9999,-9999,-9999,-9999,-9999,-9999,-9999,-9999,-9999,-9999,-9999,-9999,-9999,-9999,-9999,-9999,-9999,-9999,-9999,-9999,-9999,-9999,-9999,-9999,-9999,-9999,-9999,-9999,-9999,-9999,-9999
-9999,-9999,-9999,-9999,-9999,-9999,-9999,-9999,-9999,-9999,-9999,-9999,-9999,-9999,-9999,-9999,-9999,-9999,-9999,-9999,-9999,-9999,-9999,-9999,-9999,-9999,-9999,-9999,-9999,-9999,-9999,-9999,-9999,-9999,-9999,-9999,-9999,-9999,-9999,-9999,-9999,-9999,-9999,-9999,-9999,-9999,-9999,-9999,-9999,-9999,-9999,-9999,-9999,-9999,-9999,-9999,-9999,-9999,-9999,-9999,-9999,-9999,-9999,-9999,-9999,-9999,-9999,-9999,-9999,-9999,-9999,-9999,-9999,-9999,38.1324348449707,37.667552947998,-9999,-9999,-9999,-9999,-9999,-9999,-9999,-9999,-9999,-9999,-9999,-9999,-9999,-9999,-9999,-9999,-9999,-9999,-9999,-9999,-9999,-9999,-9999,-9999,-9999,-9999,-9999,-9999,-9999,-9999,-9999,-9999,-9999,-9999,-9999,-9999,-9999,-9999,-9999,-9999,-9999,-9999,-9999,-9999,-9999,-9999,-9999,-9999,-9999,-9999,-9999,-9999,-9999,-9999,-9999
-9999,-9999,-9999,-9999,-9999,-9999,-9999,-9999,-9999,-9999,-9999,-9999,-9999,-9999,-9999,-9999,-9999,-9999,-9999,-9999,-9999,-9999,-9999,-9999,-9999,-9999,-9999,-9999,-9999,-9999,-9999,-9999,-9999,-9999,-9999,-9999,-9999,-9999,-9999,-9999,-9999,-9999,-9999,-9999,-9999,-9999,-9999,-9999,-9999,-9999,-9999,-9999,-9999,-9999,-9999,-9999,6.17554293293188E-13,1.09010107607332E-08,1.08175921553766E-08,1.08024966749554E-08,-9999,-9999,-9999,-9999,-9999,38.6525611877441,38.2130088806152,39.6548347473145,39.986213684082,37.2852401733398,35.8049468994141,32.5753021240234,32.4516143798828,31.879581451416,35.6494483947754,34.3359565734863,32.9247856140137,-9999,-9999,25.1973762512207,23.8578300476074,23.0276947021484,23.5860137939453,30.4210872650146,33.5308685302734,35.5015525817871,35.4595146179199,33.1567611694336,25.0029449462891,-9999,-9999,-9999,-9999,-9999,-9999,-9999,-9999,-9999,-9999,-9999,-9999,-9999,-9999,-9999,-9999,-9999,-9999,-9999,-9999,-9999,-9999,-9999,-9999,-9999,-9999,-9999,-9999,-9999,-9999,-9999,-9999,-9999,-9999,-9999,-9999,-9999,-9999,-9999,-9999,-9999,-9999
-9999,-9999,-9999,-9999,-9999,-9999,-9999,-9999,-9999,-9999,-9999,-9999,-9999,-9999,-9999,-9999,-9999,-9999,-9999,-9999,-9999,-9999,-9999,-9999,-9999,-9999,-9999,-9999,-9999,-9999,-9999,-9999,-9999,-9999,-9999,-9999,-9999,-9999,-9999,-9999,-9999,-9999,-9999,-9999,-9999,-9999,-9999,-9999,-9999,-9999,-9999,-9999,-9999,-9999,-9999,7.13250964366752E-13,2.4849025948015E-08,0.000671666173730046,0.000667933549266309,0.000667242449708283,0.00136906607076526,44.7342300415039,-9999,43.9680290222168,42.3960762023926,42.0357208251953,41.3636131286621,40.3615341186523,40.0281677246094,39.3402519226074,36.1713943481445,35.3376159667969,36.0090713500977,34.9740295410156,34.6272277832031,35.0452423095703,33.8172760009766,33.3862113952637,32.1562767028809,29.6403369903564,26.4197120666504,23.6748275756836,26.7168083190918,29.7900466918945,34.0948028564453,36.4529495239258,36.231201171875,34.1580810546875,28.556812286377,22.5714092254639,15.9940805435181,-9999,-9999,-9999,-9999,-9999,-9999,-9999,-9999,-9999,-9999,-9999,-9999,-9999,-9999,-9999,-9999,-9999,-9999,-9999,-9999,-9999,-9999,-9999,-9999,-9999,-9999,-9999,-9999,-9999,-9999,-9999,-9999,-9999,-9999,-9999,-9999,-9999,-9999,-9999,-9999
-9999,-9999,-9999,-9999,-9999,-9999,-9999,-9999,-9999,-9999,-9999,-9999,-9999,-9999,-9999,-9999,-9999,-9999,-9999,-9999,-9999,-9999,-9999,-9999,-9999,-9999,-9999,-9999,-9999,-9999,-9999,-9999,-9999,-9999,-9999,-9999,-9999,-9999,-9999,-9999,-9999,-9999,-9999,-9999,-9999,-9999,-9999,-9999,-9999,-9999,-9999,-9999,-9999,-9999,-9999,1.44836054261077E-08,0.000772413040976971,45.8824691772461,45.8249893188477,45.8752899169922,46.0306854248047,45.3959083557129,44.3299179077148,44.642391204834,42.6786346435547,42.1020774841309,40.6348190307617,40.5508155822754,39.7615242004395,38.442512512207,37.4914436340332,37.1279983520508,36.7803840637207,36.4787902832031,36.1372833251953,35.6711807250977,34.8117752075195,33.7124710083008,31.8635387420654,29.5910243988037,26.7837753295898,24.1626434326172,27.252124786377,31.8865013122559,35.8659057617188,37.8076057434082,37.5460472106934,34.98193359375,29.131010055542,22.8211574554443,15.8562994003296,13.8942222595215,18.0862426757813,-9999,-9999,-9999,-9999,-9999,-9999,-9999,-9999,-9999,29.7783699035645,30.7100143432617,32.8070106506348,-9999,-9999,-9999,-9999,-9999,-9999,-9999,-9999,-9999,-9999,-9999,-9999,-9999,-9999,-9999,-9999,-9999,-9999,-9999,-9999,-9999,-9999,-9999,-9999,-9999,-9999
-9999,-9999,-9999,-9999,-9999,-9999,-9999,-9999,-9999,-9999,-9999,-9999,-9999,-9999,-9999,-9999,-9999,-9999,-9999,-9999,-9999,-9999,-9999,-9999,-9999,-9999,-9999,-9999,-9999,-9999,-9999,39.2474594116211,-9999,-9999,-9999,39.5941467285156,-9999,-9999,-9999,-9999,-9999,-9999,-9999,-9999,-9999,-9999,-9999,-9999,-9999,-9999,-9999,-9999,-9999,-9999,-9999,-9999,-9999,45.4503631591797,45.675968170166,45.7751312255859,-9999,46.1673545837402,45.5845603942871,44.5663146972656,42.9263191223145,42.2006721496582,41.3482093811035,40.5586166381836,40.0509490966797,37.703369140625,36.761360168457,37.8525238037109,38.1357154846191,37.6298408508301,37.1054992675781,36.5548858642578,35.8623580932617,34.8829803466797,34.6682739257813,34.6964340209961,32.6965103149414,31.4979591369629,34.7442054748535,36.7915840148926,39.5502586364746,40.7771224975586,39.7786026000977,37.4762916564941,32.6640853881836,29.4403038024902,27.4011497497559,22.638988494873,16.7921676635742,20.0788898468018,-9999,-9999,-9999,-9999,-9999,-9999,-9999,-9999,33.9744110107422,36.1333198547363,36.3272361755371,34.592960357666,33.1793594360352,-9999,-9999,-9999,-9999,-9999,-9999,-9999,-9999,-9999,-9999,-9999,-9999,-9999,-9999,-9999,-9999,-9999,-9999,-9999,-9999,-9999,-9999,-9999,-9999
-9999,-9999,-9999,-9999,-9999,-9999,-9999,-9999,-9999,-9999,-9999,-9999,-9999,-9999,-9999,-9999,-9999,-9999,-9999,-9999,-9999,-9999,-9999,-9999,-9999,-9999,-9999,-9999,-9999,-9999,38.0868949890137,37.8863258361816,-9999,-9999,39.8454780578613,39.7952079772949,-9999,-9999,35.9710731506348,37.825065612793,-9999,-9999,-9999,-9999,-9999,41.3854293823242,-9999,-9999,-9999,-9999,-9999,-9999,-9999,-9999,-9999,-9999,-9999,-9999,-9999,-9999,-9999,46.0288047790527,46.5917282104492,44.7800674438477,43.4229316711426,42.2888298034668,40.853874206543,39.6651382446289,38.7258796691895,36.5371170043945,35.3997497558594,38.9401741027832,40.3339004516602,39.4655075073242,38.5649147033691,38.0228805541992,37.1815338134766,36.1952667236328,37.5238151550293,39.1763076782227,39.734260559082,38.8321418762207,39.7558555603027,40.7262229919434,41.8724822998047,42.3174591064453,41.4373512268066,39.7033920288086,36.450927734375,35.598201751709,36.7570152282715,30.0387020111084,18.0064640045166,20.0234489440918,24.3021221160889,-9999,-9999,-9999,-9999,-9999,34.8819732666016,35.1747055053711,35.4928207397461,36.0030746459961,37.0139236450195,37.5856819152832,35.6827201843262,32.4308776855469,-9999,-9999,-9999,-9999,-9999,-9999,-9999,-9999,-9999,-9999,-9999,-9999,-9999,-9999,-9999,-9999,-9999,-9999,-9999,-9999,-9999,-9999,-9999
-9999,-9999,-9999,-9999,-9999,-9999,-9999,-9999,-9999,-9999,-9999,-9999,-9999,-9999,-9999,-9999,-9999,-9999,-9999,-9999,-9999,-9999,-9999,37.8135070800781,38.4398307800293,-9999,-9999,-9999,-9999,37.8241233825684,37.9131317138672,38.3187599182129,37.7050857543945,39.1969108581543,39.2736434936523,39.4053573608398,36.7138023376465,35.1022682189941,35.7599334716797,-9999,38.6346168518066,40.5458717346191,-9999,-9999,40.9757080078125,41.4494552612305,41.9355278015137,42.8722801208496,-9999,-9999,-9999,-9999,-9999,-9999,-9999,-9999,-9999,41.6538391113281,43.888011932373,-9999,-9999,-9999,44.730094909668,44.7010650634766,44.0161323547363,42.2770919799805,42.2099914550781,40.733570098877,39.4346771240234,35.9213905334473,34.3351707458496,37.7212982177734,39.6442985534668,40.4855155944824,40.0399131774902,39.3995666503906,38.6719284057617,37.563606262207,37.9867668151855,39.4773902893066,39.9240188598633,39.9383773803711,40.9747543334961,41.8328285217285,42.2464828491211,42.3889122009277,42.0265808105469,40.9358367919922,38.2947883605957,36.7149391174316,35.8143539428711,31.0511627197266,24.0279140472412,23.5557613372803,24.2411422729492,21.3109302520752,20.8421401977539,22.2725105285645,22.8011703491211,24.8208637237549,29.5437660217285,34.9611320495605,35.1427459716797,35.6275444030762,36.3873825073242,37.5764122009277,37.9920425415039,35.0341339111328,33.6302223205566,34.5294342041016,-9999,-9999,-9999,-9999,-9999,-9999,-9999,-9999,-9999,-9999,-9999,-9999,-9999,-9999,-9999,-9999,-9999,-9999,-9999,-9999,-9999
-9999,-9999,-9999,-9999,-9999,-9999,-9999,-9999,-9999,-9999,-9999,-9999,-9999,-9999,-9999,-9999,-9999,-9999,-9999,-9999,-9999,-9999,38.2207717895508,37.7474098205566,37.9490814208984,39.4281120300293,39.8873443603516,37.270751953125,37.2193603515625,37.1632041931152,37.7248458862305,37.3062133789063,36.9042472839355,37.2885971069336,38.442310333252,36.8776359558105,34.8823699951172,35.0346794128418,34.9256324768066,36.0904006958008,37.1502571105957,39.3295669555664,40.7622833251953,40.832592010498,41.3708267211914,40.9204750061035,42.1354331970215,42.6779708862305,43.2534599304199,-9999,-9999,-9999,-9999,-9999,-9999,-9999,-9999,39.4531364440918,40.9048767089844,42.9192008972168,-9999,-9999,44.0703163146973,44.1971626281738,45.0478820800781,44.5212745666504,42.2693405151367,40.5845680236816,38.1533012390137,34.8010711669922,33.6542167663574,37.4087677001953,39.3103065490723,40.6504898071289,41.1664009094238,40.4152069091797,39.8120880126953,39.3474082946777,39.3017501831055,38.6798553466797,39.8890838623047,41.0313682556152,42.007511138916,42.7064514160156,42.5658340454102,42.4701461791992,42.4678802490234,41.8395004272461,40.3612213134766,37.9511642456055,34.3884429931641,31.9602355957031,28.6371517181396,25.7894897460938,23.4922409057617,22.2807521820068,21.9476737976074,24.0387382507324,24.2579956054688,23.6108703613281,26.16090965271,32.3287010192871,35.2824020385742,35.7764167785645,36.3526420593262,36.8708114624023,37.8480453491211,38.4367599487305,36.8603324890137,34.6762046813965,-9999,-9999,-9999,-9999,-9999,-9999,-9999,-9999,-9999,-9999,-9999,-9999,-9999,-9999,-9999,-9999,-9999,-9999,-9999,-9999,-9999
-9999,-9999,-9999,-9999,-9999,-9999,-9999,-9999,-9999,-9999,-9999,-9999,-9999,-9999,-9999,-9999,-9999,-9999,-9999,-9999,-9999,-9999,38.5938720703125,37.613956451416,37.3282012939453,38.6467170715332,41.0105743408203,41.1405792236328,36.5056648254395,36.9067001342773,37.3331184387207,37.1454048156738,36.7435531616211,36.7018585205078,37.0435791015625,36.0637130737305,34.8184623718262,34.7384834289551,34.6291427612305,35.5091247558594,36.6001319885254,38.9800872802734,40.3459243774414,40.5987930297852,40.5782356262207,41.1648292541504,41.326847076416,42.6278953552246,42.9477157592773,43.1381874084473,43.1028442382813,-9999,-9999,-9999,-9999,-9999,-9999,-9999,39.1960182189941,40.6601943969727,42.2143287658691,42.9058151245117,43.4524841308594,44.3745727539063,45.1982688903809,44.1266708374023,42.1016273498535,38.4566802978516,35.1460113525391,33.3183631896973,34.6103858947754,38.5638542175293,40.7361068725586,41.8125495910645,42.1366310119629,42.1672096252441,41.8581924438477,41.4555282592773,40.8949356079102,40.0710830688477,41.0858688354492,42.0426635742188,42.3702850341797,42.6147804260254,42.5875968933105,42.5704574584961,42.5800819396973,42.0186729431152,40.8042221069336,38.131908416748,33.549747467041,31.8962230682373,30.9585266113281,25.5427570343018,19.3253993988037,20.3355979919434,21.3132991790771,22.9943180084229,24.3396968841553,23.8255233764648,26.4372482299805,32.9626274108887,36.6671524047852,38.4913749694824,38.022575378418,36.0154685974121,36.6816368103027,38.1995010375977,38.460391998291,35.6549186706543,38.6345252990723,-9999,-9999,-9999,-9999,-9999,-9999,-9999,-9999,-9999,-9999,-9999,-9999,-9999,-9999,-9999,-9999,-9999,-9999,-9999,-9999
-9999,-9999,-9999,-9999,-9999,-9999,-9999,-9999,-9999,-9999,-9999,-9999,-9999,-9999,-9999,-9999,-9999,-9999,-9999,-9999,-9999,-9999,39.0258712768555,39.0459098815918,36.4891319274902,35.8198852539063,42.4524841308594,43.6519393920898,40.1261024475098,38.0815963745117,38.2963027954102,38.3938026428223,37.8596000671387,37.6385459899902,37.0152244567871,36.8235702514648,36.1442718505859,35.8306655883789,35.7143173217773,36.4095306396484,37.0547065734863,38.2562026977539,39.1776428222656,39.7455673217773,39.9461898803711,40.1030349731445,40.2151489257813,40.5215492248535,41.3496627807617,42.6036758422852,42.9282188415527,-9999,-9999,-9999,-9999,39.9110145568848,39.3729362487793,39.216609954834,39.0558395385742,39.7543258666992,41.0665588378906,41.9220123291016,42.844482421875,44.3595352172852,44.3175048828125,43.130973815918,40.8064155578613,36.3501853942871,33.9501075744629,35.3707160949707,36.6338806152344,40.0878219604492,42.146598815918,43.1623687744141,43.5243263244629,43.3383026123047,42.9238510131836,42.4019241333008,41.8352241516113,41.2375793457031,41.975513458252,42.6530532836914,42.5719375610352,42.5187225341797,42.5690612792969,42.5981292724609,42.5875282287598,42.1456985473633,41.2055206298828,38.7004776000977,34.66650390625,34.1737861633301,35.3673324584961,29.303430557251,20.8163452148438,22.1561183929443,23.2353515625,24.7481708526611,25.8743991851807,25.666690826416,28.0246143341064,34.040397644043,37.9512672424316,40.4750900268555,39.4963989257813,36.1710205078125,37.1697158813477,39.4586791992188,39.9942626953125,39.3280372619629,38.8705863952637,40.5312423706055,-9999,-9999,-9999,-9999,-9999,-9999,-9999,-9999,-9999,-9999,-9999,-9999,-9999,-9999,-9999,-9999,-9999,-9999,-9999
-9999,-9999,-9999,-9999,-9999,-9999,-9999,-9999,-9999,-9999,-9999,-9999,-9999,-9999,-9999,-9999,-9999,-9999,-9999,-9999,-9999,37.5430755615234,39.1360130310059,38.2876815795898,35.7036247253418,35.5849609375,41.8945388793945,44.4482879638672,43.1970558166504,42.1906089782715,41.7086486816406,41.3459625244141,41.3205833435059,40.9619522094727,40.6723899841309,40.159496307373,39.8231620788574,39.4111022949219,39.3082733154297,39.4551963806152,39.1621284484863,37.3716354370117,36.9319534301758,38.3150596618652,38.9064903259277,39.1708106994629,39.4551849365234,39.3806953430176,39.5348205566406,39.9767074584961,40.0229721069336,40.195873260498,40.1752548217773,40.4456977844238,40.289680480957,39.9550590515137,39.245475769043,39.1669921875,38.9786643981934,38.9879722595215,38.1668128967285,38.5003776550293,40.2725830078125,43.0558700561523,44.1213989257813,43.0998878479004,40.1776885986328,35.3392066955566,35.5762672424316,39.5687866210938,42.2455139160156,43.2093315124512,43.6975479125977,43.7101097106934,43.5740699768066,43.3311233520508,43.0318794250488,42.7103157043457,42.4150810241699,42.1226577758789,42.2392921447754,42.3621139526367,42.3876686096191,42.4148864746094,42.4493026733398,42.4329948425293,42.3214569091797,42.0993995666504,41.7532043457031,40.9254951477051,39.7384757995605,39.7461853027344,40.121509552002,37.7125015258789,33.8188095092773,31.1880035400391,28.8724193572998,30.0642738342285,31.0951633453369,30.8139247894287,31.8311367034912,35.242790222168,38.4598999023438,41.3263969421387,41.074104309082,39.0599555969238,40.985969543457,43.6969871520996,42.2405242919922,40.2443084716797,40.2074851989746,39.955509185791,38.643196105957,37.8128204345703,-9999,-9999,-9999,-9999,-9999,-9999,-9999,-9999,-9999,-9999,-9999,-9999,-9999,-9999,-9999,-9999,-9999
-9999,-9999,-9999,-9999,-9999,-9999,-9999,-9999,-9999,-9999,-9999,-9999,-9999,-9999,-9999,-9999,-9999,-9999,-9999,-9999,-9999,35.9006729125977,35.5031700134277,36.6520233154297,36.1102828979492,36.8769111633301,41.5049057006836,43.7671928405762,43.4598503112793,43.1764450073242,42.6624908447266,42.2638511657715,42.1573753356934,41.9441871643066,41.5649223327637,41.2252578735352,40.823974609375,40.4792213439941,40.3210334777832,40.3302307128906,39.8345031738281,38.0636940002441,37.112117767334,37.6670036315918,38.0962753295898,38.6654357910156,39.2452354431152,39.7489128112793,39.4789772033691,39.1644515991211,39.3455085754395,39.4817924499512,39.5287094116211,39.4905052185059,39.4413070678711,39.2655639648438,38.4691429138184,37.976505279541,37.6942749023438,36.7899589538574,36.5764007568359,37.8427581787109,38.8128623962402,39.5147285461426,42.9208602905273,42.1471748352051,41.239200592041,36.0697212219238,38.0082817077637,42.1925239562988,44.575138092041,44.3812942504883,44.1123008728027,43.7438697814941,-9999,-9999,-9999,-9999,-9999,-9999,-9999,42.0760955810547,42.1345367431641,42.1911010742188,42.2397537231445,42.2139282226563,42.0478057861328,41.928768157959,41.8612670898438,41.8335990905762,41.8311653137207,41.7999725341797,41.7538719177246,41.1933364868164,39.6819458007813,35.6337585449219,32.2966423034668,33.0086364746094,33.7974624633789,32.1375045776367,32.2840728759766,33.8752975463867,36.628490447998,39.8901824951172,40.7278938293457,40.4976959228516,42.4968147277832,44.799560546875,42.3684730529785,38.9422378540039,39.9448204040527,39.6665267944336,38.6917915344238,37.1355972290039,37.4640350341797,-9999,-9999,-9999,-9999,-9999,-9999,-9999,-9999,-9999,-9999,-9999,-9999,-9999,-9999,-9999,-9999
-9999,-9999,-9999,-9999,-9999,-9999,-9999,-9999,-9999,-9999,-9999,-9999,-9999,-9999,-9999,-9999,-9999,-9999,-9999,33.823787689209,34.5746002197266,34.007698059082,33.4567108154297,33.2552146911621,37.0986213684082,39.8985137939453,40.6995887756348,41.1271896362305,40.7004432678223,40.3368034362793,39.9944725036621,39.8636894226074,39.8695259094238,39.499942779541,39.2308959960938,38.8933219909668,38.4632263183594,38.2791328430176,38.0962448120117,38.207576751709,38.7202224731445,41.0214691162109,41.4181747436523,39.2516326904297,38.540943145752,39.1461334228516,40.0375442504883,40.9649467468262,39.7530822753906,37.8310203552246,38.1570472717285,38.3510322570801,38.1737594604492,38.0022125244141,37.8525848388672,37.2231407165527,35.8454666137695,34.8843955993652,34.4132118225098,35.3010559082031,37.4637756347656,40.1370735168457,42.0609359741211,41.6166763305664,41.240837097168,39.5468215942383,40.8450241088867,42.0335121154785,42.1809577941895,43.3460998535156,44.0291976928711,-9999,-9999,-9999,-9999,-9999,-9999,-9999,-9999,-9999,-9999,-9999,-9999,41.7920761108398,41.8994331359863,41.9171295166016,41.7657775878906,41.5795135498047,41.354808807373,41.0919227600098,40.8027992248535,40.714054107666,40.6968765258789,40.7643585205078,40.8409805297852,37.3418617248535,33.8578681945801,34.3719367980957,33.8437004089355,29.2266788482666,26.2660827636719,27.9802474975586,30.2070426940918,33.8921661376953,37.4406051635742,40.217945098877,41.504508972168,42.3201065063477,39.8446922302246,36.6132011413574,38.642333984375,40.3851356506348,40.5696334838867,35.3424034118652,36.3797721862793,-9999,-9999,-9999,-9999,-9999,-9999,-9999,-9999,-9999,-9999,-9999,-9999,-9999,-9999,-9999,-9999
-9999,-9999,-9999,-9999,-9999,-9999,-9999,-9999,-9999,-9999,-9999,-9999,-9999,-9999,-9999,-9999,-9999,-9999,31.7727603912354,32.945556640625,33.1514015197754,35.0580940246582,33.5458183288574,32.7562713623047,36.8550491333008,39.5814590454102,40.4255104064941,40.7932090759277,40.1778297424316,39.8836517333984,39.6965599060059,39.5513191223145,39.5683174133301,39.4510345458984,38.9489135742188,38.8900833129883,38.5819396972656,38.4526252746582,38.1086387634277,38.1915740966797,39.1124267578125,42.0114707946777,42.8701782226563,40.2677421569824,39.3950881958008,39.71533203125,40.614875793457,41.4843673706055,39.8428764343262,37.1559257507324,36.4188079833984,36.0748138427734,35.8408813476563,35.6903648376465,36.7227630615234,36.9898681640625,35.5136489868164,34.3865089416504,34.1952896118164,35.7709350585938,39.245792388916,41.5356216430664,42.9966125488281,43.2347450256348,43.1311492919922,42.8838272094727,42.5034408569336,43.1332893371582,-9999,-9999,-9999,-9999,-9999,-9999,-9999,-9999,-9999,-9999,-9999,-9999,-9999,-9999,-9999,-9999,-9999,41.5923614501953,41.4732971191406,41.2772445678711,40.9961395263672,40.6258392333984,40.1956748962402,40.0365905761719,39.9762840270996,40.275390625,40.6439361572266,38.2626838684082,35.870849609375,35.078971862793,33.4274864196777,28.5914211273193,25.0533657073975,23.8444137573242,24.9197635650635,27.9430179595947,32.7021141052246,37.7471313476563,38.6866912841797,38.9584197998047,38.4058799743652,37.6239700317383,38.4358329772949,39.4484596252441,38.8842315673828,35.7467842102051,35.26611328125,-9999,-9999,-9999,-9999,-9999,-9999,-9999,-9999,-9999,-9999,-9999,-9999,-9999,-9999,-9999,-9999
-9999,-9999,-9999,-9999,-9999,-9999,-9999,-9999,-9999,-9999,-9999,-9999,33.4494514465332,32.0035972595215,-9999,31.5693912506104,33.0836944580078,34.5640411376953,33.9297866821289,31.3419342041016,34.1425819396973,36.9301338195801,36.017692565918,35.137767791748,35.8149833679199,37.0313034057617,40.8889198303223,42.6920166015625,42.1727447509766,41.842830657959,41.8158874511719,41.6359176635742,41.8088798522949,41.6393203735352,41.1126823425293,41.2656784057617,41.115795135498,40.7828140258789,41.0106887817383,40.800479888916,40.2658729553223,40.9076271057129,41.0943717956543,40.9726753234863,40.614185333252,40.7647514343262,41.1382064819336,41.4752426147461,39.640998840332,37.2018623352051,34.7608413696289,32.2646331787109,32.0738296508789,32.5101699829102,35.7351951599121,37.4524421691895,36.503791809082,35.7160720825195,36.1750297546387,38.7277145385742,41.4180450439453,42.6415214538574,43.268627166748,43.3776206970215,43.3631057739258,43.1809844970703,43.0138702392578,-9999,-9999,-9999,-9999,-9999,-9999,-9999,-9999,-9999,-9999,-9999,-9999,-9999,-9999,-9999,-9999,-9999,-9999,-9999,41.1704635620117,41.0151252746582,40.7671890258789,40.4074935913086,39.9690895080566,39.7244338989258,39.5512771606445,39.7229309082031,39.945930480957,39.0714111328125,37.9844284057617,35.3198471069336,32.4297981262207,30.8489608764648,27.8802680969238,22.6059150695801,21.0597496032715,23.0198516845703,27.4418754577637,32.1698608398438,33.6217498779297,34.5330810546875,38.1505317687988,41.3111572265625,39.617504119873,38.6341934204102,39.2791595458984,36.7402992248535,34.6649589538574,-9999,-9999,-9999,-9999,-9999,-9999,-9999,-9999,-9999,-9999,-9999,-9999,-9999,-9999,-9999,-9999
-9999,-9999,-9999,-9999,-9999,-9999,-9999,-9999,-9999,-9999,31.160135269165,32.6359977722168,34.3625564575195,31.9371776580811,31.6641540527344,29.5772457122803,31.7132225036621,36.0558013916016,35.5268402099609,33.0061187744141,35.664493560791,38.8347091674805,38.3265266418457,37.6300659179688,37.0785522460938,37.9338417053223,40.2701034545898,42.0571365356445,41.5101623535156,42.0209465026855,42.952693939209,43.4118003845215,43.2312240600586,43.1275863647461,42.8515472412109,42.4862022399902,42.5590133666992,42.3667831420898,42.0591468811035,41.9247550964355,41.54931640625,41.3515472412109,41.3506393432617,41.4334106445313,41.4467544555664,41.6374359130859,42.0932235717773,42.2980270385742,41.153636932373,39.5598831176758,36.6670951843262,33.6104431152344,33.450080871582,33.8737449645996,36.1827621459961,38.0149841308594,37.589111328125,37.8069000244141,38.2195167541504,39.8588256835938,41.8207817077637,42.5881958007813,42.9114875793457,42.9558029174805,42.9363441467285,42.8474159240723,-9999,-9999,-9999,-9999,-9999,-9999,-9999,-9999,-9999,-9999,-9999,-9999,-9999,-9999,-9999,-9999,-9999,-9999,-9999,-9999,-9999,40.7107124328613,40.4608001708984,40.1217422485352,39.7210807800293,39.474048614502,39.2832183837891,39.351432800293,39.4592819213867,39.3081970214844,38.8966445922852,36.4042663574219,33.5746955871582,31.9162197113037,29.4146919250488,25.0080528259277,21.8863315582275,20.8406391143799,23.1707935333252,27.0300331115723,30.3016376495361,33.1657447814941,36.996826171875,40.2761306762695,38.124626159668,36.5058898925781,38.1657943725586,35.4069671630859,33.5202674865723,-9999,-9999,-9999,-9999,-9999,-9999,-9999,-9999,-9999,-9999,-9999,-9999,-9999,-9999,-9999,-9999
-9999,-9999,-9999,-9999,-9999,-9999,-9999,-9999,27.5374317169189,28.7604675292969,29.1090488433838,29.0340518951416,30.1599349975586,32.1711273193359,31.5019073486328,29.6169147491455,31.8030109405518,36.2183418273926,36.2086563110352,35.1623573303223,37.5566024780273,40.6650161743164,40.0205230712891,39.3997039794922,39.2816505432129,39.0639915466309,39.112117767334,39.4930725097656,39.0263710021973,40.3868637084961,43.2465896606445,44.2821159362793,44.2579078674316,44.1156425476074,44.0892639160156,43.86572265625,43.6806945800781,43.3886604309082,43.3360900878906,43.1253128051758,42.8541793823242,42.6227416992188,42.4763870239258,42.4411201477051,42.3486175537109,42.3350219726563,42.4239883422852,42.4582061767578,42.5038032531738,42.4872207641602,40.5006866455078,37.9052124023438,38.1226272583008,38.2629928588867,38.6451797485352,38.650520324707,38.1512145996094,38.6677665710449,40.2140884399414,41.380443572998,41.9284057617188,42.1904754638672,-9999,-9999,-9999,-9999,-9999,-9999,-9999,-9999,-9999,-9999,-9999,-9999,-9999,-9999,-9999,-9999,-9999,-9999,-9999,-9999,-9999,-9999,-9999,-9999,-9999,-9999,40.1124649047852,39.8007392883301,39.461498260498,39.2545700073242,39.0959014892578,39.069034576416,39.0643730163574,39.285774230957,39.3086776733398,37.8442192077637,35.8278350830078,32.593807220459,30.1345863342285,29.107780456543,25.9037055969238,20.2523880004883,19.9963264465332,22.432897567749,28.5694580078125,33.774169921875,35.2910308837891,36.6157073974609,35.1337776184082,34.1518402099609,36.4227485656738,34.508056640625,33.5239448547363,-9999,-9999,-9999,-9999,-9999,-9999,-9999,-9999,-9999,-9999,-9999,-9999,-9999,-9999,-9999,-9999
-9999,-9999,-9999,-9999,-9999,-9999,-9999,-9999,26.231481552124,27.6433773040771,28.7776222229004,28.3096046447754,28.484561920166,29.0698623657227,29.6352424621582,30.6666793823242,33.4590950012207,37.6527938842773,38.0835113525391,36.6147575378418,37.9793930053711,39.407844543457,40.3248519897461,40.9725303649902,40.8711585998535,40.5367774963379,40.2197570800781,39.8341941833496,39.4984550476074,40.3335762023926,42.1198539733887,42.6582832336426,42.5032806396484,42.3850059509277,42.2110900878906,41.9893798828125,41.9139404296875,41.7012100219727,41.5066108703613,41.3033676147461,41.1895446777344,41.0102195739746,41.2236671447754,41.9834442138672,42.2620277404785,42.2106018066406,42.1181945800781,41.9870452880859,42.099925994873,42.2450714111328,41.1916923522949,39.9960594177246,40.2388648986816,40.3747444152832,40.256763458252,40.0555114746094,39.7609214782715,40.1029472351074,40.981559753418,41.5342597961426,41.8385925292969,41.9596557617188,-9999,-9999,-9999,-9999,-9999,-9999,-9999,-9999,-9999,-9999,-9999,-9999,-9999,-9999,-9999,-9999,-9999,-9999,-9999,-9999,-9999,-9999,-9999,-9999,-9999,-9999,-9999,-9999,39.0678558349609,38.9022178649902,38.7794914245605,38.7271614074707,38.6831970214844,38.8980712890625,38.974609375,38.030647277832,36.7916107177734,34.4516830444336,32.3811264038086,30.4767208099365,27.785062789917,23.7613582611084,21.5028305053711,20.1647052764893,24.8206310272217,29.8355293273926,31.2892723083496,32.2241897583008,31.6724433898926,31.4008312225342,34.5678482055664,31.1673927307129,30.078125,-9999,-9999,-9999,-9999,-9999,-9999,-9999,-9999,-9999,-9999,-9999,-9999,-9999,-9999,-9999,-9999
-9999,-9999,-9999,-9999,-9999,-9999,20.5715599060059,26.1946620941162,26.213659286499,26.1748332977295,27.636547088623,28.3828678131104,27.8722915649414,26.1086769104004,27.3334312438965,31.8131904602051,35.9252471923828,39.2030410766602,39.3102951049805,38.3862838745117,37.8767280578613,37.2353134155273,39.9445114135742,42.0602874755859,42.0199508666992,41.961051940918,41.6320190429688,41.2456130981445,40.8976211547852,40.651798248291,40.368278503418,40.0798759460449,39.7529792785645,39.5059204101563,39.3165054321289,39.1404685974121,38.9481658935547,38.907169342041,38.852970123291,38.7456512451172,38.6425170898438,38.5120315551758,39.2346878051758,41.1558876037598,41.9585266113281,41.8597412109375,41.5959587097168,41.2474479675293,41.0180816650391,40.8063201904297,40.9267349243164,41.0656509399414,41.2720756530762,41.4726028442383,41.4719161987305,41.395320892334,41.1226196289063,40.9749183654785,40.9948043823242,41.2541809082031,41.7013053894043,-9999,-9999,-9999,-9999,-9999,-9999,-9999,-9999,-9999,-9999,-9999,-9999,-9999,-9999,-9999,-9999,-9999,-9999,-9999,-9999,-9999,-9999,-9999,-9999,-9999,-9999,-9999,-9999,-9999,-9999,-9999,-9999,38.3636322021484,38.3028717041016,38.4125709533691,38.4462623596191,37.9336280822754,37.3747901916504,36.5640335083008,34.816535949707,31.2617301940918,28.9666290283203,28.2246932983398,24.5218410491943,18.6298065185547,20.3073863983154,24.6800022125244,25.7494697570801,26.9529190063477,27.3061065673828,28.2775611877441,32.2396697998047,30.1628742218018,-9999,-9999,-9999,-9999,-9999,-9999,-9999,-9999,-9999,-9999,-9999,-9999,-9999,-9999,-9999,-9999,-9999
-9999,-9999,-9999,-9999,-9999,-9999,26.1763725280762,26.1197834014893,25.9070472717285,25.9184055328369,26.0970802307129,28.8892078399658,31.3314170837402,31.8898868560791,33.1763000488281,34.9881591796875,37.2139320373535,40.0558395385742,40.121509552002,39.3339080810547,38.8466682434082,38.3166656494141,40.4034576416016,42.0949172973633,42.0750007629395,41.9116630554199,41.7105865478516,41.5294189453125,41.1732559204102,40.7986259460449,40.3692932128906,40.1008110046387,39.8415832519531,39.5489540100098,39.268856048584,39.4501609802246,39.7073440551758,39.6549186706543,39.5862846374512,39.4315414428711,39.2935638427734,39.2159385681152,39.6026191711426,40.6677932739258,41.1245040893555,41.0716514587402,40.8607368469238,40.5472869873047,40.4306983947754,40.3770446777344,40.5000762939453,40.6406021118164,40.7396774291992,40.8260803222656,40.873405456543,40.8566589355469,40.6719093322754,40.5522079467773,40.5120048522949,-9999,-9999,-9999,-9999,-9999,-9999,-9999,-9999,-9999,-9999,-9999,-9999,-9999,-9999,-9999,-9999,-9999,-9999,-9999,-9999,-9999,-9999,-9999,-9999,-9999,-9999,-9999,-9999,-9999,-9999,-9999,-9999,-9999,-9999,-9999,37.8979377746582,37.9581184387207,37.9880294799805,37.8100166320801,37.5354766845703,36.9788436889648,35.9427680969238,34.1003227233887,31.8101234436035,29.1426239013672,26.3547191619873,22.6280746459961,21.4649448394775,20.8550872802734,24.3562660217285,27.3463344573975,28.6313171386719,29.789623260498,31.626880645752,29.2686805725098,29.9759540557861,27.7942752838135,-9999,-9999,-9999,-9999,-9999,-9999,-9999,-9999,-9999,-9999,-9999,-9999,-9999,-9999,-9999
-9999,-9999,-9999,-9999,25.1891860961914,26.7367210388184,26.2399120330811,26.0506267547607,25.9647483825684,25.8659381866455,26.8143272399902,30.8993835449219,34.6245765686035,37.4406318664551,38.3319969177246,37.3284721374512,38.2958717346191,40.497974395752,40.7150840759277,40.1885604858398,39.7085037231445,39.2094192504883,40.3420104980469,41.3403854370117,41.4237289428711,41.4680404663086,41.3551788330078,41.2180709838867,41.0312690734863,40.7802925109863,40.4957160949707,40.21240234375,39.9245681762695,39.6086807250977,39.3037757873535,39.8978614807129,40.5814971923828,40.4958000183105,40.3973846435547,40.1912002563477,40.02392578125,39.993724822998,40.0063095092773,40.0890121459961,40.1329879760742,40.1349258422852,40.0070838928223,39.8052635192871,39.867488861084,40.0031547546387,40.0466842651367,40.0765609741211,40.0577850341797,40.0560760498047,-9999,-9999,-9999,-9999,-9999,-9999,-9999,-9999,-9999,-9999,-9999,-9999,-9999,-9999,-9999,-9999,-9999,-9999,-9999,-9999,-9999,-9999,-9999,-9999,-9999,-9999,-9999,-9999,-9999,-9999,-9999,-9999,-9999,-9999,-9999,-9999,-9999,-9999,-9999,-9999,-9999,37.4989624023438,37.5298652648926,37.6692733764648,37.6518363952637,37.1645240783691,36.8193016052246,36.6086349487305,34.3877716064453,30.0227756500244,27.8321800231934,26.8403415679932,23.0583057403564,17.6593379974365,22.783655166626,28.2917156219482,29.9156742095947,31.3198719024658,30.9455909729004,22.4066486358643,22.7539539337158,28.2284069061279,29.0703029632568,-9999,-9999,-9999,-9999,-9999,-9999,-9999,-9999,-9999,-9999,-9999,-9999,-9999,-9999
-9999,-9999,-9999,-9999,30.5455093383789,28.3291301727295,27.3856029510498,25.8360748291016,26.1525173187256,28.0937099456787,30.4260501861572,33.556770324707,36.139762878418,38.1280784606934,39.1513175964355,39.2278480529785,39.6754112243652,40.3662757873535,40.1907806396484,39.6995811462402,39.96142578125,40.3491287231445,40.7468605041504,41.0968780517578,41.1099319458008,41.110481262207,41.0617523193359,40.9878234863281,40.8466415405273,40.6710777282715,40.4588165283203,40.2650146484375,40.0857048034668,39.9285736083984,39.7789077758789,39.9837646484375,40.2316474914551,40.0282363891602,39.8188934326172,39.5310363769531,39.2857894897461,39.1745758056641,39.1095657348633,39.1163635253906,39.1162223815918,39.1102294921875,39.0309753417969,-9999,-9999,-9999,-9999,-9999,-9999,-9999,-9999,-9999,-9999,-9999,-9999,-9999,-9999,-9999,-9999,-9999,-9999,-9999,-9999,-9999,-9999,-9999,-9999,-9999,-9999,-9999,-9999,-9999,-9999,-9999,-9999,-9999,-9999,-9999,-9999,-9999,-9999,-9999,-9999,-9999,-9999,-9999,-9999,-9999,-9999,-9999,-9999,-9999,37.1348304748535,37.249755859375,37.2917518615723,37.1228408813477,36.6647567749023,35.6716384887695,33.4067039489746,29.7888412475586,27.8486499786377,26.7653102874756,22.3826904296875,16.1758575439453,19.5852928161621,23.6327667236328,25.1495494842529,26.4297695159912,27.2572574615479,28.1183471679688,21.6818656921387,26.6800422668457,24.7656707763672,-9999,-9999,-9999,-9999,-9999,-9999,-9999,-9999,-9999,-9999,-9999,-9999,-9999,-9999
-9999,-9999,-9999,-9999,-9999,30.6606674194336,28.6820163726807,28.7729263305664,27.6677474975586,31.0759582519531,34.1014251708984,35.9566535949707,37.5289764404297,38.7563056945801,39.6931686401367,40.3957633972168,40.369701385498,39.8392639160156,39.5078468322754,39.2532844543457,-9999,-9999,-9999,-9999,-9999,-9999,-9999,-9999,-9999,-9999,-9999,-9999,-9999,40.0090370178223,39.9640502929688,39.8532562255859,39.7332534790039,39.4385147094727,-9999,-9999,-9999,-9999,-9999,-9999,-9999,-9999,-9999,-9999,-9999,-9999,-9999,-9999,-9999,-9999,-9999,-9999,-9999,-9999,-9999,-9999,-9999,-9999,-9999,-9999,-9999,-9999,-9999,-9999,-9999,-9999,-9999,-9999,-9999,-9999,-9999,-9999,-9999,-9999,-9999,-9999,-9999,-9999,-9999,-9999,-9999,-9999,-9999,-9999,-9999,-9999,-9999,-9999,-9999,-9999,-9999,-9999,36.7468872070313,36.858211517334,36.9631271362305,37.0604209899902,36.5829162597656,35.0946769714355,33.0363845825195,30.310827255249,28.3810920715332,26.8624382019043,22.1464252471924,15.9189863204956,16.833324432373,18.8624610900879,20.4072418212891,22.1154747009277,23.4222526550293,24.8131275177002,24.6350440979004,22.5528621673584,-9999,-9999,-9999,-9999,-9999,-9999,-9999,-9999,-9999,-9999,-9999,-9999,-9999,-9999,-9999
-9999,-9999,-9999,-9999,-9999,30.2835502624512,30.3210220336914,31.1571388244629,32.5403213500977,36.2507514953613,38.9922332763672,39.4276847839355,39.8162879943848,40.4198799133301,40.673942565918,40.5687637329102,40.1870727539063,39.6091232299805,-9999,-9999,-9999,-9999,-9999,-9999,-9999,-9999,-9999,-9999,-9999,-9999,-9999,-9999,-9999,-9999,-9999,-9999,-9999,-9999,-9999,-9999,-9999,-9999,-9999,-9999,-9999,-9999,-9999,-9999,-9999,-9999,-9999,-9999,-9999,-9999,-9999,-9999,-9999,-9999,-9999,-9999,-9999,-9999,-9999,-9999,-9999,-9999,-9999,-9999,-9999,-9999,-9999,-9999,-9999,-9999,-9999,-9999,-9999,-9999,-9999,-9999,-9999,-9999,-9999,-9999,-9999,-9999,-9999,-9999,-9999,-9999,-9999,-9999,-9999,-9999,-9999,-9999,-9999,36.6177368164063,36.790454864502,36.8954696655273,36.8007659912109,36.3663063049316,35.4391479492188,33.9447288513184,31.2454662322998,27.6397933959961,24.5069465637207,21.4336738586426,18.5958919525146,16.1185894012451,19.8717460632324,21.9893932342529,20.5127639770508,20.4345512390137,21.559986114502,18.9026718139648,-9999,-9999,-9999,-9999,-9999,-9999,-9999,-9999,-9999,-9999,-9999,-9999,-9999,-9999,-9999
-9999,-9999,30.5551414489746,30.5158576965332,30.5856437683105,30.1593246459961,30.6236534118652,33.5745468139648,36.3623695373535,39.4577827453613,41.6293106079102,41.2737236022949,41.0559539794922,41.2894744873047,41.1031799316406,40.4048538208008,39.763484954834,-9999,-9999,-9999,-9999,-9999,-9999,-9999,-9999,-9999,-9999,-9999,-9999,-9999,-9999,-9999,-9999,-9999,-9999,-9999,-9999,-9999,-9999,-9999,-9999,-9999,-9999,-9999,-9999,-9999,-9999,-9999,-9999,-9999,-9999,-9999,-9999,-9999,-9999,-9999,-9999,-9999,-9999,-9999,-9999,-9999,-9999,-9999,-9999,-9999,-9999,-9999,-9999,-9999,-9999,-9999,-9999,-9999,-9999,-9999,-9999,-9999,-9999,-9999,-9999,-9999,-9999,-9999,-9999,-9999,-9999,-9999,-9999,-9999,-9999,-9999,-9999,-9999,-9999,-9999,-9999,36.3565483093262,36.5763816833496,36.6775932312012,36.8412704467773,37.0998268127441,36.9732284545898,36.3954582214355,33.8424415588379,29.7618579864502,27.1005039215088,25.0194759368896,20.6493034362793,15.5443296432495,19.0657424926758,21.1647891998291,18.0049839019775,16.9679851531982,21.0877819061279,17.6292839050293,-9999,-9999,-9999,-9999,-9999,-9999,-9999,-9999,-9999,-9999,-9999,-9999,-9999,-9999,-9999
-9999,-9999,-9999,-9999,30.6127605438232,30.1561985015869,30.9078521728516,35.3575897216797,39.062068939209,40.1554565429688,40.7922019958496,40.6500091552734,40.5398178100586,40.6433029174805,40.3209114074707,39.4861335754395,-9999,-9999,-9999,-9999,-9999,-9999,-9999,-9999,-9999,-9999,-9999,-9999,-9999,-9999,-9999,-9999,-9999,-9999,-9999,-9999,-9999,-9999,-9999,-9999,-9999,-9999,-9999,-9999,-9999,-9999,-9999,-9999,-9999,-9999,-9999,-9999,-9999,-9999,-9999,-9999,-9999,-9999,-9999,-9999,-9999,-9999,-9999,-9999,-9999,-9999,-9999,-9999,-9999,-9999,-9999,-9999,-9999,-9999,-9999,-9999,-9999,-9999,-9999,-9999,-9999,-9999,-9999,-9999,-9999,-9999,-9999,-9999,-9999,-9999,-9999,-9999,-9999,-9999,-9999,-9999,-9999,36.0533180236816,36.2729988098145,36.3417434692383,36.4938545227051,36.7744255065918,36.9495964050293,36.9773406982422,36.0275039672852,34.3617706298828,30.4450531005859,25.5536003112793,23.0514259338379,20.8077983856201,18.8814105987549,17.3715915679932,16.2061576843262,15.9283609390259,17.5919036865234,19.0108528137207,-9999,-9999,-9999,-9999,-9999,-9999,-9999,-9999,-9999,-9999,-9999,-9999,-9999,-9999,-9999
-9999,-9999,-9999,-9999,30.8480319976807,30.7969818115234,31.457799911499,36.4034729003906,40.4309844970703,40.484790802002,40.2773170471191,40.366382598877,40.3505783081055,40.1502151489258,39.6147384643555,-9999,-9999,-9999,-9999,-9999,-9999,-9999,-9999,-9999,-9999,-9999,-9999,-9999,-9999,-9999,-9999,-9999,-9999,-9999,-9999,-9999,-9999,-9999,-9999,-9999,-9999,-9999,-9999,-9999,-9999,-9999,-9999,-9999,-9999,-9999,-9999,-9999,-9999,-9999,-9999,-9999,-9999,-9999,-9999,-9999,-9999,-9999,-9999,-9999,-9999,-9999,-9999,-9999,-9999,-9999,-9999,-9999,-9999,-9999,-9999,-9999,-9999,-9999,-9999,-9999,-9999,-9999,-9999,-9999,-9999,-9999,-9999,-9999,-9999,-9999,-9999,-9999,-9999,-9999,-9999,-9999,-9999,35.7084808349609,35.9366569519043,35.9795570373535,36.0907592773438,36.3025856018066,36.5567207336426,36.8448715209961,36.7559013366699,36.3759994506836,32.1142959594727,25.9026775360107,24.2289180755615,23.087818145752,18.5024185180664,14.4407033920288,15.0942230224609,15.7740573883057,15.9191083908081,16.6641998291016,13.6700124740601,-9999,-9999,-9999,-9999,-9999,-9999,-9999,-9999,-9999,-9999,-9999,-9999,-9999,-9999
-9999,-9999,-9999,-9999,31.1295261383057,31.0126705169678,32.2172241210938,36.4514045715332,40.4007797241211,40.4118576049805,40.2372360229492,40.5694961547852,40.57080078125,39.8675765991211,39.0216827392578,-9999,-9999,-9999,-9999,-9999,-9999,-9999,-9999,-9999,-9999,-9999,-9999,-9999,-9999,-9999,-9999,-9999,-9999,-9999,-9999,-9999,-9999,-9999,-9999,-9999,-9999,-9999,-9999,-9999,-9999,-9999,-9999,-9999,-9999,-9999,-9999,-9999,-9999,-9999,-9999,-9999,-9999,-9999,-9999,-9999,-9999,-9999,-9999,-9999,-9999,-9999,-9999,-9999,-9999,-9999,-9999,-9999,-9999,-9999,-9999,-9999,-9999,-9999,-9999,-9999,-9999,-9999,-9999,-9999,-9999,-9999,-9999,-9999,-9999,-9999,-9999,-9999,-9999,-9999,-9999,-9999,-9999,35.3105239868164,35.5586967468262,35.585075378418,35.6124572753906,35.6321830749512,35.6769256591797,35.7419548034668,35.7078437805176,35.5805015563965,31.7227325439453,26.1575241088867,24.3018760681152,22.868143081665,17.4669094085693,12.7687835693359,14.9968118667603,16.8076362609863,17.2465724945068,17.8985118865967,18.6161346435547,13.8861532211304,-9999,-9999,-9999,-9999,-9999,-9999,-9999,-9999,-9999,-9999,-9999,-9999,-9999
-9999,-9999,-9999,-9999,26.7019958496094,31.3142547607422,32.1745414733887,35.8456077575684,38.9212951660156,39.1339530944824,39.1994590759277,40.0776748657227,40.376708984375,39.5421257019043,-9999,-9999,-9999,-9999,-9999,-9999,-9999,-9999,-9999,-9999,-9999,-9999,-9999,-9999,-9999,-9999,-9999,-9999,-9999,-9999,-9999,-9999,-9999,-9999,-9999,-9999,-9999,-9999,-9999,-9999,-9999,-9999,-9999,-9999,-9999,-9999,-9999,-9999,-9999,-9999,-9999,-9999,-9999,-9999,-9999,-9999,-9999,-9999,-9999,-9999,-9999,-9999,-9999,-9999,-9999,-9999,-9999,-9999,-9999,-9999,-9999,-9999,-9999,-9999,-9999,-9999,-9999,-9999,-9999,-9999,-9999,-9999,-9999,-9999,-9999,-9999,-9999,-9999,-9999,-9999,-9999,-9999,-9999,34.8760299682617,35.1423988342285,35.1835632324219,35.1806869506836,35.0962409973145,35.0925674438477,35.1670799255371,34.9960479736328,34.6710968017578,32.4676399230957,29.5051250457764,26.3607978820801,22.9343147277832,18.4763603210449,14.6056518554688,15.2734498977661,15.9066390991211,16.7448501586914,17.3225574493408,18.2273616790771,18.9205932617188,16.8378143310547,16.7959175109863,-9999,-9999,-9999,-9999,-9999,-9999,-9999,-9999,-9999,-9999,-9999
-9999,-9999,-9999,-9999,29.2473030090332,31.3593292236328,32.6135063171387,34.0764961242676,35.9767074584961,36.6507797241211,37.3233222961426,39.0311851501465,39.8656883239746,39.185188293457,-9999,-9999,-9999,-9999,-9999,-9999,-9999,-9999,-9999,-9999,-9999,-9999,-9999,-9999,-9999,-9999,-9999,-9999,-9999,-9999,-9999,-9999,-9999,-9999,-9999,-9999,-9999,-9999,-9999,-9999,-9999,-9999,-9999,-9999,-9999,-9999,-9999,-9999,-9999,-9999,-9999,-9999,-9999,-9999,-9999,-9999,-9999,-9999,-9999,-9999,-9999,-9999,-9999,-9999,-9999,-9999,-9999,-9999,-9999,-9999,-9999,-9999,-9999,-9999,-9999,-9999,-9999,-9999,-9999,-9999,-9999,-9999,-9999,-9999,-9999,-9999,-9999,-9999,-9999,-9999,-9999,-9999,-9999,-9999,34.6942825317383,34.7750205993652,34.7833137512207,34.6667709350586,34.7447319030762,35.0119323730469,34.5586013793945,33.640193939209,33.9465827941895,34.5349197387695,29.605375289917,23.1396865844727,21.0888252258301,18.9143238067627,15.7321281433105,13.6281127929688,14.2132730484009,15.4177837371826,17.7490291595459,18.767147064209,18.9163246154785,-9999,-9999,-9999,-9999,-9999,-9999,-9999,-9999,-9999,-9999,-9999,-9999
-9999,-9999,-9999,-9999,28.6479682922363,30.6670036315918,30.5755043029785,31.4297142028809,32.4528503417969,34.7279586791992,36.8956146240234,38.2740707397461,38.9633445739746,38.7360725402832,-9999,-9999,-9999,-9999,-9999,-9999,-9999,-9999,-9999,-9999,-9999,-9999,-9999,-9999,-9999,-9999,-9999,-9999,-9999,-9999,-9999,-9999,-9999,-9999,-9999,-9999,-9999,-9999,-9999,-9999,-9999,-9999,-9999,-9999,-9999,-9999,-9999,-9999,-9999,-9999,-9999,-9999,-9999,-9999,-9999,-9999,-9999,-9999,-9999,-9999,-9999,-9999,-9999,-9999,-9999,-9999,-9999,-9999,-9999,-9999,-9999,-9999,-9999,-9999,-9999,-9999,-9999,-9999,-9999,-9999,-9999,-9999,-9999,-9999,-9999,-9999,-9999,-9999,-9999,-9999,-9999,-9999,-9999,-9999,34.286018371582,34.3822860717773,34.4037666320801,34.2978057861328,34.4256820678711,34.7748565673828,34.5344009399414,33.924732208252,34.7882308959961,35.9648704528809,30.6242828369141,23.3690624237061,22.0220241546631,20.1330318450928,15.4972143173218,12.1935758590698,12.3938274383545,13.8300857543945,16.9886856079102,23.449462890625,32.1158065795898,29.8339519500732,34.296558380127,-9999,-9999,-9999,-9999,-9999,-9999,-9999,-9999,-9999,-9999
-9999,-9999,-9999,-9999,-9999,22.0410842895508,28.0162677764893,29.0141124725342,28.6860218048096,33.1634140014648,36.827449798584,37.4911346435547,37.8549308776855,38.2387924194336,-9999,-9999,-9999,-9999,-9999,-9999,-9999,-9999,-9999,-9999,-9999,-9999,-9999,-9999,-9999,-9999,-9999,-9999,-9999,-9999,-9999,-9999,-9999,-9999,-9999,-9999,-9999,-9999,-9999,-9999,-9999,-9999,-9999,-9999,-9999,-9999,-9999,-9999,-9999,-9999,-9999,-9999,-9999,-9999,-9999,-9999,-9999,-9999,-9999,-9999,-9999,-9999,-9999,-9999,-9999,-9999,-9999,-9999,-9999,-9999,-9999,-9999,-9999,-9999,-9999,-9999,-9999,-9999,-9999,-9999,-9999,-9999,-9999,-9999,-9999,-9999,-9999,-9999,-9999,-9999,-9999,-9999,-9999,-9999,33.8917007446289,33.9932518005371,34.0293769836426,33.9567832946777,34.1190185546875,34.4997634887695,34.6936073303223,34.7659759521484,35.4269943237305,36.1047210693359,30.7792701721191,23.761100769043,22.0704555511475,19.9758605957031,14.9695596694946,11.0817403793335,10.7110662460327,12.3207473754883,16.0854301452637,23.1608085632324,31.1969184875488,34.2474136352539,35.727954864502,32.1121978759766,-9999,-9999,-9999,-9999,-9999,-9999,-9999,-9999,-9999
-9999,-9999,-9999,-9999,-9999,25.1765060424805,26.4737720489502,26.2988891601563,27.6724853515625,32.980827331543,36.7944641113281,37.1654739379883,37.550952911377,38.0409545898438,-9999,-9999,-9999,-9999,-9999,-9999,-9999,-9999,-9999,-9999,-9999,-9999,-9999,-9999,-9999,-9999,-9999,-9999,-9999,-9999,-9999,-9999,-9999,-9999,-9999,-9999,-9999,-9999,-9999,-9999,-9999,-9999,-9999,-9999,-9999,-9999,-9999,-9999,-9999,-9999,-9999,-9999,-9999,-9999,-9999,-9999,-9999,-9999,-9999,-9999,-9999,-9999,-9999,-9999,-9999,-9999,-9999,-9999,-9999,-9999,-9999,-9999,-9999,-9999,-9999,-9999,-9999,-9999,-9999,-9999,-9999,-9999,-9999,-9999,-9999,-9999,-9999,-9999,-9999,-9999,-9999,-9999,-9999,-9999,33.5042190551758,33.6134185791016,33.6681137084961,33.6398582458496,33.7823638916016,34.0788917541504,34.2835845947266,34.4168968200684,35.1218795776367,35.8395080566406,30.7830085754395,24.0462646484375,22.3412189483643,20.1041221618652,14.7301034927368,10.9219198226929,11.5956039428711,13.5121831893921,17.0882778167725,22.479663848877,29.1745891571045,33.3307876586914,37.3605194091797,37.5874328613281,-9999,-9999,-9999,-9999,-9999,-9999,-9999,-9999,-9999
-9999,-9999,-9999,-9999,-9999,25.1046390533447,25.2599353790283,26.0486717224121,27.2555484771729,32.9848556518555,36.8597717285156,37.1137886047363,37.4237976074219,37.9065437316895,-9999,-9999,-9999,-9999,-9999,-9999,-9999,-9999,-9999,-9999,-9999,-9999,-9999,-9999,-9999,-9999,-9999,-9999,-9999,-9999,-9999,-9999,-9999,-9999,-9999,-9999,-9999,-9999,-9999,-9999,-9999,-9999,-9999,-9999,-9999,-9999,-9999,-9999,-9999,-9999,-9999,-9999,-9999,-9999,-9999,-9999,-9999,-9999,-9999,-9999,-9999,-9999,-9999,-9999,-9999,-9999,-9999,-9999,-9999,-9999,-9999,-9999,-9999,-9999,-9999,-9999,-9999,-9999,-9999,-9999,-9999,-9999,-9999,-9999,-9999,-9999,-9999,-9999,-9999,-9999,-9999,-9999,-9999,-9999,-9999,33.2311325073242,33.306339263916,33.3263549804688,33.4374504089355,33.6261367797852,33.7486000061035,33.8074989318848,34.6444931030273,35.521671295166,30.7206726074219,24.3018226623535,22.6330471038818,20.3460311889648,14.7037620544434,10.9289636611938,13.064190864563,15.3817768096924,18.3801517486572,22.0584259033203,25.9326171875,31.2044410705566,37.13623046875,38.2407264709473,-9999,-9999,-9999,-9999,-9999,-9999,-9999,-9999,-9999
-9999,-9999,-9999,-9999,-9999,-9999,24.3028469085693,24.6810874938965,25.7977523803711,32.2274436950684,36.3810157775879,36.8382110595703,37.1740036010742,-9999,-9999,-9999,-9999,-9999,-9999,-9999,-9999,-9999,-9999,-9999,-9999,-9999,-9999,-9999,-9999,-9999,-9999,-9999,-9999,-9999,-9999,-9999,-9999,-9999,-9999,-9999,-9999,-9999,-9999,-9999,-9999,-9999,-9999,-9999,-9999,-9999,-9999,-9999,-9999,-9999,-9999,-9999,-9999,-9999,-9999,-9999,-9999,-9999,-9999,-9999,-9999,-9999,-9999,-9999,-9999,-9999,-9999,-9999,-9999,-9999,-9999,-9999,-9999,-9999,-9999,-9999,-9999,-9999,-9999,-9999,-9999,-9999,-9999,-9999,-9999,-9999,-9999,-9999,-9999,-9999,-9999,-9999,-9999,-9999,-9999,32.9613265991211,33.0618705749512,33.1221885681152,33.2216491699219,33.3494453430176,33.6711235046387,34.0850219726563,34.6067123413086,35.0056915283203,30.4713802337646,24.5814762115479,22.9730701446533,21.0813140869141,17.8296527862549,14.9709796905518,13.6547737121582,13.5223236083984,14.8736848831177,19.2418594360352,25.5210266113281,29.6684494018555,32.7201385498047,33.8453636169434,-9999,-9999,-9999,-9999,-9999,-9999,-9999,-9999,-9999
-9999,-9999,-9999,-9999,-9999,-9999,22.8710269927979,22.5249786376953,24.5567054748535,31.3333511352539,36.0394554138184,36.5552215576172,36.9070663452148,-9999,-9999,-9999,-9999,-9999,-9999,-9999,-9999,-9999,-9999,-9999,-9999,-9999,-9999,-9999,-9999,-9999,-9999,-9999,-9999,-9999,-9999,-9999,-9999,-9999,-9999,-9999,-9999,-9999,-9999,-9999,-9999,-9999,-9999,-9999,-9999,-9999,-9999,-9999,-9999,-9999,-9999,-9999,-9999,-9999,-9999,-9999,-9999,-9999,-9999,-9999,-9999,-9999,-9999,-9999,-9999,-9999,-9999,-9999,-9999,-9999,-9999,-9999,-9999,-9999,-9999,-9999,-9999,-9999,-9999,-9999,-9999,-9999,-9999,-9999,-9999,-9999,-9999,-9999,-9999,-9999,-9999,-9999,-9999,-9999,-9999,32.7051010131836,32.828010559082,32.9194450378418,33.0072250366211,33.084342956543,33.5933532714844,34.3354568481445,34.5558967590332,34.510181427002,30.2518310546875,24.8359966278076,23.3563289642334,21.8534126281738,20.6512393951416,18.624849319458,14.1682920455933,11.3717422485352,11.2048654556274,16.6382942199707,25.0803375244141,27.6728973388672,27.9430961608887,23.7527637481689,17.8852977752686,15.8651189804077,-9999,-9999,-9999,-9999,-9999,-9999,-9999
-9999,-9999,-9999,-9999,-9999,-9999,21.5013961791992,21.8945407867432,23.0599822998047,30.2302989959717,35.2851867675781,36.0126686096191,36.6287956237793,-9999,-9999,-9999,-9999,-9999,-9999,-9999,-9999,-9999,-9999,-9999,-9999,-9999,-9999,-9999,-9999,-9999,-9999,-9999,-9999,-9999,-9999,-9999,-9999,-9999,-9999,-9999,-9999,-9999,-9999,-9999,-9999,-9999,-9999,-9999,-9999,-9999,-9999,-9999,-9999,-9999,-9999,-9999,-9999,-9999,-9999,-9999,-9999,-9999,-9999,-9999,-9999,-9999,-9999,-9999,-9999,-9999,-9999,-9999,-9999,-9999,-9999,-9999,-9999,-9999,-9999,-9999,-9999,-9999,-9999,-9999,-9999,-9999,-9999,-9999,-9999,-9999,-9999,-9999,-9999,-9999,-9999,-9999,-9999,-9999,-9999,32.5712661743164,32.6647682189941,32.6896705627441,32.7502784729004,32.834098815918,33.3235244750977,34.0339584350586,34.2626075744629,34.2720184326172,30.1645221710205,24.9761085510254,23.6104793548584,22.2242279052734,20.9601058959961,18.745677947998,13.9384174346924,11.7620077133179,12.6994190216064,16.0608081817627,20.7273330688477,21.7595062255859,21.5898056030273,19.8656101226807,17.3344802856445,13.5592956542969,8.09335517883301,-9999,-9999,-9999,-9999,-9999,-9999
-9999,-9999,-9999,-9999,-9999,-9999,-9999,-9999,-9999,-9999,-9999,-9999,-9999,-9999,-9999,-9999,-9999,-9999,-9999,-9999,-9999,-9999,-9999,-9999,-9999,-9999,-9999,-9999,-9999,-9999,-9999,-9999,-9999,-9999,-9999,-9999,-9999,-9999,-9999,-9999,-9999,-9999,-9999,-9999,-9999,-9999,-9999,-9999,-9999,-9999,-9999,-9999,-9999,-9999,-9999,-9999,-9999,-9999,-9999,-9999,-9999,-9999,-9999,-9999,-9999,-9999,-9999,-9999,-9999,-9999,-9999,-9999,-9999,-9999,-9999,-9999,-9999,-9999,-9999,-9999,-9999,-9999,-9999,-9999,-9999,-9999,-9999,-9999,-9999,-9999,-9999,-9999,-9999,-9999,-9999,-9999,-9999,-9999,-9999,-9999,32.4898109436035,32.4601860046387,32.5036773681641,32.606201171875,33.0892448425293,33.7804832458496,33.996768951416,33.9861221313477,30.5960884094238,26.3974552154541,24.4805660247803,22.5670509338379,21.2199287414551,18.9090213775635,13.7879123687744,11.5462417602539,13.7700519561768,15.3567552566528,16.2891502380371,15.8157930374146,14.7395439147949,14.8271255493164,15.8700666427612,9.89924049377441,7.65429496765137,3.0191502571106,-9999,-9999,-9999,-9999,-9999
-9999,-9999,-9999,-9999,-9999,-9999,-9999,-9999,-9999,-9999,-9999,-9999,-9999,-9999,-9999,-9999,-9999,-9999,-9999,-9999,-9999,-9999,-9999,-9999,-9999,-9999,-9999,-9999,-9999,-9999,-9999,-9999,-9999,-9999,-9999,-9999,-9999,-9999,-9999,-9999,-9999,-9999,-9999,-9999,-9999,-9999,-9999,-9999,-9999,-9999,-9999,-9999,-9999,-9999,-9999,-9999,-9999,-9999,-9999,-9999,-9999,-9999,-9999,-9999,-9999,-9999,-9999,-9999,-9999,-9999,-9999,-9999,-9999,-9999,-9999,-9999,-9999,-9999,-9999,-9999,-9999,-9999,-9999,-9999,-9999,-9999,-9999,-9999,-9999,-9999,-9999,-9999,-9999,-9999,-9999,-9999,-9999,-9999,-9999,-9999,32.2785797119141,32.2373313903809,32.3060874938965,32.4720420837402,32.9951248168945,33.7100524902344,33.8816261291504,33.8158874511719,33.0339813232422,32.0407981872559,27.4342956542969,22.8351821899414,21.5752868652344,19.1056823730469,14.0441493988037,11.3932704925537,13.148138999939,13.6832046508789,13.4708890914917,12.0537986755371,10.333212852478,9.6119213104248,9.76994895935059,6.88299989700317,3.37529730796814,3.34403610229492,2.78686547279358,-9999,-9999,-9999,-9999
-9999,-9999,-9999,-9999,-9999,-9999,-9999,-9999,-9999,-9999,-9999,-9999,-9999,-9999,-9999,-9999,-9999,-9999,-9999,-9999,-9999,-9999,-9999,-9999,-9999,-9999,-9999,-9999,-9999,-9999,-9999,-9999,-9999,-9999,-9999,-9999,-9999,-9999,-9999,-9999,-9999,-9999,-9999,-9999,-9999,-9999,-9999,-9999,-9999,-9999,-9999,-9999,-9999,-9999,-9999,-9999,-9999,-9999,-9999,-9999,-9999,-9999,-9999,-9999,-9999,-9999,-9999,-9999,-9999,-9999,-9999,-9999,-9999,-9999,-9999,-9999,-9999,-9999,-9999,-9999,-9999,-9999,-9999,-9999,-9999,-9999,-9999,-9999,-9999,-9999,-9999,-9999,-9999,-9999,-9999,-9999,-9999,-9999,-9999,-9999,32.085578918457,32.0567207336426,32.147590637207,32.360523223877,32.8013496398926,33.3640480041504,33.618839263916,33.7056503295898,34.5375900268555,35.2509689331055,29.2796611785889,23.0629634857178,21.8557453155518,19.4804878234863,14.1944913864136,11.284797668457,12.583703994751,12.2608766555786,10.9366750717163,9.20079135894775,7.32081127166748,6.26608848571777,5.15160942077637,4.35557651519775,3.4846031665802,2.77176833152771,2.51469016075134,-9999,-9999,-9999,-9999
-9999,-9999,-9999,-9999,-9999,-9999,-9999,-9999,-9999,-9999,-9999,-9999,-9999,-9999,-9999,-9999,-9999,-9999,-9999,-9999,-9999,-9999,-9999,-9999,-9999,-9999,-9999,-9999,-9999,-9999,-9999,-9999,-9999,-9999,-9999,-9999,-9999,-9999,-9999,-9999,-9999,-9999,-9999,-9999,-9999,-9999,-9999,-9999,-9999,-9999,-9999,-9999,-9999,-9999,-9999,-9999,-9999,-9999,-9999,-9999,-9999,-9999,-9999,-9999,-9999,-9999,-9999,-9999,-9999,-9999,-9999,-9999,-9999,-9999,-9999,-9999,-9999,-9999,-9999,-9999,-9999,-9999,-9999,-9999,-9999,-9999,-9999,-9999,-9999,-9999,-9999,-9999,-9999,-9999,-9999,-9999,-9999,-9999,-9999,-9999,-9999,31.9539241790771,32.0733757019043,32.296314239502,32.4175186157227,32.4758758544922,33.0594482421875,33.6992454528809,34.6009063720703,35.3185272216797,29.408842086792,23.2822513580322,22.1686420440674,19.8456001281738,14.5753364562988,11.6068572998047,12.4057655334473,11.7636804580688,9.4703426361084,8.47842788696289,7.86242437362671,6.22963953018188,3.76291918754578,3.19816160202026,2.80040073394775,2.50469636917114,2.23617625236511,-9999,-9999,3.29262280464172,3.34011054039001
-9999,-9999,-9999,-9999,-9999,-9999,-9999,-9999,-9999,-9999,-9999,-9999,-9999,-9999,-9999,-9999,-9999,-9999,-9999,-9999,-9999,-9999,-9999,-9999,-9999,-9999,-9999,-9999,-9999,-9999,-9999,-9999,-9999,-9999,-9999,-9999,-9999,-9999,-9999,-9999,-9999,-9999,-9999,-9999,-9999,-9999,-9999,-9999,-9999,-9999,-9999,-9999,-9999,-9999,-9999,-9999,-9999,-9999,-9999,-9999,-9999,-9999,-9999,-9999,-9999,-9999,-9999,-9999,-9999,-9999,-9999,-9999,-9999,-9999,-9999,-9999,-9999,-9999,-9999,-9999,-9999,-9999,-9999,-9999,-9999,-9999,-9999,-9999,-9999,-9999,-9999,-9999,-9999,-9999,-9999,-9999,-9999,-9999,-9999,-9999,-9999,-9999,32.0172386169434,32.1935386657715,32.1493644714355,31.963357925415,32.6841125488281,33.5679092407227,34.5639877319336,35.3632392883301,29.5881309509277,23.3314990997314,20.2178478240967,16.7620887756348,12.6292819976807,10.2734050750732,10.8758716583252,9.76941013336182,7.5533766746521,6.84236335754395,6.98197174072266,5.55292892456055,2.92040610313416,2.68268847465515,2.69110345840454,2.55809807777405,2.58076667785645,2.97243690490723,3.2547619342804,3.24144148826599,3.37229371070862
-9999,-9999,-9999,-9999,-9999,-9999,-9999,-9999,-9999,-9999,-9999,-9999,-9999,-9999,-9999,-9999,-9999,-9999,-9999,-9999,-9999,-9999,-9999,-9999,-9999,-9999,-9999,-9999,-9999,-9999,-9999,-9999,-9999,-9999,-9999,-9999,-9999,-9999,-9999,-9999,-9999,-9999,-9999,-9999,-9999,-9999,-9999,-9999,-9999,-9999,-9999,-9999,-9999,-9999,-9999,-9999,-9999,-9999,-9999,-9999,-9999,-9999,-9999,-9999,-9999,-9999,-9999,-9999,-9999,-9999,-9999,-9999,-9999,-9999,-9999,-9999,-9999,-9999,-9999,-9999,-9999,-9999,-9999,-9999,-9999,-9999,-9999,-9999,-9999,-9999,-9999,-9999,-9999,-9999,-9999,-9999,-9999,-9999,-9999,-9999,-9999,-9999,-9999,32.0502853393555,32.0121459960938,31.8946399688721,32.5059089660645,33.2158012390137,34.4317932128906,35.439022064209,29.8748970031738,23.1927928924561,15.4776058197021,8.96451568603516,7.7720832824707,7.27949857711792,7.53455686569214,6.75222110748291,4.68597173690796,3.99207210540771,4.21990633010864,3.83374691009521,3.24177289009094,3.1717164516449,3.22072267532349,3.19711780548096,3.16133093833923,3.19724273681641,3.14965534210205,2.97872996330261,2.87880444526672
-9999,-9999,-9999,-9999,-9999,-9999,-9999,-9999,-9999,-9999,-9999,-9999,-9999,-9999,-9999,-9999,-9999,-9999,-9999,-9999,-9999,-9999,-9999,-9999,-9999,-9999,-9999,-9999,-9999,-9999,-9999,-9999,-9999,-9999,-9999,-9999,-9999,-9999,-9999,-9999,-9999,-9999,-9999,-9999,-9999,-9999,-9999,-9999,-9999,-9999,-9999,-9999,-9999,-9999,-9999,-9999,-9999,-9999,-9999,-9999,-9999,-9999,-9999,-9999,-9999,-9999,-9999,-9999,-9999,-9999,-9999,-9999,-9999,-9999,-9999,-9999,-9999,-9999,-9999,-9999,-9999,-9999,-9999,-9999,-9999,-9999,-9999,-9999,-9999,-9999,-9999,-9999,-9999,-9999,-9999,-9999,-9999,-9999,-9999,-9999,-9999,-9999,-9999,31.9146404266357,31.9622707366943,32.0362358093262,32.3932723999023,32.7486305236816,33.8806266784668,34.8983612060547,29.7545471191406,23.3332614898682,13.6360454559326,6.20487594604492,6.58825778961182,6.7257342338562,6.93847942352295,6.00977373123169,3.55636429786682,2.69924902915955,3.0210862159729,3.14112591743469,3.10718822479248,3.09275341033936,3.05642700195313,3.14889335632324,3.18830442428589,2.91507911682129,4.47899436950684,9.50389099121094,15.0180101394653
-9999,-9999,-9999,-9999,-9999,-9999,-9999,-9999,-9999,-9999,-9999,-9999,-9999,-9999,-9999,-9999,-9999,-9999,-9999,-9999,-9999,-9999,-9999,-9999,-9999,-9999,-9999,-9999,-9999,-9999,-9999,-9999,-9999,-9999,-9999,-9999,-9999,-9999,-9999,-9999,-9999,-9999,-9999,-9999,-9999,-9999,-9999,-9999,-9999,-9999,-9999,-9999,-9999,-9999,-9999,-9999,-9999,-9999,-9999,-9999,-9999,-9999,-9999,-9999,-9999,-9999,-9999,-9999,-9999,-9999,-9999,-9999,-9999,-9999,-9999,-9999,-9999,-9999,-9999,-9999,-9999,-9999,-9999,-9999,-9999,-9999,-9999,-9999,-9999,-9999,-9999,-9999,-9999,-9999,-9999,-9999,-9999,-9999,-9999,-9999,-9999,-9999,-9999,-9999,31.9843292236328,32.3153648376465,32.4646949768066,32.5031127929688,33.0570602416992,33.9324264526367,29.3607940673828,23.0508422851563,13.3559837341309,6.4941349029541,7.29056644439697,7.6633620262146,7.63222455978394,6.50058317184448,3.67761445045471,2.46860671043396,2.5826518535614,2.58666253089905,2.46158313751221,2.41518068313599,2.33235692977905,2.37002396583557,2.36144685745239,2.1113657951355,6.64918518066406,20.1803703308105,30.8287048339844
-9999,-9999,-9999,-9999,-9999,-9999,-9999,-9999,-9999,-9999,-9999,-9999,-9999,-9999,-9999,-9999,-9999,-9999,-9999,-9999,-9999,-9999,-9999,-9999,-9999,-9999,-9999,-9999,-9999,-9999,-9999,-9999,-9999,-9999,-9999,-9999,-9999,-9999,-9999,-9999,-9999,-9999,-9999,-9999,-9999,-9999,-9999,-9999,-9999,-9999,-9999,-9999,-9999,-9999,-9999,-9999,-9999,-9999,-9999,-9999,-9999,-9999,-9999,-9999,-9999,-9999,-9999,-9999,-9999,-9999,-9999,-9999,-9999,-9999,-9999,-9999,-9999,-9999,-9999,-9999,-9999,-9999,-9999,-9999,-9999,-9999,-9999,-9999,-9999,-9999,-9999,-9999,-9999,-9999,-9999,-9999,-9999,-9999,-9999,-9999,-9999,-9999,-9999,-9999,-9999,-9999,32.2224273681641,32.1276817321777,32.6834564208984,33.2437629699707,30.3381633758545,25.9543190002441,18.802173614502,13.3404588699341,11.4763870239258,10.4861450195313,10.6512966156006,9.88240528106689,7.97369289398193,8.76232147216797,10.8609142303467,11.0637722015381,10.6120920181274,12.1388492584229,14.2201280593872,15.6502437591553,16.6120128631592,16.0780811309814,18.3817405700684,26.2013664245605,32.6735420227051
-9999,-9999,-9999,-9999,-9999,-9999,-9999,-9999,-9999,-9999,-9999,-9999,-9999,-9999,-9999,-9999,-9999,-9999,-9999,-9999,-9999,-9999,-9999,-9999,-9999,-9999,-9999,-9999,-9999,-9999,-9999,-9999,-9999,-9999,-9999,-9999,-9999,-9999,-9999,-9999,-9999,-9999,-9999,-9999,-9999,-9999,-9999,-9999,-9999,-9999,-9999,-9999,-9999,-9999,-9999,-9999,-9999,-9999,-9999,-9999,-9999,-9999,-9999,-9999,-9999,-9999,-9999,-9999,-9999,-9999,-9999,-9999,-9999,-9999,-9999,-9999,-9999,-9999,-9999,-9999,-9999,-9999,-9999,-9999,-9999,-9999,-9999,-9999,-9999,-9999,-9999,-9999,-9999,-9999,-9999,-9999,-9999,-9999,-9999,-9999,-9999,-9999,-9999,-9999,-9999,-9999,-9999,-9999,31.9230365753174,32.1763954162598,31.8916187286377,31.1816825866699,27.6085815429688,23.1762104034424,17.7377872467041,14.6435976028442,15.3801021575928,15.4940719604492,14.4716901779175,17.6490535736084,22.5806999206543,22.8723335266113,22.0251579284668,24.811674118042,27.6569671630859,29.9307174682617,31.5898418426514,31.0149173736572,30.6084327697754,30.5818061828613,-9999
-9999,-9999,-9999,-9999,-9999,-9999,-9999,-9999,-9999,-9999,-9999,-9999,-9999,-9999,-9999,-9999,-9999,-9999,-9999,-9999,-9999,-9999,-9999,-9999,-9999,-9999,-9999,-9999,-9999,-9999,-9999,-9999,-9999,-9999,-9999,-9999,-9999,-9999,-9999,-9999,-9999,-9999,-9999,-9999,-9999,-9999,-9999,-9999,-9999,-9999,-9999,-9999,-9999,-9999,-9999,-9999,-9999,-9999,-9999,-9999,-9999,-9999,-9999,-9999,-9999,-9999,-9999,-9999,-9999,-9999,-9999,-9999,-9999,-9999,-9999,-9999,-9999,-9999,-9999,-9999,-9999,-9999,-9999,-9999,-9999,-9999,-9999,-9999,-9999,-9999,-9999,-9999,-9999,-9999,-9999,-9999,-9999,-9999,-9999,-9999,-9999,-9999,-9999,-9999,-9999,-9999,-9999,-9999,-9999,-9999,31.6585731506348,31.4554653167725,29.6360244750977,27.4928092956543,24.6015110015869,22.8341617584229,22.9609680175781,22.7836742401123,22.3363418579102,23.9987907409668,26.5858840942383,26.786340713501,26.3866081237793,27.8614845275879,29.410249710083,30.6938209533691,31.6438007354736,31.2565498352051,-9999,-9999,-9999
-9999,-9999,-9999,-9999,-9999,-9999,-9999,-9999,-9999,-9999,-9999,-9999,-9999,-9999,-9999,-9999,-9999,-9999,-9999,-9999,-9999,-9999,-9999,-9999,-9999,-9999,-9999,-9999,-9999,-9999,-9999,-9999,-9999,-9999,-9999,-9999,-9999,-9999,-9999,-9999,-9999,-9999,-9999,-9999,-9999,-9999,-9999,-9999,-9999,-9999,-9999,-9999,-9999,-9999,-9999,-9999,-9999,-9999,-9999,-9999,-9999,-9999,-9999,-9999,-9999,-9999,-9999,-9999,-9999,-9999,-9999,-9999,-9999,-9999,-9999,-9999,-9999,-9999,-9999,-9999,-9999,-9999,-9999,-9999,-9999,-9999,-9999,-9999,-9999,-9999,-9999,-9999,-9999,-9999,-9999,-9999,-9999,-9999,-9999,-9999,-9999,-9999,-9999,-9999,-9999,-9999,-9999,-9999,-9999,-9999,-9999,-9999,-9999,-9999,-9999,-9999,-9999,-9999,-9999,-9999,-9999,-9999,-9999,-9999,-9999,-9999,-9999,-9999,-9999,-9999,-9999
-9999,-9999,-9999,-9999,-9999,-9999,-9999,-9999,-9999,-9999,-9999,-9999,-9999,-9999,-9999,-9999,-9999,-9999,-9999,-9999,-9999,-9999,-9999,-9999,-9999,-9999,-9999,-9999,-9999,-9999,-9999,-9999,-9999,-9999,-9999,-9999,-9999,-9999,-9999,-9999,-9999,-9999,-9999,-9999,-9999,-9999,-9999,-9999,-9999,-9999,-9999,-9999,-9999,-9999,-9999,-9999,-9999,-9999,-9999,-9999,-9999,-9999,-9999,-9999,-9999,-9999,-9999,-9999,-9999,-9999,-9999,-9999,-9999,-9999,-9999,-9999,-9999,-9999,-9999,-9999,-9999,-9999,-9999,-9999,-9999,-9999,-9999,-9999,-9999,-9999,-9999,-9999,-9999,-9999,-9999,-9999,-9999,-9999,-9999,-9999,-9999,-9999,-9999,-9999,-9999,-9999,-9999,-9999,-9999,-9999,-9999,-9999,-9999,-9999,-9999,-9999,-9999,-9999,-9999,-9999,-9999,-9999,-9999,-9999,-9999,-9999,-9999,-9999,-9999,-9999,-9999

Step,205
Year,17.08333
-9999,-9999,-9999,-9999,-9999,-9999,-9999,-9999,-9999,-9999,-9999,-9999,-9999,-9999,-9999,-9999,-9999,-9999,-9999,-9999,-9999,-9999,-9999,-9999,-9999,-9999,-9999,-9999,-9999,-9999,-9999,-9999,-9999,-9999,-9999,-9999,-9999,-9999,-9999,-9999,-9999,-9999,-9999,-9999,-9999,-9999,-9999,-9999,-9999,-9999,-9999,-9999,-9999,-9999,-9999,-9999,-9999,-9999,-9999,-9999,-9999,-9999,-9999,-9999,-9999,-9999,-9999,-9999,-9999,-9999,-9999,-9999,-9999,-9999,-9999,-9999,-9999,-9999,-9999,-9999,-9999,-9999,-9999,-9999,-9999,-9999,-9999,-9999,-9999,-9999,-9999,-9999,-9999,-9999,-9999,-9999,-9999,-9999,-9999,-9999,-9999,-9999,-9999,-9999,-9999,-9999,-9999,-9999,-9999,-9999,-9999,-9999,-9999,-9999,-9999,-9999,-9999,-9999,-9999,-9999,-9999,-9999,-9999,-9999,-9999,-9999,-9999,-9999,-9999,-9999,-9999
-9999,-9999,-9999,-9999,-9999,-9999,-9999,-9999,-9999,-9999,-9999,-9999,-9999,-9999,-9999,-9999,-9999,-9999,-9999,-9999,-9999,-9999,-9999,-9999,-9999,-9999,-9999,-9999,-9999,-9999,-9999,-9999,-9999,-9999,-9999,-9999,-9999,-9999,-9999,-9999,-9999,-9999,-9999,-9999,-9999,-9999,-9999,-9999,-9999,-9999,-9999,-9999,-9999,-9999,-9999,-9999,-9999,-9999,-9999,-9999,-9999,-9999,-9999,-9999,-9999,-9999,-9999,-9999,-9999,-9999,-9999,-9999,-9999,-9999,-9999,-9999,-9999,-9999,-9999,-9999,-9999,-9999,-9999,-9999,-9999,-9999,-9999,-9999,-9999,-9999,-9999,-9999,-9999,-9999,-9999,-9999,-9999,-9999,-9999,-9999,-9999,-9999,-9999,-9999,-9999,-9999,-9999,-9999,-9999,-9999,-9999,-9999,-9999,-9999,-9999,-9999,-9999,-9999,-9999,-9999,-9999,-9999,-9999,-9999,-9999,-9999,-9999,-9999,-9999,-9999,-9999
-9999,-9999,-9999,-9999,-9999,-9999,-9999,-9999,-9999,-9999,-9999,-9999,-9999,-9999,-9999,-9999,-9999,-9999,-9999,-9999,-9999,-9999,-9999,-9999,-9999,-9999,-9999,-9999,-9999,-9999,-9999,-9999,-9999,-9999,-9999,-9999,-9999,-9999,-9999,-9999,-9999,-9999,-9999,-9999,-9999,-9999,-9999,-9999,-9999,-9999,-9999,-9999,-9999,-9999,-9999,-9999,-9999,-9999,-9999,-9999,-9999,-9999,-9999,-9999,-9999,-9999,-9999,-9999,-9999,-9999,-9999,-9999,-9999,-9999,37.3370590209961,37.7060737609863,-9999,-9999,-9999,-9999,-9999,-9999,-9999,-9999,-9999,-9999,-9999,-9999,-9999,-9999,-9999,-9999,-9999,-9999,-9999,-9999,-9999,-9999,-9999,-9999,-9999,-9999,-9999,-9999,-9999,-9999,-9999,-9999,-9999,-9999,-9999,-9999,-9999,-9999,-9999,-9999,-9999,-9999,-9999,-9999,-9999,-9999,-9999,-9999,-9999,-9999,-9999,-9999,-9999,-9999,-9999
-9999,-9999,-9999,-9999,-9999,-9999,-9999,-9999,-9999,-9999,-9999,-9999,-9999,-9999,-9999,-9999,-9999,-9999,-9999,-9999,-9999,-9999,-9999,-9999,-9999,-9999,-9999,-9999,-9999,-9999,-9999,-9999,-9999,-9999,-9999,-9999,-9999,-9999,-9999,-9999,-9999,-9999,-9999,-9999,-9999,-9999,-9999,-9999,-9999,-9999,-9999,-9999,-9999,-9999,-9999,-9999,-9999,-9999,-9999,-9999,-9999,-9999,-9999,-9999,-9999,-9999,-9999,-9999,-9999,-9999,-9999,-9999,-9999,-9999,38.3784141540527,37.750057220459,-9999,-9999,-9999,-9999,-9999,-9999,-9999,-9999,-9999,-9999,-9999,-9999,-9999,-9999,-9999,-9999,-9999,-9999,-9999,-9999,-9999,-9999,-9999,-9999,-9999,-9999,-9999,-9999,-9999,-9999,-9999,-9999,-9999,-9999,-9999,-9999,-9999,-9999,-9999,-9999,-9999,-9999,-9999,-9999,-9999,-9999,-9999,-9999,-9999,-9999,-9999,-9999,-9999,-9999,-9999
-9999,-9999,-9999,-9999,-9999,-9999,-9999,-9999,-9999,-9999,-9999,-9999,-9999,-9999,-9999,-9999,-9999,-9999,-9999,-9999,-9999,-9999,-9999,-9999,-9999,-9999,-9999,-9999,-9999,-9999,-9999,-9999,-9999,-9999,-9999,-9999,-9999,-9999,-9999,-9999,-9999,-9999,-9999,-9999,-9999,-9999,-9999,-9999,-9999,-9999,-9999,-9999,-9999,-9999,-9999,-9999,6.17552070678734E-13,1.09010915849694E-08,1.08175646218456E-08,1.08024842404575E-08,-9999,-9999,-9999,-9999,-9999,38.6572685241699,38.5320625305176,39.4179077148438,39.7743873596191,37.3609619140625,35.942928314209,32.6404037475586,32.4327583312988,31.8554401397705,35.5625076293945,34.4002265930176,32.9849166870117,-9999,-9999,25.2312488555908,23.8385601043701,23.045467376709,23.6197700500488,30.3770484924316,33.5250244140625,35.4988822937012,35.4538536071777,33.1618041992188,24.9870052337646,-9999,-9999,-9999,-9999,-9999,-9999,-9999,-9999,-9999,-9999,-9999,-9999,-9999,-9999,-9999,-9999,-9999,-9999,-9999,-9999,-9999,-9999,-9999,-9999,-9999,-9999,-9999,-9999,-9999,-9999,-9999,-9999,-9999,-9999,-9999,-9999,-9999,-9999,-9999,-9999,-9999,-9999
-9999,-9999,-9999,-9999,-9999,-9999,-9999,-9999,-9999,-9999,-9999,-9999,-9999,-9999,-9999,-9999,-9999,-9999,-9999,-9999,-9999,-9999,-9999,-9999,-9999,-9999,-9999,-9999,-9999,-9999,-9999,-9999,-9999,-9999,-9999,-9999,-9999,-9999,-9999,-9999,-9999,-9999,-9999,-9999,-9999,-9999,-9999,-9999,-9999,-9999,-9999,-9999,-9999,-9999,-9999,7.13246790188388E-13,2.48490099608034E-08,0.000671679677907377,0.000667941523715854,0.000667250424157828,0.00136907713022083,44.7368431091309,-9999,44.046989440918,42.173713684082,42.0410041809082,41.2091789245605,40.5237922668457,39.7776947021484,39.4770164489746,36.1922187805176,35.3426399230957,36.0164833068848,34.9708709716797,34.5986366271973,35.0199699401855,33.8143196105957,33.3986473083496,32.1692390441895,29.6291999816895,26.3773365020752,23.6882305145264,26.6767177581787,29.8767700195313,34.1306419372559,36.4944648742676,36.3390464782715,34.0400085449219,28.5514850616455,22.5193023681641,15.9349346160889,-9999,-9999,-9999,-9999,-9999,-9999,-9999,-9999,-9999,-9999,-9999,-9999,-9999,-9999,-9999,-9999,-9999,-9999,-9999,-9999,-9999,-9999,-9999,-9999,-9999,-9999,-9999,-9999,-9999,-9999,-9999,-9999,-9999,-9999,-9999,-9999,-9999,-9999,-9999,-9999
-9999,-9999,-9999,-9999,-9999,-9999,-9999,-9999,-9999,-9999,-9999,-9999,-9999,-9999,-9999,-9999,-9999,-9999,-9999,-9999,-9999,-9999,-9999,-9999,-9999,-9999,-9999,-9999,-9999,-9999,-9999,-9999,-9999,-9999,-9999,-9999,-9999,-9999,-9999,-9999,-9999,-9999,-9999,-9999,-9999,-9999,-9999,-9999,-9999,-9999,-9999,-9999,-9999,-9999,-9999,1.4483635624174E-08,0.000772426719777286,45.8849143981934,45.8271980285645,45.877628326416,46.0328941345215,45.3965644836426,44.6296310424805,44.5991859436035,42.7728500366211,42.1101913452148,40.5314712524414,40.3351402282715,39.9047355651855,38.5229072570801,37.451545715332,37.1321144104004,36.6975326538086,36.5038032531738,36.0898551940918,35.7007255554199,34.825023651123,33.6628150939941,31.8107471466064,29.6386661529541,26.6269588470459,24.0701084136963,27.6541748046875,31.8779067993164,36.1092834472656,37.576099395752,37.1901588439941,34.9544219970703,29.3863887786865,22.9569759368896,15.8553333282471,13.8810338973999,18.064884185791,-9999,-9999,-9999,-9999,-9999,-9999,-9999,-9999,-9999,29.5813522338867,30.9371604919434,32.6174926757813,-9999,-9999,-9999,-9999,-9999,-9999,-9999,-9999,-9999,-9999,-9999,-9999,-9999,-9999,-9999,-9999,-9999,-9999,-9999,-9999,-9999,-9999,-9999,-9999,-9999,-9999
-9999,-9999,-9999,-9999,-9999,-9999,-9999,-9999,-9999,-9999,-9999,-9999,-9999,-9999,-9999,-9999,-9999,-9999,-9999,-9999,-9999,-9999,-9999,-9999,-9999,-9999,-9999,-9999,-9999,-9999,-9999,39.304012298584,-9999,-9999,-9999,40.0267791748047,-9999,-9999,-9999,-9999,-9999,-9999,-9999,-9999,-9999,-9999,-9999,-9999,-9999,-9999,-9999,-9999,-9999,-9999,-9999,-9999,-9999,45.4526176452637,45.6781005859375,45.7775001525879,-9999,46.1696357727051,45.5841789245605,44.6611022949219,43.2734375,41.7434120178223,41.6789627075195,40.5416603088379,39.923942565918,37.6821479797363,36.6626853942871,37.9374237060547,38.2332191467285,37.768253326416,37.0965385437012,36.5803833007813,35.8368110656738,34.969970703125,34.5414810180664,34.7458190917969,32.6936073303223,31.4340057373047,34.747859954834,36.7968978881836,39.5579948425293,40.7813720703125,39.7905235290527,37.4858932495117,32.6980895996094,29.5774154663086,27.259521484375,22.5747718811035,16.8065967559814,20.091739654541,-9999,-9999,-9999,-9999,-9999,-9999,-9999,-9999,34.4458045959473,36.3548316955566,36.4272003173828,34.4684066772461,33.4226303100586,-9999,-9999,-9999,-9999,-9999,-9999,-9999,-9999,-9999,-9999,-9999,-9999,-9999,-9999,-9999,-9999,-9999,-9999,-9999,-9999,-9999,-9999,-9999,-9999
-9999,-9999,-9999,-9999,-9999,-9999,-9999,-9999,-9999,-9999,-9999,-9999,-9999,-9999,-9999,-9999,-9999,-9999,-9999,-9999,-9999,-9999,-9999,-9999,-9999,-9999,-9999,-9999,-9999,-9999,38.4811363220215,38.4565658569336,-9999,-9999,40.2031402587891,39.6259498596191,-9999,-9999,36.5291137695313,37.6386260986328,-9999,-9999,-9999,-9999,-9999,41.3746566772461,-9999,-9999,-9999,-9999,-9999,-9999,-9999,-9999,-9999,-9999,-9999,-9999,-9999,-9999,-9999,46.0308532714844,46.5923347473145,44.7789916992188,43.3993263244629,41.8259658813477,40.9824905395508,40.0627822875977,38.7666053771973,36.566593170166,35.3960609436035,38.339412689209,40.0982856750488,39.4167709350586,38.763298034668,38.1972236633301,37.0415077209473,36.0721206665039,37.9020118713379,39.3795280456543,39.7290306091309,38.836971282959,39.7607040405273,40.7257194519043,41.8783302307129,42.3114356994629,41.4432792663574,39.7027702331543,36.4524841308594,35.6073684692383,36.747371673584,30.0617847442627,18.1280975341797,19.9973659515381,24.3192863464355,-9999,-9999,-9999,-9999,-9999,34.901725769043,35.0273284912109,35.5591850280762,35.9753875732422,36.844596862793,37.404956817627,35.703369140625,32.645336151123,-9999,-9999,-9999,-9999,-9999,-9999,-9999,-9999,-9999,-9999,-9999,-9999,-9999,-9999,-9999,-9999,-9999,-9999,-9999,-9999,-9999,-9999,-9999
-9999,-9999,-9999,-9999,-9999,-9999,-9999,-9999,-9999,-9999,-9999,-9999,-9999,-9999,-9999,-9999,-9999,-9999,-9999,-9999,-9999,-9999,-9999,38.623664855957,38.8620948791504,-9999,-9999,-9999,-9999,38.109504699707,37.921215057373,38.3352508544922,38.0044364929199,39.39453125,39.2791633605957,39.3306198120117,37.3260192871094,35.7721977233887,36.3113403320313,-9999,38.6774978637695,40.8359642028809,-9999,-9999,40.6284790039063,41.4592666625977,41.9865341186523,42.8789253234863,-9999,-9999,-9999,-9999,-9999,-9999,-9999,-9999,-9999,41.3778686523438,43.7797813415527,-9999,-9999,-9999,44.9081535339355,44.8661346435547,44.0458831787109,42.585075378418,42.1023330688477,40.8917694091797,39.4446220397949,35.8491973876953,34.4616966247559,37.795955657959,39.8500099182129,40.4463005065918,39.8686103820801,39.5093688964844,39.2488098144531,37.6027145385742,38.0776329040527,39.4503288269043,39.9138984680176,39.9453735351563,40.9722328186035,41.8291015625,42.250602722168,42.3899765014648,42.0301361083984,40.936897277832,38.353759765625,36.5368270874023,35.8409004211426,31.1679668426514,24.2370052337646,23.43723487854,24.1683330535889,21.3266620635986,20.8197841644287,22.2841053009033,22.8129577636719,24.7836570739746,29.6762924194336,35.0243072509766,35.0154304504395,35.395450592041,36.2924652099609,37.5004234313965,37.9824104309082,35.3413391113281,33.6541061401367,34.407413482666,-9999,-9999,-9999,-9999,-9999,-9999,-9999,-9999,-9999,-9999,-9999,-9999,-9999,-9999,-9999,-9999,-9999,-9999,-9999,-9999,-9999
-9999,-9999,-9999,-9999,-9999,-9999,-9999,-9999,-9999,-9999,-9999,-9999,-9999,-9999,-9999,-9999,-9999,-9999,-9999,-9999,-9999,-9999,38.6292304992676,38.3990097045898,38.5138359069824,39.6598281860352,40.7182159423828,38.0495643615723,37.1859092712402,37.258731842041,37.7602577209473,37.7151794433594,36.9790267944336,37.4786415100098,38.2565078735352,37.1242218017578,35.2827415466309,34.7287178039551,35.2910614013672,36.0996360778809,37.4213027954102,39.612678527832,40.8261947631836,40.8359870910645,41.3157272338867,41.5959777832031,42.6951484680176,42.8392715454102,43.1692695617676,-9999,-9999,-9999,-9999,-9999,-9999,-9999,-9999,39.6242828369141,40.9197616577148,42.4301795959473,-9999,-9999,43.6001167297363,44.8034706115723,45.6278648376465,43.8683738708496,42.3750610351563,40.713077545166,38.1187744140625,34.8260459899902,33.7349739074707,37.6000671386719,39.1388816833496,40.8578605651855,41.1922912597656,40.4354934692383,39.8373718261719,39.395679473877,39.3160362243652,38.6686210632324,39.8884162902832,41.0306510925293,42.0058784484863,42.7031326293945,42.5641784667969,42.4711532592773,42.4678421020508,41.8375587463379,40.3624382019043,37.961296081543,34.5754623413086,31.7673454284668,28.5076541900635,25.828800201416,23.5372333526611,22.2674674987793,21.9193134307861,24.024585723877,24.2046070098877,23.6446914672852,26.0073680877686,32.4244155883789,35.261848449707,35.7579040527344,36.4243240356445,36.96533203125,37.6588745117188,38.7188262939453,36.9403533935547,34.9657783508301,-9999,-9999,-9999,-9999,-9999,-9999,-9999,-9999,-9999,-9999,-9999,-9999,-9999,-9999,-9999,-9999,-9999,-9999,-9999,-9999,-9999
-9999,-9999,-9999,-9999,-9999,-9999,-9999,-9999,-9999,-9999,-9999,-9999,-9999,-9999,-9999,-9999,-9999,-9999,-9999,-9999,-9999,-9999,39.2499732971191,37.8840293884277,37.8298530578613,38.8238563537598,41.5525588989258,41.4004898071289,36.6084289550781,37.1120223999023,37.2625465393066,37.6156539916992,37.1254425048828,37.0321655273438,37.1409759521484,36.0139694213867,35.1074066162109,35.0464553833008,34.8421363830566,35.5855102539063,36.7237510681152,38.8836708068848,40.2493934631348,40.6518592834473,40.4872398376465,41.3062973022461,41.1092529296875,42.5033378601074,43.2621726989746,43.2075958251953,42.9362373352051,-9999,-9999,-9999,-9999,-9999,-9999,-9999,39.3754425048828,40.5704231262207,42.3554649353027,42.8592910766602,43.3297500610352,44.0938835144043,44.9522590637207,43.8976364135742,42.4260902404785,38.4878959655762,35.1183090209961,33.3234100341797,34.5304298400879,38.5584030151367,40.7406311035156,41.772159576416,42.1203918457031,42.1660308837891,41.8556060791016,41.4533462524414,40.9022483825684,40.074405670166,41.086727142334,42.0428161621094,42.3699111938477,42.6144561767578,42.5872917175293,42.5719528198242,42.5771331787109,42.0203857421875,40.8040962219238,38.1323661804199,33.5267524719238,31.9099636077881,30.9510593414307,25.6548957824707,19.3290214538574,20.4337577819824,21.3022651672363,23.0429649353027,24.2878570556641,23.781364440918,26.3423652648926,33.054027557373,36.7520980834961,38.4703941345215,37.9572257995605,35.9912185668945,36.6908874511719,38.3317985534668,38.6277694702148,36.1562538146973,38.5551071166992,-9999,-9999,-9999,-9999,-9999,-9999,-9999,-9999,-9999,-9999,-9999,-9999,-9999,-9999,-9999,-9999,-9999,-9999,-9999,-9999
-9999,-9999,-9999,-9999,-9999,-9999,-9999,-9999,-9999,-9999,-9999,-9999,-9999,-9999,-9999,-9999,-9999,-9999,-9999,-9999,-9999,-9999,38.6275749206543,38.803653717041,36.2859115600586,35.8262062072754,42.2135887145996,44.0265655517578,40.3001937866211,38.3182907104492,38.520866394043,38.3377723693848,38.1101951599121,37.5537452697754,37.1139640808105,36.6951751708984,36.1507797241211,35.8610610961914,35.7439880371094,36.3967590332031,37.0608406066895,38.2785873413086,39.2993583679199,39.7115058898926,39.9304008483887,40.1088523864746,40.1955528259277,40.4487495422363,41.5008239746094,42.6363754272461,42.5203514099121,-9999,-9999,-9999,-9999,40.2236099243164,39.2493591308594,38.9859313964844,39.1086349487305,39.8461685180664,40.9327392578125,42.0524139404297,42.8749160766602,44.0242462158203,44.4161834716797,42.4204788208008,41.1849555969238,36.9141807556152,33.820858001709,35.3154640197754,36.6520004272461,40.0830154418945,42.1537857055664,43.1539535522461,43.5251693725586,43.3376617431641,42.9204483032227,42.3992042541504,41.8395385742188,41.2387161254883,41.9755249023438,42.6539497375488,42.5715980529785,42.5183181762695,42.5686454772949,42.5978012084961,42.5878410339355,42.1442260742188,41.2036209106445,38.7019920349121,34.6638107299805,34.1823921203613,35.3564453125,29.2481136322021,20.9684276580811,21.9944076538086,23.1812744140625,24.7692356109619,25.8572559356689,25.6662864685059,28.1218032836914,34.0548515319824,37.871711730957,40.5180130004883,39.4873199462891,36.1438789367676,37.181022644043,39.4080696105957,40.098876953125,39.4119567871094,39.1574630737305,40.5536079406738,-9999,-9999,-9999,-9999,-9999,-9999,-9999,-9999,-9999,-9999,-9999,-9999,-9999,-9999,-9999,-9999,-9999,-9999,-9999
-9999,-9999,-9999,-9999,-9999,-9999,-9999,-9999,-9999,-9999,-9999,-9999,-9999,-9999,-9999,-9999,-9999,-9999,-9999,-9999,-9999,37.6122932434082,39.0750617980957,38.3355522155762,35.664192199707,35.6139183044434,41.9325637817383,44.5102500915527,43.1284217834473,42.2339820861816,41.838508605957,41.4281463623047,41.1784706115723,41.000316619873,40.6249084472656,40.263111114502,39.7474403381348,39.452449798584,39.2864875793457,39.4712867736816,39.1925163269043,37.3195571899414,36.8639984130859,38.2737846374512,38.8757019042969,39.2323989868164,39.4746055603027,39.4040832519531,39.565013885498,39.7940940856934,40.134449005127,40.0938339233398,40.4990730285645,40.3266906738281,39.9627914428711,39.670036315918,39.3840446472168,39.0893707275391,39.0332794189453,38.9444389343262,38.1125106811523,38.4200820922852,40.0456771850586,42.5228958129883,44.5063705444336,43.390193939209,40.7303009033203,35.7006874084473,35.5687789916992,39.5689697265625,42.2427139282227,43.2102584838867,43.7001724243164,43.7052764892578,43.5731887817383,43.3295707702637,43.0340270996094,42.7103652954102,42.4157829284668,42.1213226318359,42.2400741577148,42.3617630004883,42.3873252868652,42.4145278930664,42.448917388916,42.4326438903809,42.3211059570313,42.0990028381348,41.7529754638672,40.9245376586914,39.7376289367676,39.7477836608887,40.1347389221191,37.7201232910156,33.9560279846191,31.2120227813721,29.0793991088867,29.9624347686768,30.8041152954102,30.9640769958496,31.9297428131104,35.329460144043,38.2602157592773,41.405029296875,41.0926742553711,39.0227699279785,41.0436515808105,43.6622085571289,42.2417221069336,40.2417144775391,40.5459442138672,39.910961151123,38.4429931640625,37.4819183349609,-9999,-9999,-9999,-9999,-9999,-9999,-9999,-9999,-9999,-9999,-9999,-9999,-9999,-9999,-9999,-9999,-9999
-9999,-9999,-9999,-9999,-9999,-9999,-9999,-9999,-9999,-9999,-9999,-9999,-9999,-9999,-9999,-9999,-9999,-9999,-9999,-9999,-9999,35.9585952758789,35.489429473877,36.7129211425781,36.2135391235352,36.9540367126465,41.4671401977539,43.7744026184082,43.5524597167969,43.1824226379395,42.6398811340332,42.2986602783203,42.1693115234375,41.9450798034668,41.6017761230469,41.2234077453613,40.7953109741211,40.5032424926758,40.2841911315918,40.3417549133301,39.8291206359863,38.0904159545898,37.1753692626953,37.6401062011719,38.1267127990723,38.7038154602051,39.2445907592773,39.7675666809082,39.4862747192383,39.0246849060059,39.3977699279785,39.4037322998047,39.5509757995605,39.567268371582,39.3716011047363,39.0129241943359,38.4047660827637,38.0594177246094,37.6610107421875,36.7368545532227,36.6059608459473,37.5209922790527,38.9075012207031,39.6177253723145,42.7576942443848,42.202751159668,41.5254325866699,36.1049499511719,37.9948768615723,42.1963310241699,44.5840301513672,44.3844833374023,44.1120223999023,43.7438087463379,-9999,-9999,-9999,-9999,-9999,-9999,-9999,42.0757827758789,42.1341934204102,42.1907615661621,42.2394065856934,42.2135772705078,42.0474510192871,41.9284896850586,41.8608283996582,41.8331909179688,41.8307952880859,41.7996559143066,41.7550430297852,41.2011413574219,39.7355613708496,35.61474609375,32.3474197387695,33.3081817626953,33.4164123535156,32.2598533630371,31.9724655151367,33.6435279846191,36.7287902832031,39.9079666137695,40.8327941894531,40.5070571899414,42.4945373535156,44.803409576416,42.3490562438965,39.0193710327148,40.1689643859863,39.5827674865723,38.3899383544922,37.0645179748535,37.4811668395996,-9999,-9999,-9999,-9999,-9999,-9999,-9999,-9999,-9999,-9999,-9999,-9999,-9999,-9999,-9999,-9999
-9999,-9999,-9999,-9999,-9999,-9999,-9999,-9999,-9999,-9999,-9999,-9999,-9999,-9999,-9999,-9999,-9999,-9999,-9999,33.8200531005859,34.5393142700195,34.0420761108398,33.3693771362305,33.2899169921875,37.051212310791,39.8367576599121,40.7167549133301,41.1068267822266,40.7216720581055,40.3169631958008,40.0262870788574,39.9211158752441,39.8371810913086,39.5427589416504,39.238094329834,38.9421882629395,38.5237998962402,38.3167915344238,38.1233711242676,38.1851654052734,38.7066612243652,40.9568481445313,41.3986358642578,39.2967567443848,38.530086517334,39.1620864868164,40.0582580566406,40.9655494689941,39.7685470581055,37.8688163757324,38.1560935974121,38.3894920349121,38.2345199584961,38.1275405883789,37.8604850769043,37.2308731079102,35.8568725585938,34.8677825927734,34.366268157959,35.4964752197266,37.4670867919922,40.1144485473633,42.061882019043,41.6363792419434,41.0824813842773,39.6340217590332,40.7091827392578,42.0423469543457,42.1802215576172,43.3457679748535,44.0291595458984,-9999,-9999,-9999,-9999,-9999,-9999,-9999,-9999,-9999,-9999,-9999,-9999,41.7917327880859,41.8990936279297,41.9167747497559,41.7654304504395,41.5791549682617,41.3544082641602,41.0914993286133,40.8023567199707,40.7122611999512,40.6985397338867,40.7609977722168,40.8400955200195,37.3220863342285,33.8285751342773,34.4125900268555,33.9259452819824,29.1434707641602,26.31591796875,27.8306446075439,30.4207649230957,33.7042274475098,37.2697410583496,40.2248992919922,41.5582313537598,42.3778610229492,39.8166580200195,36.5884590148926,38.6492881774902,40.2236213684082,40.2361526489258,35.2662467956543,36.4487533569336,-9999,-9999,-9999,-9999,-9999,-9999,-9999,-9999,-9999,-9999,-9999,-9999,-9999,-9999,-9999,-9999
-9999,-9999,-9999,-9999,-9999,-9999,-9999,-9999,-9999,-9999,-9999,-9999,-9999,-9999,-9999,-9999,-9999,-9999,31.7701797485352,32.9707946777344,33.1379203796387,35.0264701843262,33.6489906311035,32.7702751159668,36.8286361694336,39.6057243347168,40.3946800231934,40.7058258056641,40.261848449707,39.8817520141602,39.6438636779785,39.5642166137695,39.584285736084,39.3684196472168,38.9783744812012,38.8811302185059,38.6669960021973,38.5542602539063,38.2025718688965,38.2387237548828,39.6554908752441,41.9586296081543,42.7324562072754,40.3713722229004,39.402717590332,39.841609954834,40.4793243408203,41.4461936950684,39.8019790649414,37.1612205505371,36.4209022521973,36.059024810791,35.7848625183105,35.7103996276855,36.7445526123047,37.0256233215332,35.5897598266602,34.3968505859375,33.9321975708008,36.2966346740723,39.2325668334961,41.5347747802734,42.9941749572754,43.2362518310547,43.0978164672852,42.8782844543457,42.5024375915527,43.1327018737793,-9999,-9999,-9999,-9999,-9999,-9999,-9999,-9999,-9999,-9999,-9999,-9999,-9999,-9999,-9999,-9999,-9999,41.5920257568359,41.4729537963867,41.2768898010254,40.9957885742188,40.6268692016602,40.1952247619629,40.0353126525879,39.9747886657715,40.270923614502,40.6419067382813,38.2681427001953,35.8746795654297,35.0474052429199,33.4390563964844,28.5202045440674,24.7984924316406,23.7394638061523,25.1685638427734,27.7743759155273,32.8057174682617,37.7507591247559,38.661434173584,38.9422836303711,38.3685760498047,37.640323638916,38.5834579467773,39.4811553955078,39.1820793151855,35.8533630371094,35.3042793273926,-9999,-9999,-9999,-9999,-9999,-9999,-9999,-9999,-9999,-9999,-9999,-9999,-9999,-9999,-9999,-9999
-9999,-9999,-9999,-9999,-9999,-9999,-9999,-9999,-9999,-9999,-9999,-9999,33.1278610229492,31.9643974304199,-9999,31.5586128234863,33.087100982666,34.5643463134766,33.9655303955078,31.3251895904541,34.167610168457,36.9213104248047,36.1106643676758,35.2122421264648,35.7128219604492,37.1030807495117,40.5798645019531,42.4656028747559,42.0845108032227,41.9350929260254,41.58447265625,41.8109436035156,41.7153358459473,41.5922012329102,41.0558853149414,41.0565376281738,41.1890411376953,40.971363067627,40.771427154541,40.3899345397949,40.7617530822754,40.732006072998,41.2857398986816,40.5768280029297,40.3734092712402,40.9074172973633,41.1440620422363,41.5113754272461,39.745719909668,37.2005195617676,34.7627868652344,32.290699005127,32.0743942260742,32.4348602294922,35.7358360290527,37.5080032348633,36.4366874694824,35.7041473388672,36.1210708618164,38.7246856689453,41.42041015625,42.6419982910156,43.2680969238281,43.3775215148926,43.362720489502,43.1792297363281,43.0134086608887,-9999,-9999,-9999,-9999,-9999,-9999,-9999,-9999,-9999,-9999,-9999,-9999,-9999,-9999,-9999,-9999,-9999,-9999,-9999,41.1701278686523,41.014778137207,40.7668266296387,40.406867980957,39.9687309265137,39.7219200134277,39.5510673522949,39.7225151062012,39.9488143920898,39.0696830749512,37.9786376953125,35.3186454772949,32.4045524597168,30.8922061920166,27.8857612609863,22.5893516540527,21.0060501098633,22.9538726806641,27.1550350189209,31.9720306396484,33.591194152832,34.5904121398926,38.1677856445313,41.2942085266113,39.5930519104004,38.440601348877,39.455135345459,36.4132843017578,34.7486953735352,-9999,-9999,-9999,-9999,-9999,-9999,-9999,-9999,-9999,-9999,-9999,-9999,-9999,-9999,-9999,-9999
-9999,-9999,-9999,-9999,-9999,-9999,-9999,-9999,-9999,-9999,30.8859672546387,32.7544631958008,34.3304100036621,32.0284233093262,31.6739730834961,29.5544052124023,31.7072353363037,36.0956497192383,35.4736061096191,32.9197273254395,35.7340698242188,38.8363151550293,38.5899848937988,37.756965637207,37.291259765625,37.495548248291,40.4268112182617,41.7429428100586,41.7419967651367,41.8386917114258,43.0993766784668,43.2392196655273,43.1782112121582,43.039176940918,42.8265533447266,42.5270385742188,42.5326538085938,42.4735717773438,42.0595932006836,41.8256874084473,41.6887283325195,41.3519020080566,41.3909759521484,41.3710823059082,41.4361610412598,41.6486854553223,42.0400810241699,42.3097686767578,41.2443656921387,39.4468269348145,36.7063980102539,33.6710586547852,33.3438873291016,33.8292808532715,36.2761192321777,37.9371604919434,37.6501045227051,37.7510833740234,38.2215156555176,39.858528137207,41.8229484558105,42.5943450927734,42.9111099243164,42.9551811218262,42.9357643127441,42.8471260070801,-9999,-9999,-9999,-9999,-9999,-9999,-9999,-9999,-9999,-9999,-9999,-9999,-9999,-9999,-9999,-9999,-9999,-9999,-9999,-9999,-9999,40.7103652954102,40.4604530334473,40.1213760375977,39.720703125,39.4742050170898,39.2829132080078,39.3508110046387,39.4558753967285,39.3105163574219,38.8955307006836,36.4087333679199,33.5767211914063,31.9411334991455,29.4170227050781,25.0223922729492,21.8117332458496,20.8418006896973,23.1592864990234,27.2031097412109,30.3155822753906,33.2069892883301,37.0091018676758,40.2382850646973,38.1186370849609,36.4573059082031,38.0818328857422,35.6504096984863,32.9990730285645,-9999,-9999,-9999,-9999,-9999,-9999,-9999,-9999,-9999,-9999,-9999,-9999,-9999,-9999,-9999,-9999
-9999,-9999,-9999,-9999,-9999,-9999,-9999,-9999,27.7320384979248,28.7689247131348,29.1405239105225,29.1338863372803,30.0741729736328,32.1796493530273,31.4480590820313,29.6490859985352,31.7145557403564,36.3070068359375,36.4436492919922,35.144702911377,37.7816963195801,40.656795501709,39.9051551818848,39.5578689575195,39.2242240905762,38.9599838256836,39.2910652160645,39.5656852722168,39.0630798339844,40.2677383422852,43.1770820617676,44.2094345092773,44.171516418457,44.2197227478027,44.0977745056152,44.0151519775391,43.688289642334,43.4016151428223,43.2787895202637,43.1064300537109,42.8678970336914,42.6475982666016,42.5163192749023,42.4614791870117,42.3719673156738,42.3579368591309,42.4200706481934,42.4445877075195,42.5212326049805,42.4946060180664,40.4962730407715,37.9102439880371,38.1923332214355,38.2712440490723,38.5127830505371,38.4347991943359,38.136791229248,38.6740913391113,40.2120780944824,41.380485534668,41.9278411865234,42.1894149780273,-9999,-9999,-9999,-9999,-9999,-9999,-9999,-9999,-9999,-9999,-9999,-9999,-9999,-9999,-9999,-9999,-9999,-9999,-9999,-9999,-9999,-9999,-9999,-9999,-9999,-9999,40.1121253967285,39.8003959655762,39.4611358642578,39.2542381286621,39.0955238342285,39.0685958862305,39.0634880065918,39.2837944030762,39.3082504272461,37.8426094055176,35.822452545166,32.6026916503906,30.1303405761719,29.0846061706543,25.8191452026367,20.1808929443359,19.8940486907959,22.5165519714355,28.3516635894775,33.6706047058105,35.2641181945801,36.6330909729004,35.151180267334,34.1726379394531,36.3725547790527,34.4224624633789,33.5081253051758,-9999,-9999,-9999,-9999,-9999,-9999,-9999,-9999,-9999,-9999,-9999,-9999,-9999,-9999,-9999,-9999
-9999,-9999,-9999,-9999,-9999,-9999,-9999,-9999,26.1775360107422,27.6616725921631,28.7643566131592,28.3106880187988,28.5598735809326,29.0718879699707,29.6341705322266,30.4474353790283,33.4715423583984,37.4250450134277,37.6693000793457,36.4316711425781,37.7762641906738,39.2532653808594,40.3958206176758,40.9915885925293,40.8025741577148,40.6015815734863,40.2007293701172,39.807502746582,39.5616149902344,40.301399230957,42.111400604248,42.6582489013672,42.5004997253418,42.3950805664063,42.1880874633789,41.9785614013672,41.9101409912109,41.6944847106934,41.5176010131836,41.2881507873535,41.1774063110352,41.0021362304688,41.2264709472656,41.9748878479004,42.260196685791,42.2092132568359,42.1153259277344,41.9750671386719,42.1086082458496,42.2454948425293,41.1860122680664,40.006175994873,40.242015838623,40.3713073730469,40.250732421875,40.0602989196777,39.7546501159668,40.0966415405273,40.9828987121582,41.5338859558105,41.8391609191895,41.9592437744141,-9999,-9999,-9999,-9999,-9999,-9999,-9999,-9999,-9999,-9999,-9999,-9999,-9999,-9999,-9999,-9999,-9999,-9999,-9999,-9999,-9999,-9999,-9999,-9999,-9999,-9999,-9999,-9999,39.0675086975098,38.9018516540527,38.779125213623,38.7267456054688,38.6828002929688,38.8976974487305,38.973518371582,38.0323867797852,36.7890777587891,34.4553146362305,32.3801879882813,30.4922962188721,27.7734375,23.9083633422852,21.6203689575195,20.1198234558105,24.6098480224609,29.9376182556152,31.128963470459,32.2883911132813,31.5896663665771,31.4992294311523,34.4663391113281,31.3716526031494,30.4650592803955,-9999,-9999,-9999,-9999,-9999,-9999,-9999,-9999,-9999,-9999,-9999,-9999,-9999,-9999,-9999,-9999
-9999,-9999,-9999,-9999,-9999,-9999,20.6496829986572,26.1374549865723,26.2678127288818,26.1441173553467,27.5932140350342,28.4359664916992,28.000524520874,26.0897827148438,27.4381637573242,32.0837745666504,35.9455528259277,39.0872535705566,39.618824005127,38.5080451965332,37.7996940612793,37.2460746765137,39.9373512268066,42.0051765441895,42.0072135925293,41.9216270446777,41.5981407165527,41.2450637817383,40.8857307434082,40.6649322509766,40.3699378967285,40.0719451904297,39.7538871765137,39.506591796875,39.3152847290039,39.1312065124512,38.9439964294434,38.8981819152832,38.8594169616699,38.747444152832,38.639965057373,38.5097618103027,39.2344398498535,41.1559600830078,41.9622383117676,41.8581008911133,41.5928916931152,41.2385025024414,41.0218238830566,40.8070831298828,40.9254531860352,41.0661392211914,41.2685661315918,41.4727020263672,41.4708976745605,41.3982696533203,41.1259307861328,40.9744148254395,40.9943771362305,41.2538681030273,41.701416015625,-9999,-9999,-9999,-9999,-9999,-9999,-9999,-9999,-9999,-9999,-9999,-9999,-9999,-9999,-9999,-9999,-9999,-9999,-9999,-9999,-9999,-9999,-9999,-9999,-9999,-9999,-9999,-9999,-9999,-9999,-9999,-9999,38.3632469177246,38.3024826049805,38.4122009277344,38.4458465576172,37.9331550598145,37.3745040893555,36.5631637573242,34.816032409668,31.2639846801758,28.9587001800537,28.1970672607422,24.6566925048828,18.5438919067383,20.5472965240479,24.3024787902832,25.8327713012695,26.9558067321777,27.3176879882813,28.2816982269287,32.3188323974609,29.8669986724854,-9999,-9999,-9999,-9999,-9999,-9999,-9999,-9999,-9999,-9999,-9999,-9999,-9999,-9999,-9999,-9999,-9999
-9999,-9999,-9999,-9999,-9999,-9999,26.056001663208,26.1273345947266,25.8445739746094,25.9382495880127,26.1200885772705,29.1347274780273,30.8827228546143,31.8998050689697,33.1698303222656,34.8709259033203,37.2474327087402,40.0654754638672,40.1396293640137,39.3346366882324,38.859489440918,38.3233108520508,40.3974838256836,42.0944747924805,42.0551223754883,41.9101028442383,41.7052116394043,41.5169486999512,41.1658058166504,40.7963409423828,40.3629608154297,40.1011924743652,39.8412017822266,39.5529098510742,39.2699394226074,39.4500732421875,39.7013320922852,39.6525115966797,39.5793075561523,39.4259262084961,39.2884368896484,39.2197113037109,39.6040954589844,40.6640968322754,41.1246719360352,41.0711631774902,40.8602676391602,40.5510330200195,40.4331932067871,40.3764801025391,40.4998550415039,40.6431465148926,40.7390556335449,40.825813293457,40.8724784851074,40.8566741943359,40.6736831665039,40.5517578125,40.5117111206055,-9999,-9999,-9999,-9999,-9999,-9999,-9999,-9999,-9999,-9999,-9999,-9999,-9999,-9999,-9999,-9999,-9999,-9999,-9999,-9999,-9999,-9999,-9999,-9999,-9999,-9999,-9999,-9999,-9999,-9999,-9999,-9999,-9999,-9999,-9999,37.8975524902344,37.9577369689941,37.9877052307129,37.8092994689941,37.5348815917969,36.9782295227051,35.9432106018066,34.0928077697754,31.8028373718262,29.1540546417236,26.2389831542969,22.7840232849121,21.6591758728027,21.1767253875732,24.2667026519775,27.5207004547119,28.66672706604,29.7187747955322,31.6048107147217,29.5797367095947,29.9016876220703,28.07594871521,-9999,-9999,-9999,-9999,-9999,-9999,-9999,-9999,-9999,-9999,-9999,-9999,-9999,-9999,-9999
-9999,-9999,-9999,-9999,25.2216491699219,26.7611122131348,26.1945304870605,26.0482749938965,25.9090919494629,25.913106918335,26.8351726531982,31.3162593841553,34.7709884643555,37.4539756774902,38.3297805786133,37.3116836547852,38.3116035461426,40.4986000061035,40.712345123291,40.1820831298828,39.7141189575195,39.2263946533203,40.3437881469727,41.3395843505859,41.4288139343262,41.4783935546875,41.3624153137207,41.2112121582031,41.0299377441406,40.7809295654297,40.4956092834473,40.2110176086426,39.9232368469238,39.6061553955078,39.3078079223633,39.8982200622559,40.5810241699219,40.4957809448242,40.396858215332,40.1877555847168,40.0234985351563,39.9911613464355,40.0057678222656,40.0914459228516,40.1327056884766,40.1344146728516,40.0065689086914,39.8023376464844,39.8666458129883,40.0029220581055,40.0464515686035,40.0763282775879,40.0583877563477,40.0558547973633,-9999,-9999,-9999,-9999,-9999,-9999,-9999,-9999,-9999,-9999,-9999,-9999,-9999,-9999,-9999,-9999,-9999,-9999,-9999,-9999,-9999,-9999,-9999,-9999,-9999,-9999,-9999,-9999,-9999,-9999,-9999,-9999,-9999,-9999,-9999,-9999,-9999,-9999,-9999,-9999,-9999,37.4985694885254,37.5294647216797,37.6688919067383,37.6513519287109,37.1639251708984,36.8188095092773,36.6114845275879,34.3876914978027,30.0004768371582,27.8315982818604,26.7306537628174,22.8920440673828,17.7706146240234,22.9418449401855,28.0408306121826,29.8851051330566,31.3305397033691,30.9441032409668,22.3275413513184,22.620231628418,28.1101226806641,28.9021682739258,-9999,-9999,-9999,-9999,-9999,-9999,-9999,-9999,-9999,-9999,-9999,-9999,-9999,-9999
-9999,-9999,-9999,-9999,30.9235420227051,28.2284736633301,27.3706531524658,25.7522029876709,26.2371063232422,28.1368713378906,30.3481979370117,33.5531959533691,36.1411209106445,38.1322746276855,39.1493797302246,39.2312545776367,39.6623229980469,40.3666305541992,40.1919937133789,39.6992607116699,39.9606132507324,40.3493690490723,40.7463073730469,41.096492767334,41.1067886352539,41.1102409362793,41.0627861022949,40.9874038696289,40.8462715148926,40.6713943481445,40.4589157104492,40.2648620605469,40.0855979919434,39.9313583374023,39.7789115905762,39.9852180480957,40.2310256958008,40.0303649902344,39.8187026977539,39.5307769775391,39.2855987548828,39.1737289428711,39.1090660095215,39.1160507202148,39.1145896911621,39.109935760498,39.030647277832,-9999,-9999,-9999,-9999,-9999,-9999,-9999,-9999,-9999,-9999,-9999,-9999,-9999,-9999,-9999,-9999,-9999,-9999,-9999,-9999,-9999,-9999,-9999,-9999,-9999,-9999,-9999,-9999,-9999,-9999,-9999,-9999,-9999,-9999,-9999,-9999,-9999,-9999,-9999,-9999,-9999,-9999,-9999,-9999,-9999,-9999,-9999,-9999,-9999,37.1344337463379,37.2493705749512,37.2913246154785,37.1223793029785,36.6640396118164,35.6689682006836,33.406810760498,29.7994117736816,27.8520965576172,26.7165279388428,22.2889881134033,16.1610469818115,19.6469097137451,23.4919147491455,25.0961132049561,26.4849262237549,27.244556427002,28.1056957244873,21.4671058654785,26.814754486084,24.6996555328369,-9999,-9999,-9999,-9999,-9999,-9999,-9999,-9999,-9999,-9999,-9999,-9999,-9999,-9999
-9999,-9999,-9999,-9999,-9999,30.6297206878662,28.6808204650879,28.7478065490723,27.4565391540527,31.2665061950684,34.0963897705078,35.951416015625,37.5290641784668,38.7569885253906,39.6862945556641,40.3961029052734,40.370719909668,39.8374671936035,39.5083770751953,39.2529983520508,-9999,-9999,-9999,-9999,-9999,-9999,-9999,-9999,-9999,-9999,-9999,-9999,-9999,40.0087585449219,39.9637222290039,39.8523750305176,39.7328453063965,39.4382019042969,-9999,-9999,-9999,-9999,-9999,-9999,-9999,-9999,-9999,-9999,-9999,-9999,-9999,-9999,-9999,-9999,-9999,-9999,-9999,-9999,-9999,-9999,-9999,-9999,-9999,-9999,-9999,-9999,-9999,-9999,-9999,-9999,-9999,-9999,-9999,-9999,-9999,-9999,-9999,-9999,-9999,-9999,-9999,-9999,-9999,-9999,-9999,-9999,-9999,-9999,-9999,-9999,-9999,-9999,-9999,-9999,-9999,-9999,36.7465019226074,36.8578300476074,36.9627456665039,37.0599975585938,36.5822296142578,35.0933265686035,33.0346527099609,30.3090553283691,28.379955291748,26.8539924621582,22.1197872161865,15.9034671783447,16.9033985137939,18.8623352050781,20.4922561645508,22.053882598877,23.4648971557617,24.6498355865479,24.9716396331787,22.1582088470459,-9999,-9999,-9999,-9999,-9999,-9999,-9999,-9999,-9999,-9999,-9999,-9999,-9999,-9999,-9999
-9999,-9999,-9999,-9999,-9999,30.2271976470947,30.430305480957,31.1028022766113,32.3815536499023,36.2332077026367,38.9898719787598,39.4262428283691,39.817268371582,40.4176025390625,40.6784133911133,40.5678253173828,40.1869049072266,39.6086845397949,-9999,-9999,-9999,-9999,-9999,-9999,-9999,-9999,-9999,-9999,-9999,-9999,-9999,-9999,-9999,-9999,-9999,-9999,-9999,-9999,-9999,-9999,-9999,-9999,-9999,-9999,-9999,-9999,-9999,-9999,-9999,-9999,-9999,-9999,-9999,-9999,-9999,-9999,-9999,-9999,-9999,-9999,-9999,-9999,-9999,-9999,-9999,-9999,-9999,-9999,-9999,-9999,-9999,-9999,-9999,-9999,-9999,-9999,-9999,-9999,-9999,-9999,-9999,-9999,-9999,-9999,-9999,-9999,-9999,-9999,-9999,-9999,-9999,-9999,-9999,-9999,-9999,-9999,-9999,36.6173629760742,36.7901191711426,36.8950500488281,36.8002662658691,36.365478515625,35.438060760498,33.9382019042969,31.2444477081299,27.6368827819824,24.4826469421387,21.4559211730957,18.7513160705566,16.0135650634766,19.764720916748,22.0679721832275,20.5722389221191,20.4778747558594,21.5875358581543,19.0212116241455,-9999,-9999,-9999,-9999,-9999,-9999,-9999,-9999,-9999,-9999,-9999,-9999,-9999,-9999,-9999
-9999,-9999,30.5652446746826,30.3807277679443,30.6047534942627,30.0738945007324,30.7182579040527,33.1465797424316,36.3564643859863,39.452320098877,41.6172332763672,41.2756690979004,41.0564994812012,41.2890129089355,41.1024398803711,40.4044799804688,39.7630805969238,-9999,-9999,-9999,-9999,-9999,-9999,-9999,-9999,-9999,-9999,-9999,-9999,-9999,-9999,-9999,-9999,-9999,-9999,-9999,-9999,-9999,-9999,-9999,-9999,-9999,-9999,-9999,-9999,-9999,-9999,-9999,-9999,-9999,-9999,-9999,-9999,-9999,-9999,-9999,-9999,-9999,-9999,-9999,-9999,-9999,-9999,-9999,-9999,-9999,-9999,-9999,-9999,-9999,-9999,-9999,-9999,-9999,-9999,-9999,-9999,-9999,-9999,-9999,-9999,-9999,-9999,-9999,-9999,-9999,-9999,-9999,-9999,-9999,-9999,-9999,-9999,-9999,-9999,-9999,-9999,36.3561744689941,36.5760231018066,36.6771697998047,36.8407821655273,37.0992088317871,36.9724082946777,36.3945541381836,33.842098236084,29.760721206665,27.1027412414551,24.9805850982666,20.5865631103516,15.701678276062,18.9871883392334,21.0667915344238,17.8309688568115,16.8768424987793,21.1734256744385,17.7201862335205,-9999,-9999,-9999,-9999,-9999,-9999,-9999,-9999,-9999,-9999,-9999,-9999,-9999,-9999,-9999
-9999,-9999,-9999,-9999,30.6587677001953,30.1810264587402,30.9690628051758,35.3065910339355,39.0579795837402,40.1538925170898,40.8006973266602,40.647705078125,40.537410736084,40.6413269042969,40.3205413818359,39.4857330322266,-9999,-9999,-9999,-9999,-9999,-9999,-9999,-9999,-9999,-9999,-9999,-9999,-9999,-9999,-9999,-9999,-9999,-9999,-9999,-9999,-9999,-9999,-9999,-9999,-9999,-9999,-9999,-9999,-9999,-9999,-9999,-9999,-9999,-9999,-9999,-9999,-9999,-9999,-9999,-9999,-9999,-9999,-9999,-9999,-9999,-9999,-9999,-9999,-9999,-9999,-9999,-9999,-9999,-9999,-9999,-9999,-9999,-9999,-9999,-9999,-9999,-9999,-9999,-9999,-9999,-9999,-9999,-9999,-9999,-9999,-9999,-9999,-9999,-9999,-9999,-9999,-9999,-9999,-9999,-9999,-9999,36.0529518127441,36.2727279663086,36.3412857055664,36.4934463500977,36.7739334106445,36.9487915039063,36.976490020752,36.0266418457031,34.3623237609863,30.453498840332,25.5549411773682,22.9106960296631,20.7103576660156,18.8471069335938,17.3446006774902,16.3089618682861,15.9934043884277,17.4339790344238,18.9305801391602,-9999,-9999,-9999,-9999,-9999,-9999,-9999,-9999,-9999,-9999,-9999,-9999,-9999,-9999,-9999
-9999,-9999,-9999,-9999,30.8388862609863,30.7469310760498,31.5527858734131,36.4464225769043,40.4321098327637,40.4845390319824,40.2760391235352,40.3656463623047,40.3497924804688,40.1498374938965,39.6143226623535,-9999,-9999,-9999,-9999,-9999,-9999,-9999,-9999,-9999,-9999,-9999,-9999,-9999,-9999,-9999,-9999,-9999,-9999,-9999,-9999,-9999,-9999,-9999,-9999,-9999,-9999,-9999,-9999,-9999,-9999,-9999,-9999,-9999,-9999,-9999,-9999,-9999,-9999,-9999,-9999,-9999,-9999,-9999,-9999,-9999,-9999,-9999,-9999,-9999,-9999,-9999,-9999,-9999,-9999,-9999,-9999,-9999,-9999,-9999,-9999,-9999,-9999,-9999,-9999,-9999,-9999,-9999,-9999,-9999,-9999,-9999,-9999,-9999,-9999,-9999,-9999,-9999,-9999,-9999,-9999,-9999,-9999,35.7081146240234,35.9363059997559,35.979190826416,36.0903205871582,36.3021926879883,36.5561180114746,36.8440856933594,36.7549819946289,36.375186920166,32.1137771606445,25.9546566009521,24.2934799194336,23.1027641296387,18.631778717041,14.1979331970215,15.1938171386719,15.8184003829956,15.9593029022217,16.7119789123535,13.6849269866943,-9999,-9999,-9999,-9999,-9999,-9999,-9999,-9999,-9999,-9999,-9999,-9999,-9999,-9999
-9999,-9999,-9999,-9999,31.128698348999,31.0101680755615,32.0887680053711,36.6849555969238,40.4009017944336,40.420768737793,40.2353820800781,40.5688171386719,40.5705108642578,39.8671569824219,39.0212478637695,-9999,-9999,-9999,-9999,-9999,-9999,-9999,-9999,-9999,-9999,-9999,-9999,-9999,-9999,-9999,-9999,-9999,-9999,-9999,-9999,-9999,-9999,-9999,-9999,-9999,-9999,-9999,-9999,-9999,-9999,-9999,-9999,-9999,-9999,-9999,-9999,-9999,-9999,-9999,-9999,-9999,-9999,-9999,-9999,-9999,-9999,-9999,-9999,-9999,-9999,-9999,-9999,-9999,-9999,-9999,-9999,-9999,-9999,-9999,-9999,-9999,-9999,-9999,-9999,-9999,-9999,-9999,-9999,-9999,-9999,-9999,-9999,-9999,-9999,-9999,-9999,-9999,-9999,-9999,-9999,-9999,-9999,35.310173034668,35.5583648681641,35.5847015380859,35.6121139526367,35.6317520141602,35.6764144897461,35.7412528991699,35.7068901062012,35.5796127319336,31.7223796844482,26.1564846038818,24.3255996704102,22.9201412200928,17.3819217681885,12.8327264785767,15.186333656311,16.537166595459,17.1418018341064,17.7497406005859,18.5893630981445,13.9051294326782,-9999,-9999,-9999,-9999,-9999,-9999,-9999,-9999,-9999,-9999,-9999,-9999,-9999
-9999,-9999,-9999,-9999,26.6318340301514,31.1772632598877,32.199275970459,36.0015907287598,38.9121055603027,39.1306228637695,39.1974258422852,40.0769424438477,40.3762702941895,39.5417022705078,-9999,-9999,-9999,-9999,-9999,-9999,-9999,-9999,-9999,-9999,-9999,-9999,-9999,-9999,-9999,-9999,-9999,-9999,-9999,-9999,-9999,-9999,-9999,-9999,-9999,-9999,-9999,-9999,-9999,-9999,-9999,-9999,-9999,-9999,-9999,-9999,-9999,-9999,-9999,-9999,-9999,-9999,-9999,-9999,-9999,-9999,-9999,-9999,-9999,-9999,-9999,-9999,-9999,-9999,-9999,-9999,-9999,-9999,-9999,-9999,-9999,-9999,-9999,-9999,-9999,-9999,-9999,-9999,-9999,-9999,-9999,-9999,-9999,-9999,-9999,-9999,-9999,-9999,-9999,-9999,-9999,-9999,-9999,34.8756904602051,35.1420669555664,35.1832313537598,35.180347442627,35.0958824157715,35.0920677185059,35.1663818359375,34.9950904846191,34.6700439453125,32.4670448303223,29.5054111480713,26.3692207336426,22.8736419677734,18.5501651763916,14.7334318161011,15.1664953231812,16.1364288330078,16.5402755737305,17.3983612060547,18.389533996582,18.9564094543457,16.9324626922607,16.6889209747314,-9999,-9999,-9999,-9999,-9999,-9999,-9999,-9999,-9999,-9999,-9999
-9999,-9999,-9999,-9999,29.2517280578613,31.3950023651123,32.7002410888672,34.2570762634277,36.1597328186035,36.6490592956543,37.3174476623535,39.0347328186035,39.8651733398438,39.184741973877,-9999,-9999,-9999,-9999,-9999,-9999,-9999,-9999,-9999,-9999,-9999,-9999,-9999,-9999,-9999,-9999,-9999,-9999,-9999,-9999,-9999,-9999,-9999,-9999,-9999,-9999,-9999,-9999,-9999,-9999,-9999,-9999,-9999,-9999,-9999,-9999,-9999,-9999,-9999,-9999,-9999,-9999,-9999,-9999,-9999,-9999,-9999,-9999,-9999,-9999,-9999,-9999,-9999,-9999,-9999,-9999,-9999,-9999,-9999,-9999,-9999,-9999,-9999,-9999,-9999,-9999,-9999,-9999,-9999,-9999,-9999,-9999,-9999,-9999,-9999,-9999,-9999,-9999,-9999,-9999,-9999,-9999,-9999,-9999,34.693962097168,34.7746543884277,34.7830009460449,34.6663856506348,34.7443084716797,35.0113792419434,34.5577812194824,33.6392784118652,33.9455909729004,34.5353889465332,29.6060829162598,23.0917587280273,21.1532974243164,19.0377655029297,15.7793855667114,13.6555490493774,14.2086868286133,15.5696487426758,17.7124214172363,18.7135639190674,18.8618621826172,-9999,-9999,-9999,-9999,-9999,-9999,-9999,-9999,-9999,-9999,-9999,-9999
-9999,-9999,-9999,-9999,28.686939239502,30.6482543945313,30.5752506256104,31.2264499664307,32.5094223022461,34.7349281311035,36.891975402832,38.2745361328125,38.9636573791504,38.734920501709,-9999,-9999,-9999,-9999,-9999,-9999,-9999,-9999,-9999,-9999,-9999,-9999,-9999,-9999,-9999,-9999,-9999,-9999,-9999,-9999,-9999,-9999,-9999,-9999,-9999,-9999,-9999,-9999,-9999,-9999,-9999,-9999,-9999,-9999,-9999,-9999,-9999,-9999,-9999,-9999,-9999,-9999,-9999,-9999,-9999,-9999,-9999,-9999,-9999,-9999,-9999,-9999,-9999,-9999,-9999,-9999,-9999,-9999,-9999,-9999,-9999,-9999,-9999,-9999,-9999,-9999,-9999,-9999,-9999,-9999,-9999,-9999,-9999,-9999,-9999,-9999,-9999,-9999,-9999,-9999,-9999,-9999,-9999,-9999,34.2856979370117,34.3819313049316,34.403450012207,34.2974891662598,34.4252738952637,34.7744026184082,34.5337142944336,33.923770904541,34.787525177002,35.965446472168,30.6239414215088,23.3499145507813,21.9928779602051,19.9865379333496,15.458348274231,12.0705652236938,12.4073419570923,13.8582792282104,16.9955768585205,23.6020450592041,31.8452377319336,29.9954204559326,33.9399223327637,-9999,-9999,-9999,-9999,-9999,-9999,-9999,-9999,-9999,-9999
-9999,-9999,-9999,-9999,-9999,22.105525970459,28.0852661132813,28.8694229125977,28.6176700592041,33.1806640625,36.8158760070801,37.4888458251953,37.8538093566895,38.2383422851563,-9999,-9999,-9999,-9999,-9999,-9999,-9999,-9999,-9999,-9999,-9999,-9999,-9999,-9999,-9999,-9999,-9999,-9999,-9999,-9999,-9999,-9999,-9999,-9999,-9999,-9999,-9999,-9999,-9999,-9999,-9999,-9999,-9999,-9999,-9999,-9999,-9999,-9999,-9999,-9999,-9999,-9999,-9999,-9999,-9999,-9999,-9999,-9999,-9999,-9999,-9999,-9999,-9999,-9999,-9999,-9999,-9999,-9999,-9999,-9999,-9999,-9999,-9999,-9999,-9999,-9999,-9999,-9999,-9999,-9999,-9999,-9999,-9999,-9999,-9999,-9999,-9999,-9999,-9999,-9999,-9999,-9999,-9999,-9999,33.8913879394531,33.9929237365723,34.0290489196777,33.9564552307129,34.118724822998,34.4993324279785,34.6929931640625,34.7654685974121,35.4307556152344,36.1135864257813,30.763162612915,23.7585315704346,22.1201858520508,19.8261184692383,14.9084558486938,11.0986833572388,10.7980318069458,12.2063035964966,16.072681427002,23.0613384246826,31.5662231445313,34.4537239074707,35.5134315490723,31.9886207580566,-9999,-9999,-9999,-9999,-9999,-9999,-9999,-9999,-9999
-9999,-9999,-9999,-9999,-9999,25.1417217254639,26.4916896820068,26.1830463409424,27.7300453186035,33.015811920166,36.7296409606934,37.1745262145996,37.5536766052246,38.0403823852539,-9999,-9999,-9999,-9999,-9999,-9999,-9999,-9999,-9999,-9999,-9999,-9999,-9999,-9999,-9999,-9999,-9999,-9999,-9999,-9999,-9999,-9999,-9999,-9999,-9999,-9999,-9999,-9999,-9999,-9999,-9999,-9999,-9999,-9999,-9999,-9999,-9999,-9999,-9999,-9999,-9999,-9999,-9999,-9999,-9999,-9999,-9999,-9999,-9999,-9999,-9999,-9999,-9999,-9999,-9999,-9999,-9999,-9999,-9999,-9999,-9999,-9999,-9999,-9999,-9999,-9999,-9999,-9999,-9999,-9999,-9999,-9999,-9999,-9999,-9999,-9999,-9999,-9999,-9999,-9999,-9999,-9999,-9999,-9999,33.5038833618164,33.6131019592285,33.6678466796875,33.6395263671875,33.7820320129395,34.078498840332,34.2830772399902,34.4161415100098,35.1214294433594,35.8386192321777,30.7878131866455,24.0498886108398,22.2775325775146,19.9798831939697,14.7027454376221,10.9829320907593,11.6374664306641,13.5293769836426,17.0077133178711,22.6833000183105,28.7814788818359,33.4195442199707,37.285400390625,37.8350143432617,-9999,-9999,-9999,-9999,-9999,-9999,-9999,-9999,-9999
-9999,-9999,-9999,-9999,-9999,25.1067047119141,25.2376670837402,26.0311546325684,27.3892860412598,32.8990440368652,36.8368759155273,37.1126556396484,37.4219665527344,37.9060974121094,-9999,-9999,-9999,-9999,-9999,-9999,-9999,-9999,-9999,-9999,-9999,-9999,-9999,-9999,-9999,-9999,-9999,-9999,-9999,-9999,-9999,-9999,-9999,-9999,-9999,-9999,-9999,-9999,-9999,-9999,-9999,-9999,-9999,-9999,-9999,-9999,-9999,-9999,-9999,-9999,-9999,-9999,-9999,-9999,-9999,-9999,-9999,-9999,-9999,-9999,-9999,-9999,-9999,-9999,-9999,-9999,-9999,-9999,-9999,-9999,-9999,-9999,-9999,-9999,-9999,-9999,-9999,-9999,-9999,-9999,-9999,-9999,-9999,-9999,-9999,-9999,-9999,-9999,-9999,-9999,-9999,-9999,-9999,-9999,-9999,33.2308197021484,33.3060073852539,33.3260498046875,33.4371795654297,33.625804901123,33.7481498718262,33.8070907592773,34.6437568664551,35.5213813781738,30.7192516326904,24.2977142333984,22.6327056884766,20.3381423950195,14.7010593414307,10.9303970336914,12.8978052139282,15.4486198425293,18.3321151733398,21.9674491882324,25.9492816925049,31.0061836242676,37.148136138916,38.2079315185547,-9999,-9999,-9999,-9999,-9999,-9999,-9999,-9999,-9999
-9999,-9999,-9999,-9999,-9999,-9999,24.3032913208008,24.8244514465332,25.9767055511475,32.1694374084473,36.3797302246094,36.8374977111816,37.1735076904297,-9999,-9999,-9999,-9999,-9999,-9999,-9999,-9999,-9999,-9999,-9999,-9999,-9999,-9999,-9999,-9999,-9999,-9999,-9999,-9999,-9999,-9999,-9999,-9999,-9999,-9999,-9999,-9999,-9999,-9999,-9999,-9999,-9999,-9999,-9999,-9999,-9999,-9999,-9999,-9999,-9999,-9999,-9999,-9999,-9999,-9999,-9999,-9999,-9999,-9999,-9999,-9999,-9999,-9999,-9999,-9999,-9999,-9999,-9999,-9999,-9999,-9999,-9999,-9999,-9999,-9999,-9999,-9999,-9999,-9999,-9999,-9999,-9999,-9999,-9999,-9999,-9999,-9999,-9999,-9999,-9999,-9999,-9999,-9999,-9999,-9999,32.9610061645508,33.0615043640137,33.1218910217285,33.2213325500488,33.3491096496582,33.6706886291504,34.084300994873,34.6058807373047,35.0051803588867,30.4703636169434,24.5807094573975,22.9736862182617,21.0683479309082,17.7356071472168,14.9929065704346,13.5602493286133,13.5896329879761,14.9047164916992,19.2343940734863,25.5759620666504,29.8046817779541,32.6528053283691,34.0633697509766,-9999,-9999,-9999,-9999,-9999,-9999,-9999,-9999,-9999
-9999,-9999,-9999,-9999,-9999,-9999,22.8365211486816,22.5253772735596,24.5689506530762,31.2608833312988,36.0414924621582,36.5569114685059,36.9066352844238,-9999,-9999,-9999,-9999,-9999,-9999,-9999,-9999,-9999,-9999,-9999,-9999,-9999,-9999,-9999,-9999,-9999,-9999,-9999,-9999,-9999,-9999,-9999,-9999,-9999,-9999,-9999,-9999,-9999,-9999,-9999,-9999,-9999,-9999,-9999,-9999,-9999,-9999,-9999,-9999,-9999,-9999,-9999,-9999,-9999,-9999,-9999,-9999,-9999,-9999,-9999,-9999,-9999,-9999,-9999,-9999,-9999,-9999,-9999,-9999,-9999,-9999,-9999,-9999,-9999,-9999,-9999,-9999,-9999,-9999,-9999,-9999,-9999,-9999,-9999,-9999,-9999,-9999,-9999,-9999,-9999,-9999,-9999,-9999,-9999,-9999,32.7047805786133,32.8277473449707,32.9190711975098,33.0069122314453,33.0840339660645,33.5928955078125,34.3347129821777,34.5551147460938,34.509578704834,30.2512302398682,24.8359851837158,23.3551750183105,21.8451652526855,20.6933441162109,18.6440238952637,14.1773118972778,11.3672723770142,11.2462692260742,16.4305419921875,25.1665897369385,27.6775684356689,27.9754981994629,24.0260124206543,17.6602973937988,15.8992919921875,-9999,-9999,-9999,-9999,-9999,-9999,-9999
-9999,-9999,-9999,-9999,-9999,-9999,21.5114784240723,21.9161777496338,22.8760261535645,30.2397804260254,35.2871627807617,36.0075912475586,36.628360748291,-9999,-9999,-9999,-9999,-9999,-9999,-9999,-9999,-9999,-9999,-9999,-9999,-9999,-9999,-9999,-9999,-9999,-9999,-9999,-9999,-9999,-9999,-9999,-9999,-9999,-9999,-9999,-9999,-9999,-9999,-9999,-9999,-9999,-9999,-9999,-9999,-9999,-9999,-9999,-9999,-9999,-9999,-9999,-9999,-9999,-9999,-9999,-9999,-9999,-9999,-9999,-9999,-9999,-9999,-9999,-9999,-9999,-9999,-9999,-9999,-9999,-9999,-9999,-9999,-9999,-9999,-9999,-9999,-9999,-9999,-9999,-9999,-9999,-9999,-9999,-9999,-9999,-9999,-9999,-9999,-9999,-9999,-9999,-9999,-9999,-9999,32.5709342956543,32.6644439697266,32.6894302368164,32.7499542236328,32.8337249755859,33.3230934143066,34.0332450866699,34.2617492675781,34.271110534668,30.1634883880615,24.974983215332,23.6097927093506,22.2251853942871,20.9515647888184,18.6446914672852,13.9394683837891,11.5317354202271,12.6944808959961,15.9899444580078,20.760425567627,21.85910987854,21.5319709777832,19.9348278045654,17.454948425293,13.5306644439697,8.06247138977051,-9999,-9999,-9999,-9999,-9999,-9999
-9999,-9999,-9999,-9999,-9999,-9999,-9999,-9999,-9999,-9999,-9999,-9999,-9999,-9999,-9999,-9999,-9999,-9999,-9999,-9999,-9999,-9999,-9999,-9999,-9999,-9999,-9999,-9999,-9999,-9999,-9999,-9999,-9999,-9999,-9999,-9999,-9999,-9999,-9999,-9999,-9999,-9999,-9999,-9999,-9999,-9999,-9999,-9999,-9999,-9999,-9999,-9999,-9999,-9999,-9999,-9999,-9999,-9999,-9999,-9999,-9999,-9999,-9999,-9999,-9999,-9999,-9999,-9999,-9999,-9999,-9999,-9999,-9999,-9999,-9999,-9999,-9999,-9999,-9999,-9999,-9999,-9999,-9999,-9999,-9999,-9999,-9999,-9999,-9999,-9999,-9999,-9999,-9999,-9999,-9999,-9999,-9999,-9999,-9999,-9999,32.4894866943359,32.4598197937012,32.5033149719238,32.6058387756348,33.0888252258301,33.7797889709473,33.995922088623,33.9852638244629,30.5953826904297,26.3968048095703,24.479663848877,22.5662670135498,21.2558879852295,19.0076465606689,13.7323579788208,11.6580333709717,13.6755676269531,15.3157739639282,16.2245750427246,15.9383182525635,14.7245206832886,15.143666267395,16.1363716125488,9.82321548461914,7.61094284057617,2.98597240447998,-9999,-9999,-9999,-9999,-9999
-9999,-9999,-9999,-9999,-9999,-9999,-9999,-9999,-9999,-9999,-9999,-9999,-9999,-9999,-9999,-9999,-9999,-9999,-9999,-9999,-9999,-9999,-9999,-9999,-9999,-9999,-9999,-9999,-9999,-9999,-9999,-9999,-9999,-9999,-9999,-9999,-9999,-9999,-9999,-9999,-9999,-9999,-9999,-9999,-9999,-9999,-9999,-9999,-9999,-9999,-9999,-9999,-9999,-9999,-9999,-9999,-9999,-9999,-9999,-9999,-9999,-9999,-9999,-9999,-9999,-9999,-9999,-9999,-9999,-9999,-9999,-9999,-9999,-9999,-9999,-9999,-9999,-9999,-9999,-9999,-9999,-9999,-9999,-9999,-9999,-9999,-9999,-9999,-9999,-9999,-9999,-9999,-9999,-9999,-9999,-9999,-9999,-9999,-9999,-9999,32.2782516479492,32.2370567321777,32.305736541748,32.4717216491699,32.9946556091309,33.7093963623047,33.8807716369629,33.8150291442871,33.0329055786133,32.0401916503906,27.4306983947754,22.8265323638916,21.5345878601074,19.2017669677734,13.9157629013062,11.4284963607788,13.1488609313965,13.7243032455444,13.3678226470947,12.0067949295044,10.2648754119873,9.75227546691895,9.75257396697998,6.83891153335571,3.38622856140137,3.25674152374268,2.76620411872864,-9999,-9999,-9999,-9999
-9999,-9999,-9999,-9999,-9999,-9999,-9999,-9999,-9999,-9999,-9999,-9999,-9999,-9999,-9999,-9999,-9999,-9999,-9999,-9999,-9999,-9999,-9999,-9999,-9999,-9999,-9999,-9999,-9999,-9999,-9999,-9999,-9999,-9999,-9999,-9999,-9999,-9999,-9999,-9999,-9999,-9999,-9999,-9999,-9999,-9999,-9999,-9999,-9999,-9999,-9999,-9999,-9999,-9999,-9999,-9999,-9999,-9999,-9999,-9999,-9999,-9999,-9999,-9999,-9999,-9999,-9999,-9999,-9999,-9999,-9999,-9999,-9999,-9999,-9999,-9999,-9999,-9999,-9999,-9999,-9999,-9999,-9999,-9999,-9999,-9999,-9999,-9999,-9999,-9999,-9999,-9999,-9999,-9999,-9999,-9999,-9999,-9999,-9999,-9999,32.0852355957031,32.0563850402832,32.147274017334,32.3600883483887,32.8008651733398,33.3632965087891,33.6179504394531,33.704776763916,34.5368576049805,35.2504615783691,29.2790985107422,23.0603084564209,21.8479557037354,19.5197467803955,14.1351947784424,11.4773321151733,12.4726705551147,12.3932361602783,10.9718132019043,9.18656444549561,7.27804708480835,6.26268672943115,5.31433582305908,4.23760795593262,3.43334770202637,2.74302840232849,2.50997543334961,-9999,-9999,-9999,-9999
-9999,-9999,-9999,-9999,-9999,-9999,-9999,-9999,-9999,-9999,-9999,-9999,-9999,-9999,-9999,-9999,-9999,-9999,-9999,-9999,-9999,-9999,-9999,-9999,-9999,-9999,-9999,-9999,-9999,-9999,-9999,-9999,-9999,-9999,-9999,-9999,-9999,-9999,-9999,-9999,-9999,-9999,-9999,-9999,-9999,-9999,-9999,-9999,-9999,-9999,-9999,-9999,-9999,-9999,-9999,-9999,-9999,-9999,-9999,-9999,-9999,-9999,-9999,-9999,-9999,-9999,-9999,-9999,-9999,-9999,-9999,-9999,-9999,-9999,-9999,-9999,-9999,-9999,-9999,-9999,-9999,-9999,-9999,-9999,-9999,-9999,-9999,-9999,-9999,-9999,-9999,-9999,-9999,-9999,-9999,-9999,-9999,-9999,-9999,-9999,-9999,31.9535865783691,32.0730285644531,32.2959442138672,32.4169540405273,32.4751930236816,33.0584678649902,33.6984901428223,34.6002082824707,35.3184013366699,29.4084300994873,23.2821960449219,22.1759853363037,19.992431640625,14.5876493453979,11.589973449707,12.3291683197021,11.4904708862305,9.5152702331543,8.49413681030273,7.87450313568115,6.31335639953613,3.85826706886292,3.20006680488586,2.80271935462952,2.49759817123413,2.23779201507568,-9999,-9999,3.33828806877136,3.41033792495728
-9999,-9999,-9999,-9999,-9999,-9999,-9999,-9999,-9999,-9999,-9999,-9999,-9999,-9999,-9999,-9999,-9999,-9999,-9999,-9999,-9999,-9999,-9999,-9999,-9999,-9999,-9999,-9999,-9999,-9999,-9999,-9999,-9999,-9999,-9999,-9999,-9999,-9999,-9999,-9999,-9999,-9999,-9999,-9999,-9999,-9999,-9999,-9999,-9999,-9999,-9999,-9999,-9999,-9999,-9999,-9999,-9999,-9999,-9999,-9999,-9999,-9999,-9999,-9999,-9999,-9999,-9999,-9999,-9999,-9999,-9999,-9999,-9999,-9999,-9999,-9999,-9999,-9999,-9999,-9999,-9999,-9999,-9999,-9999,-9999,-9999,-9999,-9999,-9999,-9999,-9999,-9999,-9999,-9999,-9999,-9999,-9999,-9999,-9999,-9999,-9999,-9999,32.0168685913086,32.1930923461914,32.1488838195801,31.9626560211182,32.6832580566406,33.567024230957,34.5634307861328,35.3628883361816,29.5878086090088,23.32958984375,20.2112693786621,16.7962207794189,12.6493301391602,10.2794103622437,10.8223752975464,9.64880847930908,7.46578693389893,6.86953210830688,7.02177572250366,5.55619382858276,3.05535364151001,2.88378405570984,2.70047211647034,2.65922236442566,2.59227299690247,2.97739958763123,3.26494741439819,3.33919334411621,3.46308922767639
-9999,-9999,-9999,-9999,-9999,-9999,-9999,-9999,-9999,-9999,-9999,-9999,-9999,-9999,-9999,-9999,-9999,-9999,-9999,-9999,-9999,-9999,-9999,-9999,-9999,-9999,-9999,-9999,-9999,-9999,-9999,-9999,-9999,-9999,-9999,-9999,-9999,-9999,-9999,-9999,-9999,-9999,-9999,-9999,-9999,-9999,-9999,-9999,-9999,-9999,-9999,-9999,-9999,-9999,-9999,-9999,-9999,-9999,-9999,-9999,-9999,-9999,-9999,-9999,-9999,-9999,-9999,-9999,-9999,-9999,-9999,-9999,-9999,-9999,-9999,-9999,-9999,-9999,-9999,-9999,-9999,-9999,-9999,-9999,-9999,-9999,-9999,-9999,-9999,-9999,-9999,-9999,-9999,-9999,-9999,-9999,-9999,-9999,-9999,-9999,-9999,-9999,-9999,32.0499114990234,32.0116271972656,31.8938369750977,32.5049514770508,33.2150802612305,34.4311981201172,35.438777923584,29.8744335174561,23.226354598999,15.3739967346191,8.94728660583496,7.90313148498535,7.32073545455933,7.58028841018677,6.74810266494751,4.7428994178772,4.03182649612427,4.29064655303955,3.74735283851624,3.20153427124023,3.04080057144165,3.14067625999451,3.1479926109314,3.13479685783386,3.20009326934814,3.15186858177185,2.98967504501343,2.86672425270081
-9999,-9999,-9999,-9999,-9999,-9999,-9999,-9999,-9999,-9999,-9999,-9999,-9999,-9999,-9999,-9999,-9999,-9999,-9999,-9999,-9999,-9999,-9999,-9999,-9999,-9999,-9999,-9999,-9999,-9999,-9999,-9999,-9999,-9999,-9999,-9999,-9999,-9999,-9999,-9999,-9999,-9999,-9999,-9999,-9999,-9999,-9999,-9999,-9999,-9999,-9999,-9999,-9999,-9999,-9999,-9999,-9999,-9999,-9999,-9999,-9999,-9999,-9999,-9999,-9999,-9999,-9999,-9999,-9999,-9999,-9999,-9999,-9999,-9999,-9999,-9999,-9999,-9999,-9999,-9999,-9999,-9999,-9999,-9999,-9999,-9999,-9999,-9999,-9999,-9999,-9999,-9999,-9999,-9999,-9999,-9999,-9999,-9999,-9999,-9999,-9999,-9999,-9999,31.9142570495605,31.9619216918945,32.0354194641113,32.392448425293,32.7482643127441,33.8805885314941,34.8985900878906,29.7542552947998,23.3250427246094,13.6469583511353,6.1372766494751,6.49825525283813,6.79965400695801,6.88423490524292,6.00980663299561,3.54010939598083,2.70791912078857,2.90407848358154,3.01974058151245,3.07828783988953,3.08515572547913,3.22944784164429,3.29586410522461,3.23955416679382,2.93515062332153,4.47728252410889,9.48825550079346,15.014949798584
-9999,-9999,-9999,-9999,-9999,-9999,-9999,-9999,-9999,-9999,-9999,-9999,-9999,-9999,-9999,-9999,-9999,-9999,-9999,-9999,-9999,-9999,-9999,-9999,-9999,-9999,-9999,-9999,-9999,-9999,-9999,-9999,-9999,-9999,-9999,-9999,-9999,-9999,-9999,-9999,-9999,-9999,-9999,-9999,-9999,-9999,-9999,-9999,-9999,-9999,-9999,-9999,-9999,-9999,-9999,-9999,-9999,-9999,-9999,-9999,-9999,-9999,-9999,-9999,-9999,-9999,-9999,-9999,-9999,-9999,-9999,-9999,-9999,-9999,-9999,-9999,-9999,-9999,-9999,-9999,-9999,-9999,-9999,-9999,-9999,-9999,-9999,-9999,-9999,-9999,-9999,-9999,-9999,-9999,-9999,-9999,-9999,-9999,-9999,-9999,-9999,-9999,-9999,-9999,31.983922958374,32.3149337768555,32.4635581970215,32.5027046203613,33.0573425292969,33.9343566894531,29.3527069091797,22.9054164886475,13.3038654327393,6.55506324768066,7.34843969345093,7.61995553970337,7.71015644073486,6.57887840270996,3.71031141281128,2.50110149383545,2.54253435134888,2.56562519073486,2.55353307723999,2.44105529785156,2.41447687149048,2.51360607147217,2.40125465393066,2.1138858795166,6.64865732192993,20.1789264678955,30.8282451629639
-9999,-9999,-9999,-9999,-9999,-9999,-9999,-9999,-9999,-9999,-9999,-9999,-9999,-9999,-9999,-9999,-9999,-9999,-9999,-9999,-9999,-9999,-9999,-9999,-9999,-9999,-9999,-9999,-9999,-9999,-9999,-9999,-9999,-9999,-9999,-9999,-9999,-9999,-9999,-9999,-9999,-9999,-9999,-9999,-9999,-9999,-9999,-9999,-9999,-9999,-9999,-9999,-9999,-9999,-9999,-9999,-9999,-9999,-9999,-9999,-9999,-9999,-9999,-9999,-9999,-9999,-9999,-9999,-9999,-9999,-9999,-9999,-9999,-9999,-9999,-9999,-9999,-9999,-9999,-9999,-9999,-9999,-9999,-9999,-9999,-9999,-9999,-9999,-9999,-9999,-9999,-9999,-9999,-9999,-9999,-9999,-9999,-9999,-9999,-9999,-9999,-9999,-9999,-9999,-9999,-9999,32.2219734191895,32.1271934509277,32.6833534240723,33.2415237426758,30.3312721252441,25.851541519165,18.8304443359375,13.346700668335,11.5378103256226,10.4646492004395,10.7087593078613,9.77219390869141,8.06599617004395,8.77612686157227,10.7869758605957,11.170506477356,10.5518674850464,12.1767835617065,14.2214832305908,15.6544361114502,16.6125659942627,16.0776805877686,18.3813037872314,26.2009887695313,32.6732177734375
-9999,-9999,-9999,-9999,-9999,-9999,-9999,-9999,-9999,-9999,-9999,-9999,-9999,-9999,-9999,-9999,-9999,-9999,-9999,-9999,-9999,-9999,-9999,-9999,-9999,-9999,-9999,-9999,-9999,-9999,-9999,-9999,-9999,-9999,-9999,-9999,-9999,-9999,-9999,-9999,-9999,-9999,-9999,-9999,-9999,-9999,-9999,-9999,-9999,-9999,-9999,-9999,-9999,-9999,-9999,-9999,-9999,-9999,-9999,-9999,-9999,-9999,-9999,-9999,-9999,-9999,-9999,-9999,-9999,-9999,-9999,-9999,-9999,-9999,-9999,-9999,-9999,-9999,-9999,-9999,-9999,-9999,-9999,-9999,-9999,-9999,-9999,-9999,-9999,-9999,-9999,-9999,-9999,-9999,-9999,-9999,-9999,-9999,-9999,-9999,-9999,-9999,-9999,-9999,-9999,-9999,-9999,-9999,31.9225635528564,32.1778793334961,31.8911590576172,31.170581817627,27.607292175293,23.1769504547119,17.750036239624,14.7615575790405,15.4182834625244,15.4933757781982,14.4767665863037,17.6681652069092,22.5812759399414,22.8816432952881,22.0306491851807,24.8081111907959,27.6564693450928,29.9304485321045,31.5895442962646,31.0145988464355,30.6080665588379,30.5814323425293,-9999
-9999,-9999,-9999,-9999,-9999,-9999,-9999,-9999,-9999,-9999,-9999,-9999,-9999,-9999,-9999,-9999,-9999,-9999,-9999,-9999,-9999,-9999,-9999,-9999,-9999,-9999,-9999,-9999,-9999,-9999,-9999,-9999,-9999,-9999,-9999,-9999,-9999,-9999,-9999,-9999,-9999,-9999,-9999,-9999,-9999,-9999,-9999,-9999,-9999,-9999,-9999,-9999,-9999,-9999,-9999,-9999,-9999,-9999,-9999,-9999,-9999,-9999,-9999,-9999,-9999,-9999,-9999,-9999,-9999,-9999,-9999,-9999,-9999,-9999,-9999,-9999,-9999,-9999,-9999,-9999,-9999,-9999,-9999,-9999,-9999,-9999,-9999,-9999,-9999,-9999,-9999,-9999,-9999,-9999,-9999,-9999,-9999,-9999,-9999,-9999,-9999,-9999,-9999,-9999,-9999,-9999,-9999,-9999,-9999,-9999,31.6580772399902,31.4548473358154,29.6354713439941,27.4919853210449,24.599308013916,22.8289566040039,22.9571342468262,22.7832221984863,22.3358516693115,23.9983901977539,26.585657119751,26.78635597229,26.3865375518799,27.8609561920166,29.4098625183105,30.6934394836426,31.6434345245361,31.2561836242676,-9999,-9999,-9999
-9999,-9999,-9999,-9999,-9999,-9999,-9999,-9999,-9999,-9999,-9999,-9999,-9999,-9999,-9999,-9999,-9999,-9999,-9999,-9999,-9999,-9999,-9999,-9999,-9999,-9999,-9999,-9999,-9999,-9999,-9999,-9999,-9999,-9999,-9999,-9999,-9999,-9999,-9999,-9999,-9999,-9999,-9999,-9999,-9999,-9999,-9999,-9999,-9999,-9999,-9999,-9999,-9999,-9999,-9999,-9999,-9999,-9999,-9999,-9999,-9999,-9999,-9999,-9999,-9999,-9999,-9999,-9999,-9999,-9999,-9999,-9999,-9999,-9999,-9999,-9999,-9999,-9999,-9999,-9999,-9999,-9999,-9999,-9999,-9999,-9999,-9999,-9999,-9999,-9999,-9999,-9999,-9999,-9999,-9999,-9999,-9999,-9999,-9999,-9999,-9999,-9999,-9999,-9999,-9999,-9999,-9999,-9999,-9999,-9999,-9999,-9999,-9999,-9999,-9999,-9999,-9999,-9999,-9999,-9999,-9999,-9999,-9999,-9999,-9999,-9999,-9999,-9999,-9999,-9999,-9999
-9999,-9999,-9999,-9999,-9999,-9999,-9999,-9999,-9999,-9999,-9999,-9999,-9999,-9999,-9999,-9999,-9999,-9999,-9999,-9999,-9999,-9999,-9999,-9999,-9999,-9999,-9999,-9999,-9999,-9999,-9999,-9999,-9999,-9999,-9999,-9999,-9999,-9999,-9999,-9999,-9999,-9999,-9999,-9999,-9999,-9999,-9999,-9999,-9999,-9999,-9999,-9999,-9999,-9999,-9999,-9999,-9999,-9999,-9999,-9999,-9999,-9999,-9999,-9999,-9999,-9999,-9999,-9999,-9999,-9999,-9999,-9999,-9999,-9999,-9999,-9999,-9999,-9999,-9999,-9999,-9999,-9999,-9999,-9999,-9999,-9999,-9999,-9999,-9999,-9999,-9999,-9999,-9999,-9999,-9999,-9999,-9999,-9999,-9999,-9999,-9999,-9999,-9999,-9999,-9999,-9999,-9999,-9999,-9999,-9999,-9999,-9999,-9999,-9999,-9999,-9999,-9999,-9999,-9999,-9999,-9999,-9999,-9999,-9999,-9999,-9999,-9999,-9999,-9999,-9999,-9999

Step,217
Year,18.08333
-9999,-9999,-9999,-9999,-9999,-9999,-9999,-9999,-9999,-9999,-9999,-9999,-9999,-9999,-9999,-9999,-9999,-9999,-9999,-9999,-9999,-9999,-9999,-9999,-9999,-9999,-9999,-9999,-9999,-9999,-9999,-9999,-9999,-9999,-9999,-9999,-9999,-9999,-9999,-9999,-9999,-9999,-9999,-9999,-9999,-9999,-9999,-9999,-9999,-9999,-9999,-9999,-9999,-9999,-9999,-9999,-9999,-9999,-9999,-9999,-9999,-9999,-9999,-9999,-9999,-9999,-9999,-9999,-9999,-9999,-9999,-9999,-9999,-9999,-9999,-9999,-9999,-9999,-9999,-9999,-9999,-9999,-9999,-9999,-9999,-9999,-9999,-9999,-9999,-9999,-9999,-9999,-9999,-9999,-9999,-9999,-9999,-9999,-9999,-9999,-9999,-9999,-9999,-9999,-9999,-9999,-9999,-9999,-9999,-9999,-9999,-9999,-9999,-9999,-9999,-9999,-9999,-9999,-9999,-9999,-9999,-9999,-9999,-9999,-9999,-9999,-9999,-9999,-9999,-9999,-9999
-9999,-9999,-9999,-9999,-9999,-9999,-9999,-9999,-9999,-9999,-9999,-9999,-9999,-9999,-9999,-9999,-9999,-9999,-9999,-9999,-9999,-9999,-9999,-9999,-9999,-9999,-9999,-9999,-9999,-9999,-9999,-9999,-9999,-9999,-9999,-9999,-9999,-9999,-9999,-9999,-9999,-9999,-9999,-9999,-9999,-9999,-9999,-9999,-9999,-9999,-9999,-9999,-9999,-9999,-9999,-9999,-9999,-9999,-9999,-9999,-9999,-9999,-9999,-9999,-9999,-9999,-9999,-9999,-9999,-9999,-9999,-9999,-9999,-9999,-9999,-9999,-9999,-9999,-9999,-9999,-9999,-9999,-9999,-9999,-9999,-9999,-9999,-9999,-9999,-9999,-9999,-9999,-9999,-9999,-9999,-9999,-9999,-9999,-9999,-9999,-9999,-9999,-9999,-9999,-9999,-9999,-9999,-9999,-9999,-9999,-9999,-9999,-9999,-9999,-9999,-9999,-9999,-9999,-9999,-9999,-9999,-9999,-9999,-9999,-9999,-9999,-9999,-9999,-9999,-9999,-9999
-9999,-9999,-9999,-9999,-9999,-9999,-9999,-9999,-9999,-9999,-9999,-9999,-9999,-9999,-9999,-9999,-9999,-9999,-9999,-9999,-9999,-9999,-9999,-9999,-9999,-9999,-9999,-9999,-9999,-9999,-9999,-9999,-9999,-9999,-9999,-9999,-9999,-9999,-9999,-9999,-9999,-9999,-9999,-9999,-9999,-9999,-9999,-9999,-9999,-9999,-9999,-9999,-9999,-9999,-9999,-9999,-9999,-9999,-9999,-9999,-9999,-9999,-9999,-9999,-9999,-9999,-9999,-9999,-9999,-9999,-9999,-9999,-9999,-9999,37.0676383972168,37.9473686218262,-9999,-9999,-9999,-9999,-9999,-9999,-9999,-9999,-9999,-9999,-9999,-9999,-9999,-9999,-9999,-9999,-9999,-9999,-9999,-9999,-9999,-9999,-9999,-9999,-9999,-9999,-9999,-9999,-9999,-9999,-9999,-9999,-9999,-9999,-9999,-9999,-9999,-9999,-9999,-9999,-9999,-9999,-9999,-9999,-9999,-9999,-9999,-9999,-9999,-9999,-9999,-9999,-9999,-9999,-9999
-9999,-9999,-9999,-9999,-9999,-9999,-9999,-9999,-9999,-9999,-9999,-9999,-9999,-9999,-9999,-9999,-9999,-9999,-9999,-9999,-9999,-9999,-9999,-9999,-9999,-9999,-9999,-9999,-9999,-9999,-9999,-9999,-9999,-9999,-9999,-9999,-9999,-9999,-9999,-9999,-9999,-9999,-9999,-9999,-9999,-9999,-9999,-9999,-9999,-9999,-9999,-9999,-9999,-9999,-9999,-9999,-9999,-9999,-9999,-9999,-9999,-9999,-9999,-9999,-9999,-9999,-9999,-9999,-9999,-9999,-9999,-9999,-9999,-9999,38.3396339416504,37.7232551574707,-9999,-9999,-9999,-9999,-9999,-9999,-9999,-9999,-9999,-9999,-9999,-9999,-9999,-9999,-9999,-9999,-9999,-9999,-9999,-9999,-9999,-9999,-9999,-9999,-9999,-9999,-9999,-9999,-9999,-9999,-9999,-9999,-9999,-9999,-9999,-9999,-9999,-9999,-9999,-9999,-9999,-9999,-9999,-9999,-9999,-9999,-9999,-9999,-9999,-9999,-9999,-9999,-9999,-9999,-9999
-9999,-9999,-9999,-9999,-9999,-9999,-9999,-9999,-9999,-9999,-9999,-9999,-9999,-9999,-9999,-9999,-9999,-9999,-9999,-9999,-9999,-9999,-9999,-9999,-9999,-9999,-9999,-9999,-9999,-9999,-9999,-9999,-9999,-9999,-9999,-9999,-9999,-9999,-9999,-9999,-9999,-9999,-9999,-9999,-9999,-9999,-9999,-9999,-9999,-9999,-9999,-9999,-9999,-9999,-9999,-9999,6.17544914944396E-13,1.09010755977579E-08,1.08173487944896E-08,1.0802013505895E-08,-9999,-9999,-9999,-9999,-9999,38.6582298278809,38.549617767334,39.708137512207,39.8933639526367,37.2962913513184,35.9294815063477,32.6955757141113,32.468017578125,31.9268932342529,35.6651763916016,34.4199409484863,32.9709053039551,-9999,-9999,25.2011947631836,23.88037109375,22.9861011505127,23.6201705932617,30.3653049468994,33.5446853637695,35.5079460144043,35.4817543029785,33.080020904541,24.9824295043945,-9999,-9999,-9999,-9999,-9999,-9999,-9999,-9999,-9999,-9999,-9999,-9999,-9999,-9999,-9999,-9999,-9999,-9999,-9999,-9999,-9999,-9999,-9999,-9999,-9999,-9999,-9999,-9999,-9999,-9999,-9999,-9999,-9999,-9999,-9999,-9999,-9999,-9999,-9999,-9999,-9999,-9999
-9999,-9999,-9999,-9999,-9999,-9999,-9999,-9999,-9999,-9999,-9999,-9999,-9999,-9999,-9999,-9999,-9999,-9999,-9999,-9999,-9999,-9999,-9999,-9999,-9999,-9999,-9999,-9999,-9999,-9999,-9999,-9999,-9999,-9999,-9999,-9999,-9999,-9999,-9999,-9999,-9999,-9999,-9999,-9999,-9999,-9999,-9999,-9999,-9999,-9999,-9999,-9999,-9999,-9999,-9999,7.13237953940682E-13,2.48488216669784E-08,0.000671689282171428,0.00066794385202229,0.000667243788484484,0.0013690572232008,44.7390518188477,-9999,44.045768737793,42.4335975646973,42.0407485961914,41.2386207580566,40.5942306518555,39.9602241516113,39.3445510864258,36.1166343688965,35.3549537658691,35.9704551696777,34.9626159667969,34.555793762207,35.0293998718262,33.8103179931641,33.3712959289551,32.1854209899902,29.675407409668,26.4274864196777,23.6826763153076,26.6761474609375,29.8250579833984,34.1601753234863,36.4911613464355,36.342903137207,34.061351776123,28.6316699981689,22.4962177276611,15.9279375076294,-9999,-9999,-9999,-9999,-9999,-9999,-9999,-9999,-9999,-9999,-9999,-9999,-9999,-9999,-9999,-9999,-9999,-9999,-9999,-9999,-9999,-9999,-9999,-9999,-9999,-9999,-9999,-9999,-9999,-9999,-9999,-9999,-9999,-9999,-9999,-9999,-9999,-9999,-9999,-9999
-9999,-9999,-9999,-9999,-9999,-9999,-9999,-9999,-9999,-9999,-9999,-9999,-9999,-9999,-9999,-9999,-9999,-9999,-9999,-9999,-9999,-9999,-9999,-9999,-9999,-9999,-9999,-9999,-9999,-9999,-9999,-9999,-9999,-9999,-9999,-9999,-9999,-9999,-9999,-9999,-9999,-9999,-9999,-9999,-9999,-9999,-9999,-9999,-9999,-9999,-9999,-9999,-9999,-9999,-9999,1.44836160842488E-08,0.000772439583670348,45.8873176574707,45.8296661376953,45.8802795410156,46.0353813171387,45.3973388671875,44.6250686645508,44.5905456542969,42.6996459960938,42.0519371032715,40.8580589294434,40.5480804443359,39.8019523620605,38.4329681396484,37.4801330566406,37.1443519592285,36.7822227478027,36.5336723327637,36.090030670166,35.7245597839355,34.7878456115723,33.7064247131348,31.8558521270752,29.5821971893311,26.690299987793,23.9881229400635,27.3471622467041,31.9183979034424,35.7982025146484,37.556095123291,37.614673614502,34.7417488098145,29.0908432006836,22.7756233215332,15.871603012085,13.8574962615967,18.0430450439453,-9999,-9999,-9999,-9999,-9999,-9999,-9999,-9999,-9999,29.7190914154053,30.8969230651855,32.8416175842285,-9999,-9999,-9999,-9999,-9999,-9999,-9999,-9999,-9999,-9999,-9999,-9999,-9999,-9999,-9999,-9999,-9999,-9999,-9999,-9999,-9999,-9999,-9999,-9999,-9999,-9999
-9999,-9999,-9999,-9999,-9999,-9999,-9999,-9999,-9999,-9999,-9999,-9999,-9999,-9999,-9999,-9999,-9999,-9999,-9999,-9999,-9999,-9999,-9999,-9999,-9999,-9999,-9999,-9999,-9999,-9999,-9999,39.3984298706055,-9999,-9999,-9999,40.1682052612305,-9999,-9999,-9999,-9999,-9999,-9999,-9999,-9999,-9999,-9999,-9999,-9999,-9999,-9999,-9999,-9999,-9999,-9999,-9999,-9999,-9999,45.4553871154785,45.6808891296387,45.7802467346191,-9999,46.1718215942383,45.5854415893555,44.6638984680176,43.2826919555664,42.2335815429688,41.362678527832,40.677131652832,39.919677734375,37.6317939758301,36.7262573242188,38.0054550170898,38.1454429626465,37.6710968017578,37.0922927856445,36.5627861022949,35.7863807678223,34.888916015625,34.6490287780762,34.7180442810059,32.686351776123,31.5717697143555,34.7295303344727,36.7978477478027,39.55078125,40.783130645752,39.7842216491699,37.4766273498535,33.0130577087402,29.4071407318115,27.3434181213379,22.5995826721191,16.7643375396729,20.076789855957,-9999,-9999,-9999,-9999,-9999,-9999,-9999,-9999,34.3205909729004,36.3235931396484,36.5364608764648,34.2206726074219,33.489501953125,-9999,-9999,-9999,-9999,-9999,-9999,-9999,-9999,-9999,-9999,-9999,-9999,-9999,-9999,-9999,-9999,-9999,-9999,-9999,-9999,-9999,-9999,-9999,-9999
-9999,-9999,-9999,-9999,-9999,-9999,-9999,-9999,-9999,-9999,-9999,-9999,-9999,-9999,-9999,-9999,-9999,-9999,-9999,-9999,-9999,-9999,-9999,-9999,-9999,-9999,-9999,-9999,-9999,-9999,38.8204879760742,38.4910278320313,-9999,-9999,40.3402137756348,39.7776565551758,-9999,-9999,36.5484352111816,38.2277984619141,-9999,-9999,-9999,-9999,-9999,40.8273963928223,-9999,-9999,-9999,-9999,-9999,-9999,-9999,-9999,-9999,-9999,-9999,-9999,-9999,-9999,-9999,46.0333023071289,46.5946388244629,44.7756500244141,43.3907508850098,42.3769302368164,40.7270698547363,39.8169364929199,38.7478790283203,36.5702934265137,35.4180450439453,38.5790863037109,39.8101234436035,39.5416946411133,38.5799674987793,37.8080978393555,37.0165023803711,36.6398468017578,37.8062629699707,39.2949256896973,39.7285995483398,38.8168716430664,39.7579040527344,40.7264175415039,41.8713531494141,42.3196296691895,41.445987701416,39.6948776245117,36.4519386291504,35.6017990112305,36.7392883300781,30.4134254455566,18.0540103912354,20.0354671478271,24.3300457000732,-9999,-9999,-9999,-9999,-9999,35.0477981567383,35.1979484558105,35.542839050293,35.7490310668945,36.9709281921387,37.3520851135254,35.978946685791,32.6305046081543,-9999,-9999,-9999,-9999,-9999,-9999,-9999,-9999,-9999,-9999,-9999,-9999,-9999,-9999,-9999,-9999,-9999,-9999,-9999,-9999,-9999,-9999,-9999
-9999,-9999,-9999,-9999,-9999,-9999,-9999,-9999,-9999,-9999,-9999,-9999,-9999,-9999,-9999,-9999,-9999,-9999,-9999,-9999,-9999,-9999,-9999,38.541389465332,38.9335403442383,-9999,-9999,-9999,-9999,38.5680961608887,38.6304779052734,38.8015022277832,37.8240623474121,39.7668495178223,40.1028099060059,39.407772064209,37.394775390625,35.9378356933594,36.3127212524414,-9999,38.9179611206055,40.9728317260742,-9999,-9999,40.688419342041,41.1934700012207,41.9463729858398,42.8865509033203,-9999,-9999,-9999,-9999,-9999,-9999,-9999,-9999,-9999,41.6919822692871,43.9439392089844,-9999,-9999,-9999,44.46923828125,45.0191383361816,44.017463684082,42.2735710144043,42.0774230957031,40.8119468688965,39.4927215576172,35.8460350036621,34.5465927124023,37.7796325683594,39.7154083251953,40.3854141235352,40.2937240600586,39.4989776611328,38.8212280273438,37.696834564209,37.8422889709473,39.4520072937012,39.9127502441406,39.9436874389648,40.9700813293457,41.8301811218262,42.2402114868164,42.3888206481934,42.0236320495605,40.9333305358887,38.3473587036133,36.7157287597656,35.4249687194824,31.2583522796631,24.0614356994629,23.4174575805664,24.185977935791,21.3077430725098,20.8134994506836,22.2609615325928,22.809814453125,24.7564353942871,29.6513824462891,34.9244003295898,34.9642219543457,35.4987869262695,36.3052749633789,37.9788589477539,38.1238403320313,35.147590637207,33.2377166748047,34.6183815002441,-9999,-9999,-9999,-9999,-9999,-9999,-9999,-9999,-9999,-9999,-9999,-9999,-9999,-9999,-9999,-9999,-9999,-9999,-9999,-9999,-9999
-9999,-9999,-9999,-9999,-9999,-9999,-9999,-9999,-9999,-9999,-9999,-9999,-9999,-9999,-9999,-9999,-9999,-9999,-9999,-9999,-9999,-9999,38.8902473449707,38.5896606445313,38.4507942199707,40.0545997619629,40.3172225952148,37.7347946166992,37.9801216125488,37.9052619934082,38.5607833862305,38.3541793823242,37.7110557556152,38.3830337524414,38.9140930175781,37.027946472168,35.7080039978027,35.2541694641113,35.4134750366211,35.857551574707,37.4492225646973,39.7474517822266,40.7783203125,40.7826728820801,41.1174926757813,41.6349945068359,42.6644554138184,42.9654350280762,43.2547721862793,-9999,-9999,-9999,-9999,-9999,-9999,-9999,-9999,39.7247314453125,40.9799118041992,42.6805572509766,-9999,-9999,43.9467391967773,44.796085357666,44.8594551086426,43.7881622314453,42.2832069396973,40.6618804931641,38.0715103149414,34.8382530212402,33.683422088623,37.4202728271484,39.030933380127,40.7744522094727,41.1373138427734,40.403190612793,39.9385986328125,39.2638244628906,39.3053855895996,38.6715927124023,39.8835067749023,41.029655456543,42.0083770751953,42.7064094543457,42.5628700256348,42.4694366455078,42.4672164916992,41.8376235961914,40.3618240356445,37.9488716125488,34.5814781188965,31.9828929901123,28.6339073181152,25.8604354858398,23.4825019836426,22.2676162719727,21.9295425415039,24.0156517028809,24.2254219055176,23.7089653015137,26.0627536773682,32.3919639587402,35.2860107421875,35.854118347168,36.3945503234863,37.0561180114746,37.9437446594238,38.801944732666,36.9914054870605,35.0595550537109,-9999,-9999,-9999,-9999,-9999,-9999,-9999,-9999,-9999,-9999,-9999,-9999,-9999,-9999,-9999,-9999,-9999,-9999,-9999,-9999,-9999
-9999,-9999,-9999,-9999,-9999,-9999,-9999,-9999,-9999,-9999,-9999,-9999,-9999,-9999,-9999,-9999,-9999,-9999,-9999,-9999,-9999,-9999,39.3378448486328,37.7360992431641,37.8241539001465,38.8971252441406,42.0570297241211,41.4625854492188,37.0150718688965,37.2474327087402,37.841365814209,37.988525390625,37.296314239502,37.4413185119629,37.748908996582,36.9585304260254,35.6459121704102,35.1367835998535,34.8058166503906,35.6774635314941,36.6994209289551,38.9253463745117,40.1707534790039,40.4815101623535,40.6395606994629,41.5954818725586,41.2033882141113,42.6751937866211,43.2019538879395,42.8502464294434,42.968677520752,-9999,-9999,-9999,-9999,-9999,-9999,-9999,39.4530220031738,40.8108024597168,42.7950439453125,43.0319328308105,43.2270126342773,44.0646820068359,45.5444755554199,43.4979286193848,42.1525039672852,38.5415306091309,35.1822624206543,33.2009048461914,34.5210609436035,38.590648651123,40.6600189208984,41.7542610168457,42.1391677856445,42.1810455322266,41.8631973266602,41.4496536254883,40.8935012817383,40.0736770629883,41.0855941772461,42.0424385070801,42.3686180114746,42.6125068664551,42.5860824584961,42.5717697143555,42.5793685913086,42.0189552307129,40.8014183044434,38.1316528320313,33.5471496582031,31.9222259521484,30.8064746856689,25.6468772888184,19.3205852508545,20.2976245880127,21.2503433227539,23.0117988586426,24.2988624572754,23.8063812255859,26.4661102294922,33.1027145385742,36.6835479736328,38.478687286377,37.9721336364746,35.9811744689941,36.4736289978027,38.3677978515625,38.3518371582031,36.0827789306641,38.0610961914063,-9999,-9999,-9999,-9999,-9999,-9999,-9999,-9999,-9999,-9999,-9999,-9999,-9999,-9999,-9999,-9999,-9999,-9999,-9999,-9999
-9999,-9999,-9999,-9999,-9999,-9999,-9999,-9999,-9999,-9999,-9999,-9999,-9999,-9999,-9999,-9999,-9999,-9999,-9999,-9999,-9999,-9999,39.2357368469238,38.7350463867188,36.4254188537598,35.9665145874023,42.371509552002,44.3157653808594,40.4498634338379,38.3935089111328,38.6580810546875,38.4103775024414,38.1527290344238,37.7750053405762,37.0334739685059,36.6375846862793,36.0995140075684,35.8765106201172,35.7196350097656,36.3158912658691,37.1084022521973,38.288703918457,39.2653884887695,39.7511711120605,40.0535659790039,40.097785949707,39.9801445007324,40.7044906616211,41.4912147521973,42.6568756103516,42.9496917724609,-9999,-9999,-9999,-9999,40.1897926330566,39.6008529663086,39.1877555847168,39.1194305419922,39.8522605895996,40.9910888671875,42.109935760498,43.0339431762695,44.037956237793,44.4315795898438,42.2469024658203,41.1757392883301,36.4694633483887,33.7026710510254,35.37744140625,36.651439666748,40.0954208374023,42.1500930786133,43.1525917053223,43.5340461730957,43.3471298217773,42.9274063110352,42.407543182373,41.8395309448242,41.2403831481934,41.9728622436523,42.6542320251465,42.5704193115234,42.5180740356445,42.5683479309082,42.5974388122559,42.5872268676758,42.1450271606445,41.2043266296387,38.7042655944824,34.6609840393066,34.1780471801758,35.3634567260742,29.4125804901123,20.7918548583984,22.0827140808105,23.2528953552246,24.7960758209229,25.9132823944092,25.9489612579346,27.8796882629395,33.9925270080566,37.8844108581543,40.5076866149902,39.4820137023926,36.1174430847168,37.2055206298828,39.5101623535156,40.0170593261719,39.3924407958984,38.9763145446777,40.5361785888672,-9999,-9999,-9999,-9999,-9999,-9999,-9999,-9999,-9999,-9999,-9999,-9999,-9999,-9999,-9999,-9999,-9999,-9999,-9999
-9999,-9999,-9999,-9999,-9999,-9999,-9999,-9999,-9999,-9999,-9999,-9999,-9999,-9999,-9999,-9999,-9999,-9999,-9999,-9999,-9999,37.9609298706055,39.0256423950195,38.3228950500488,35.8211288452148,35.524715423584,41.8714752197266,44.4615020751953,43.0914268493652,42.1604080200195,41.8989753723145,41.4200706481934,41.2719459533691,40.9777297973633,40.6800537109375,40.2068252563477,39.7201042175293,39.4490242004395,39.2807388305664,39.4746017456055,39.2116088867188,37.336841583252,36.8615837097168,38.2408294677734,38.8419723510742,39.2310752868652,39.4092178344727,39.3871002197266,39.4885406494141,40.1110572814941,39.9066314697266,40.1123847961426,40.3088836669922,39.712043762207,40.0302925109863,39.789665222168,39.2267150878906,38.9707641601563,39.0796241760254,38.9979629516602,38.181209564209,38.5087203979492,40.0687637329102,42.6166496276855,44.4479522705078,42.696964263916,40.1575469970703,35.4009857177734,35.5662269592285,39.5736694335938,42.2481384277344,43.2052001953125,43.7008743286133,43.7099151611328,43.5739784240723,43.3292694091797,43.0266952514648,42.7110939025879,42.4146156311035,42.1219711303711,42.239616394043,42.3614730834961,42.3870124816895,42.4142112731934,42.4486083984375,42.4323043823242,42.3206405639648,42.0986747741699,41.7516288757324,40.9223556518555,39.7380523681641,39.7368354797363,40.1298828125,37.7214813232422,33.9499969482422,31.1459217071533,29.1168537139893,29.8323059082031,30.9938716888428,30.9609336853027,32.2675285339355,35.3300704956055,38.3656311035156,41.3911933898926,41.1289520263672,39.0213737487793,41.0391807556152,43.6330184936523,42.3540649414063,40.0414276123047,40.4115829467773,39.7922782897949,38.0884246826172,37.6998672485352,-9999,-9999,-9999,-9999,-9999,-9999,-9999,-9999,-9999,-9999,-9999,-9999,-9999,-9999,-9999,-9999,-9999
-9999,-9999,-9999,-9999,-9999,-9999,-9999,-9999,-9999,-9999,-9999,-9999,-9999,-9999,-9999,-9999,-9999,-9999,-9999,-9999,-9999,35.9079895019531,35.4853172302246,36.7005310058594,36.1222534179688,36.984935760498,41.5135917663574,43.8261451721191,43.5576133728027,43.1604156494141,42.6061134338379,42.2354164123535,42.1532783508301,41.9195404052734,41.6044082641602,41.2152862548828,40.8053970336914,40.5032234191895,40.2661209106445,40.3479118347168,39.8095512390137,38.097053527832,37.0996971130371,37.6694412231445,38.121753692627,38.7057609558105,39.2292175292969,39.7196578979492,39.4625244140625,39.1381988525391,39.4584884643555,39.5527381896973,39.4814186096191,39.5326194763184,39.4397659301758,39.0156898498535,38.5079383850098,38.0446891784668,37.6846046447754,36.7176055908203,36.5860328674316,37.5459518432617,38.7700424194336,39.4273414611816,42.9507865905762,42.0969047546387,41.3698272705078,36.051929473877,37.9944496154785,42.1947174072266,44.579963684082,44.3815536499023,44.110767364502,43.7436370849609,-9999,-9999,-9999,-9999,-9999,-9999,-9999,42.0754737854004,42.133903503418,42.1904563903809,42.2391014099121,42.2132606506348,42.0471076965332,41.928050994873,41.8605270385742,41.8329620361328,41.8307647705078,41.7984008789063,41.7641792297363,41.1964797973633,39.7092475891113,35.8210716247559,32.5008163452148,33.3473167419434,33.4085693359375,32.2322006225586,32.0028533935547,33.8882904052734,36.7045249938965,39.9066543579102,40.819953918457,40.5101356506348,42.4580841064453,44.818733215332,42.3750801086426,39.0559921264648,39.8700866699219,38.8409042358398,38.3388442993164,36.9658126831055,36.935977935791,-9999,-9999,-9999,-9999,-9999,-9999,-9999,-9999,-9999,-9999,-9999,-9999,-9999,-9999,-9999,-9999
-9999,-9999,-9999,-9999,-9999,-9999,-9999,-9999,-9999,-9999,-9999,-9999,-9999,-9999,-9999,-9999,-9999,-9999,-9999,33.8105201721191,34.6038055419922,34.0043601989746,33.4671974182129,33.284725189209,37.0662078857422,39.8420295715332,40.7045059204102,41.0849456787109,40.7145042419434,40.2834777832031,40.0013084411621,39.9128379821777,39.8194351196289,39.5613021850586,39.2474708557129,38.9399528503418,38.5186157226563,38.3153762817383,38.1323280334473,38.1611251831055,38.7187957763672,40.9926834106445,41.4614524841309,39.2658958435059,38.4866065979004,39.1534271240234,40.0161323547363,40.9822998046875,39.7326393127441,37.8379020690918,38.1698226928711,38.3270683288574,38.2388610839844,38.0498085021973,37.8585929870605,37.2383308410645,35.8909797668457,34.9219436645508,34.4024620056152,35.2388381958008,37.8153038024902,40.1240730285645,42.0670166015625,41.6898002624512,41.3239288330078,39.512393951416,40.8202896118164,42.03515625,42.1751365661621,43.3413848876953,44.0286979675293,-9999,-9999,-9999,-9999,-9999,-9999,-9999,-9999,-9999,-9999,-9999,-9999,41.7914276123047,41.8987808227539,41.9164581298828,41.7651062011719,41.5788421630859,41.3541107177734,41.0907821655273,40.799690246582,40.7140045166016,40.695426940918,40.7710342407227,40.8393249511719,37.3356475830078,33.8616943359375,34.4202499389648,33.8453407287598,28.9723224639893,26.1527309417725,27.7400951385498,30.2780437469482,33.6304473876953,37.2733535766602,40.2353134155273,41.5722389221191,42.3138656616211,39.8260040283203,36.6514015197754,38.7626609802246,40.5543975830078,39.7415809631348,35.4219360351563,36.1628112792969,-9999,-9999,-9999,-9999,-9999,-9999,-9999,-9999,-9999,-9999,-9999,-9999,-9999,-9999,-9999,-9999
-9999,-9999,-9999,-9999,-9999,-9999,-9999,-9999,-9999,-9999,-9999,-9999,-9999,-9999,-9999,-9999,-9999,-9999,31.7761821746826,33.0119247436523,33.1187477111816,35.0569725036621,33.5547370910645,32.7919654846191,36.837532043457,39.589599609375,40.4115524291992,40.7379684448242,40.218578338623,39.8388710021973,39.6559181213379,39.6284370422363,39.5521125793457,39.4043197631836,38.9911460876465,38.8085250854492,38.6152038574219,38.4542274475098,38.197883605957,38.3051681518555,39.132640838623,42.1951065063477,42.8797912597656,40.4200630187988,39.5560150146484,39.7485542297363,40.6364059448242,41.4716262817383,39.8139915466309,37.1402473449707,36.4472465515137,36.0582962036133,35.8453979492188,35.6870231628418,36.6930122375488,36.9561767578125,35.5721054077148,34.3889198303223,33.9925498962402,35.8984298706055,39.2660369873047,41.5315704345703,42.9977989196777,43.2358436584473,43.1209831237793,42.8846588134766,42.5016021728516,43.1322746276855,-9999,-9999,-9999,-9999,-9999,-9999,-9999,-9999,-9999,-9999,-9999,-9999,-9999,-9999,-9999,-9999,-9999,41.5917091369629,41.4726257324219,41.2765579223633,40.9954376220703,40.6265335083008,40.1949005126953,40.0350074768066,39.9747314453125,40.2697601318359,40.6348495483398,38.2677116394043,35.8703308105469,35.0724983215332,33.5353584289551,28.7394466400146,24.8814792633057,23.7976226806641,25.1877708435059,27.7670764923096,32.7703247070313,37.6067123413086,38.7166709899902,38.9853553771973,38.3519821166992,37.6832695007324,38.3777618408203,39.6667213439941,39.052921295166,36.1585655212402,34.3721389770508,-9999,-9999,-9999,-9999,-9999,-9999,-9999,-9999,-9999,-9999,-9999,-9999,-9999,-9999,-9999,-9999
-9999,-9999,-9999,-9999,-9999,-9999,-9999,-9999,-9999,-9999,-9999,-9999,33.2336769104004,32.0097961425781,-9999,31.5804862976074,33.0900688171387,34.5703163146973,33.9723358154297,31.3041534423828,34.109691619873,36.9667549133301,36.0963897705078,35.1595993041992,35.6242141723633,37.1477699279785,40.5991439819336,42.5161743164063,42.3006629943848,41.9593849182129,41.7006721496582,41.7134017944336,41.8147354125977,41.5444107055664,41.1038208007813,41.3098411560059,40.9768943786621,41.0771903991699,40.5135612487793,40.4336204528809,40.7252731323242,40.9544486999512,40.948356628418,40.667350769043,40.2893409729004,41.0629539489746,40.9957275390625,41.637451171875,39.8177452087402,37.1815376281738,34.7922401428223,32.2919006347656,32.0516090393066,32.5102844238281,35.7000160217285,37.5193023681641,36.4385719299316,35.8481025695801,36.385669708252,38.7275695800781,41.4187698364258,42.6428642272949,43.268253326416,43.3769683837891,43.3624382019043,43.1799125671387,43.0131149291992,-9999,-9999,-9999,-9999,-9999,-9999,-9999,-9999,-9999,-9999,-9999,-9999,-9999,-9999,-9999,-9999,-9999,-9999,-9999,41.1698036193848,41.0144500732422,40.766487121582,40.4062347412109,39.968334197998,39.7235984802246,39.5503959655762,39.721492767334,39.9433746337891,39.0698204040527,37.9830513000488,35.3094863891602,32.4181137084961,30.7770690917969,27.9699649810791,22.6808528900146,21.0864315032959,23.0813465118408,27.3096771240234,32.0046920776367,33.6250610351563,34.6081428527832,38.1076316833496,41.2951240539551,39.5372467041016,38.4239807128906,39.5095100402832,36.7577171325684,34.7505035400391,-9999,-9999,-9999,-9999,-9999,-9999,-9999,-9999,-9999,-9999,-9999,-9999,-9999,-9999,-9999,-9999
-9999,-9999,-9999,-9999,-9999,-9999,-9999,-9999,-9999,-9999,31.1335010528564,32.7920799255371,34.3089447021484,31.9160938262939,31.6568851470947,29.5587253570557,31.7193946838379,35.9569396972656,35.4634780883789,33.1466789245605,35.5418319702148,38.6194038391113,38.227596282959,37.9413452148438,37.3178062438965,37.5906143188477,40.3817863464355,41.9402770996094,41.618595123291,42.1461715698242,42.9346694946289,43.2671394348145,43.1899223327637,43.0922927856445,42.7863540649414,42.5374298095703,42.7618865966797,42.3060836791992,42.1579666137695,41.8302841186523,41.5784912109375,41.4684371948242,41.323314666748,41.3685684204102,41.4632797241211,41.7352752685547,42.0131721496582,42.2586059570313,41.1608238220215,39.4873504638672,36.5885696411133,33.6184730529785,33.4717254638672,33.7527732849121,36.4658432006836,38.0006523132324,37.6692924499512,38.0481452941895,38.2197418212891,39.8597564697266,41.8224182128906,42.5937843322754,42.9107360839844,42.9549674987793,42.9358291625977,42.8468399047852,-9999,-9999,-9999,-9999,-9999,-9999,-9999,-9999,-9999,-9999,-9999,-9999,-9999,-9999,-9999,-9999,-9999,-9999,-9999,-9999,-9999,40.7100448608398,40.4601173400879,40.121021270752,39.7203330993652,39.4738006591797,39.2824401855469,39.3505249023438,39.459342956543,39.310131072998,38.8951606750488,36.4029846191406,33.5769157409668,31.9393787384033,29.4094734191895,25.0264320373535,21.9155769348145,20.8119983673096,23.2122955322266,27.2144927978516,30.5684337615967,33.1881675720215,37.0159111022949,40.2722778320313,38.1008644104004,36.5003280639648,38.2684364318848,35.651424407959,33.2793960571289,-9999,-9999,-9999,-9999,-9999,-9999,-9999,-9999,-9999,-9999,-9999,-9999,-9999,-9999,-9999,-9999
-9999,-9999,-9999,-9999,-9999,-9999,-9999,-9999,27.6774921417236,28.7838897705078,29.0942802429199,28.9892482757568,30.162317276001,32.144645690918,31.4646511077881,29.5962867736816,31.7948970794678,36.2978248596191,36.1914863586426,35.3504981994629,37.8929786682129,40.7077026367188,40.0269546508789,39.5283699035645,39.458080291748,39.0435638427734,39.104736328125,39.3908653259277,39.0870780944824,40.3431053161621,43.2233619689941,44.2068328857422,44.1838798522949,44.1465682983398,44.0803413391113,43.9019622802734,43.7485084533691,43.4037742614746,43.2491607666016,43.0527191162109,42.8825149536133,42.6550407409668,42.4924774169922,42.4554672241211,42.3690185546875,42.3738098144531,42.3980827331543,42.4547500610352,42.456428527832,42.5423011779785,40.4340133666992,38.0710487365723,38.1133346557617,38.0865097045898,38.2053565979004,38.6942100524902,38.265266418457,38.6757507324219,40.2155723571777,41.3802108764648,41.9274978637695,42.1891593933105,-9999,-9999,-9999,-9999,-9999,-9999,-9999,-9999,-9999,-9999,-9999,-9999,-9999,-9999,-9999,-9999,-9999,-9999,-9999,-9999,-9999,-9999,-9999,-9999,-9999,-9999,40.1117973327637,39.8000526428223,39.4607849121094,39.2539100646973,39.0952072143555,39.0677795410156,39.0631790161133,39.2853546142578,39.3077087402344,37.8401679992676,35.8261337280273,32.6002388000488,30.1306037902832,29.0382823944092,26.0019454956055,20.360279083252,19.9755153656006,22.5768089294434,28.5344562530518,33.540828704834,35.2297019958496,36.6353759765625,35.2002143859863,34.2659492492676,36.4200286865234,34.3558349609375,33.1235809326172,-9999,-9999,-9999,-9999,-9999,-9999,-9999,-9999,-9999,-9999,-9999,-9999,-9999,-9999,-9999,-9999
-9999,-9999,-9999,-9999,-9999,-9999,-9999,-9999,26.3113899230957,27.6015510559082,28.6980762481689,28.2975654602051,28.5015258789063,28.9109344482422,29.6880493164063,30.4987182617188,33.3876571655273,37.7178382873535,38.0549583435059,36.687614440918,37.9123992919922,39.4375839233398,40.3238296508789,40.9828033447266,40.8470726013184,40.7441177368164,40.1658096313477,39.8380126953125,39.4908409118652,40.3218460083008,42.1064872741699,42.6572303771973,42.5022811889648,42.3813247680664,42.1953010559082,42.0058746337891,41.8921775817871,41.685173034668,41.5127830505371,41.3037605285645,41.1813125610352,41.0088310241699,41.2259368896484,41.9751434326172,42.2535972595215,42.2060852050781,42.114013671875,41.9749526977539,42.1071357727051,42.2456436157227,41.18896484375,40.0057601928711,40.2478446960449,40.3867988586426,40.2570343017578,40.0601425170898,39.7633895874023,40.1019058227539,40.9807777404785,41.5319709777832,41.8380432128906,41.9589920043945,-9999,-9999,-9999,-9999,-9999,-9999,-9999,-9999,-9999,-9999,-9999,-9999,-9999,-9999,-9999,-9999,-9999,-9999,-9999,-9999,-9999,-9999,-9999,-9999,-9999,-9999,-9999,-9999,39.0671539306641,38.9015045166016,38.7787742614746,38.7264442443848,38.6824913024902,38.8961639404297,38.9721260070801,38.0306129455566,36.7897262573242,34.4549827575684,32.3786430358887,30.4933109283447,27.7374267578125,23.5720767974854,21.584020614624,20.2684173583984,24.8940372467041,30.1346988677979,31.2551898956299,32.2184371948242,31.5364189147949,31.4358463287354,34.5717506408691,31.0560283660889,30.4602088928223,-9999,-9999,-9999,-9999,-9999,-9999,-9999,-9999,-9999,-9999,-9999,-9999,-9999,-9999,-9999,-9999
-9999,-9999,-9999,-9999,-9999,-9999,20.6926212310791,26.1034889221191,26.2701892852783,26.1565570831299,27.6124496459961,28.5016937255859,27.9663581848145,26.1307888031006,27.5632610321045,32.0961036682129,35.9467239379883,39.0471153259277,39.2685775756836,38.542366027832,37.8611869812012,37.2294158935547,39.897518157959,42.0025482177734,42.0428695678711,41.9641036987305,41.6349258422852,41.2386436462402,40.8902130126953,40.6622772216797,40.3715972900391,40.083797454834,39.7605361938477,39.4992752075195,39.3188896179199,39.1314430236816,38.9403419494629,38.9066581726074,38.8539772033691,38.7506561279297,38.6374816894531,38.5031547546387,39.2338714599609,41.1478118896484,41.9552536010742,41.8503494262695,41.5967216491699,41.2458610534668,41.0169486999512,40.8119583129883,40.9269599914551,41.0705223083496,41.2585258483887,41.4759979248047,41.4742622375488,41.395751953125,41.1256561279297,40.9748725891113,40.9940032958984,41.2535705566406,41.7011604309082,-9999,-9999,-9999,-9999,-9999,-9999,-9999,-9999,-9999,-9999,-9999,-9999,-9999,-9999,-9999,-9999,-9999,-9999,-9999,-9999,-9999,-9999,-9999,-9999,-9999,-9999,-9999,-9999,-9999,-9999,-9999,-9999,38.3628807067871,38.3021087646484,38.4118003845215,38.445426940918,37.9327964782715,37.3742446899414,36.5626411437988,34.8150405883789,31.2645320892334,28.9733791351318,28.1983833312988,24.4684867858887,18.6308422088623,20.2512168884277,24.2360534667969,26.0153007507324,26.9080181121826,27.3448944091797,28.3716335296631,32.1686210632324,29.8996315002441,-9999,-9999,-9999,-9999,-9999,-9999,-9999,-9999,-9999,-9999,-9999,-9999,-9999,-9999,-9999,-9999,-9999
-9999,-9999,-9999,-9999,-9999,-9999,26.1134548187256,26.1811065673828,25.7937545776367,25.9714832305908,26.0570793151855,28.8764991760254,31.3459587097168,32.1311225891113,33.1390838623047,34.8040428161621,37.2014617919922,39.9699859619141,40.1598167419434,39.3360900878906,38.8562927246094,38.3197937011719,40.3972091674805,42.0873756408691,42.0705871582031,41.9248733520508,41.7188034057617,41.5196151733398,41.1756973266602,40.8013076782227,40.363597869873,40.1002311706543,39.837516784668,39.5471458435059,39.2647857666016,39.4576225280762,39.7038116455078,39.6519165039063,39.5822486877441,39.4324264526367,39.2884712219238,39.2196006774902,39.6040954589844,40.6615905761719,41.1241760253906,41.0709190368652,40.8603363037109,40.5447463989258,40.4297180175781,40.3754463195801,40.4978103637695,40.6396369934082,40.7404899597168,40.825008392334,40.869213104248,40.8564682006836,40.6720581054688,40.5512313842773,40.5115814208984,-9999,-9999,-9999,-9999,-9999,-9999,-9999,-9999,-9999,-9999,-9999,-9999,-9999,-9999,-9999,-9999,-9999,-9999,-9999,-9999,-9999,-9999,-9999,-9999,-9999,-9999,-9999,-9999,-9999,-9999,-9999,-9999,-9999,-9999,-9999,37.897159576416,37.957332611084,37.9871978759766,37.8091163635254,37.534496307373,36.9775466918945,35.9367332458496,34.099308013916,31.8130645751953,29.1393718719482,26.3775959014893,22.6698703765869,21.5052223205566,21.1482830047607,24.3097362518311,27.3869972229004,28.5743350982666,29.8131332397461,31.6292476654053,29.3368034362793,29.9572486877441,27.8341522216797,-9999,-9999,-9999,-9999,-9999,-9999,-9999,-9999,-9999,-9999,-9999,-9999,-9999,-9999,-9999
-9999,-9999,-9999,-9999,25.4240036010742,26.8515243530273,26.1266746520996,25.9903373718262,25.9019088745117,25.8232765197754,26.6559448242188,31.2775344848633,34.7426490783691,37.4348258972168,38.3354606628418,37.3321113586426,38.3087043762207,40.4998588562012,40.7131881713867,40.1877403259277,39.7132034301758,39.2216377258301,40.3414993286133,41.3369827270508,41.4276733398438,41.4698104858398,41.3601379394531,41.2146835327148,41.0301055908203,40.7798805236816,40.4992141723633,40.2128524780273,39.919921875,39.6105346679688,39.3064994812012,39.8969650268555,40.5803298950195,40.4961738586426,40.3969116210938,40.1898727416992,40.0207405090332,39.9936141967773,40.0060653686523,40.0914192199707,40.132194519043,40.1342697143555,40.0048141479492,39.8030166625977,39.8681640625,40.0026931762695,40.0461463928223,40.0762062072754,40.0577926635742,40.0555114746094,-9999,-9999,-9999,-9999,-9999,-9999,-9999,-9999,-9999,-9999,-9999,-9999,-9999,-9999,-9999,-9999,-9999,-9999,-9999,-9999,-9999,-9999,-9999,-9999,-9999,-9999,-9999,-9999,-9999,-9999,-9999,-9999,-9999,-9999,-9999,-9999,-9999,-9999,-9999,-9999,-9999,37.4981651306152,37.5290603637695,37.6685104370117,37.6509819030762,37.1636009216309,36.8172149658203,36.611156463623,34.3879051208496,30.0319175720215,27.8264942169189,26.8489856719971,22.9123954772949,17.8089122772217,23.2095928192139,28.2233772277832,29.9110832214355,31.29248046875,30.9109516143799,22.258975982666,22.8249053955078,28.2580223083496,29.0144386291504,-9999,-9999,-9999,-9999,-9999,-9999,-9999,-9999,-9999,-9999,-9999,-9999,-9999,-9999
-9999,-9999,-9999,-9999,30.4791717529297,28.2412414550781,27.2817687988281,25.8029956817627,26.5281829833984,28.5403823852539,30.3860168457031,33.5516815185547,36.1387138366699,38.1329574584961,39.1442108154297,39.2189636230469,39.6744575500488,40.3664093017578,40.191593170166,39.7002906799316,39.9604606628418,40.3474769592285,40.7463340759277,41.0961380004883,41.1092834472656,41.1097145080566,41.0657196044922,40.9816436767578,40.8450202941895,40.670337677002,40.4585800170898,40.2646064758301,40.0851287841797,39.9303588867188,39.7785835266113,39.9835662841797,40.2310638427734,40.0288429260254,39.8181800842285,39.5283126831055,39.2851409912109,39.173957824707,39.1088752746582,39.1157073974609,39.1156158447266,39.1091766357422,39.0304298400879,-9999,-9999,-9999,-9999,-9999,-9999,-9999,-9999,-9999,-9999,-9999,-9999,-9999,-9999,-9999,-9999,-9999,-9999,-9999,-9999,-9999,-9999,-9999,-9999,-9999,-9999,-9999,-9999,-9999,-9999,-9999,-9999,-9999,-9999,-9999,-9999,-9999,-9999,-9999,-9999,-9999,-9999,-9999,-9999,-9999,-9999,-9999,-9999,-9999,37.1340217590332,37.248966217041,37.2910499572754,37.1222267150879,36.663516998291,35.6578750610352,33.4060134887695,29.7979755401611,27.8517799377441,26.6670303344727,22.2871780395508,16.1783790588379,19.4587726593018,23.4055213928223,25.1365051269531,26.4960041046143,27.2601222991943,28.1343994140625,21.6854152679443,26.672492980957,24.6330223083496,-9999,-9999,-9999,-9999,-9999,-9999,-9999,-9999,-9999,-9999,-9999,-9999,-9999,-9999
-9999,-9999,-9999,-9999,-9999,30.6760406494141,28.6038475036621,28.845516204834,27.3562183380127,31.1886882781982,34.0913963317871,35.9540710449219,37.5320625305176,38.7548751831055,39.6913108825684,40.3954963684082,40.3693046569824,39.8381500244141,39.5077781677246,39.2525596618652,-9999,-9999,-9999,-9999,-9999,-9999,-9999,-9999,-9999,-9999,-9999,-9999,-9999,40.0083999633789,39.9634742736816,39.8521537780762,39.7326011657715,39.4379005432129,-9999,-9999,-9999,-9999,-9999,-9999,-9999,-9999,-9999,-9999,-9999,-9999,-9999,-9999,-9999,-9999,-9999,-9999,-9999,-9999,-9999,-9999,-9999,-9999,-9999,-9999,-9999,-9999,-9999,-9999,-9999,-9999,-9999,-9999,-9999,-9999,-9999,-9999,-9999,-9999,-9999,-9999,-9999,-9999,-9999,-9999,-9999,-9999,-9999,-9999,-9999,-9999,-9999,-9999,-9999,-9999,-9999,-9999,36.7460899353027,36.8574180603027,36.9623641967773,37.0596199035645,36.5817260742188,35.0926666259766,33.0307235717773,30.3094120025635,28.3838386535645,26.8740081787109,22.2448387145996,15.8380146026611,17.0468063354492,18.62131690979,20.5856323242188,22.0481243133545,23.4602909088135,24.7401504516602,24.8427600860596,22.3890705108643,-9999,-9999,-9999,-9999,-9999,-9999,-9999,-9999,-9999,-9999,-9999,-9999,-9999,-9999,-9999
-9999,-9999,-9999,-9999,-9999,30.346643447876,30.2892322540283,31.2755126953125,32.6336059570313,36.242862701416,38.9918594360352,39.4233283996582,39.8154411315918,40.4181709289551,40.6757659912109,40.5674667358398,40.1865348815918,39.6082725524902,-9999,-9999,-9999,-9999,-9999,-9999,-9999,-9999,-9999,-9999,-9999,-9999,-9999,-9999,-9999,-9999,-9999,-9999,-9999,-9999,-9999,-9999,-9999,-9999,-9999,-9999,-9999,-9999,-9999,-9999,-9999,-9999,-9999,-9999,-9999,-9999,-9999,-9999,-9999,-9999,-9999,-9999,-9999,-9999,-9999,-9999,-9999,-9999,-9999,-9999,-9999,-9999,-9999,-9999,-9999,-9999,-9999,-9999,-9999,-9999,-9999,-9999,-9999,-9999,-9999,-9999,-9999,-9999,-9999,-9999,-9999,-9999,-9999,-9999,-9999,-9999,-9999,-9999,-9999,36.6169509887695,36.7897262573242,36.894603729248,36.7997817993164,36.3650588989258,35.4373741149902,33.9435348510742,31.2386360168457,27.6397171020508,24.4692459106445,21.4014472961426,18.7110424041748,16.1597023010254,19.4399528503418,22.1183986663818,20.5637741088867,20.439001083374,21.5651969909668,18.8234462738037,-9999,-9999,-9999,-9999,-9999,-9999,-9999,-9999,-9999,-9999,-9999,-9999,-9999,-9999,-9999
-9999,-9999,30.5950889587402,30.4797306060791,30.5988349914551,30.0340442657471,30.7879180908203,33.1669006347656,36.3308868408203,39.4548225402832,41.631462097168,41.270092010498,41.0562362670898,41.288688659668,41.1027603149414,40.4008560180664,39.7626838684082,-9999,-9999,-9999,-9999,-9999,-9999,-9999,-9999,-9999,-9999,-9999,-9999,-9999,-9999,-9999,-9999,-9999,-9999,-9999,-9999,-9999,-9999,-9999,-9999,-9999,-9999,-9999,-9999,-9999,-9999,-9999,-9999,-9999,-9999,-9999,-9999,-9999,-9999,-9999,-9999,-9999,-9999,-9999,-9999,-9999,-9999,-9999,-9999,-9999,-9999,-9999,-9999,-9999,-9999,-9999,-9999,-9999,-9999,-9999,-9999,-9999,-9999,-9999,-9999,-9999,-9999,-9999,-9999,-9999,-9999,-9999,-9999,-9999,-9999,-9999,-9999,-9999,-9999,-9999,-9999,36.355770111084,36.5756492614746,36.6767311096191,36.8403778076172,37.0984039306641,36.969123840332,36.3942565917969,33.8430213928223,29.7604732513428,27.0932655334473,24.9908638000488,20.5817852020264,15.6256322860718,19.1442089080811,21.069694519043,17.9094009399414,16.9411334991455,21.1634521484375,17.7008495330811,-9999,-9999,-9999,-9999,-9999,-9999,-9999,-9999,-9999,-9999,-9999,-9999,-9999,-9999,-9999
-9999,-9999,-9999,-9999,30.6680088043213,30.1520690917969,31.2344856262207,35.0165786743164,39.0631294250488,40.1585731506348,40.8001861572266,40.6501655578613,40.5380325317383,40.6405334472656,40.3203620910645,39.4853439331055,-9999,-9999,-9999,-9999,-9999,-9999,-9999,-9999,-9999,-9999,-9999,-9999,-9999,-9999,-9999,-9999,-9999,-9999,-9999,-9999,-9999,-9999,-9999,-9999,-9999,-9999,-9999,-9999,-9999,-9999,-9999,-9999,-9999,-9999,-9999,-9999,-9999,-9999,-9999,-9999,-9999,-9999,-9999,-9999,-9999,-9999,-9999,-9999,-9999,-9999,-9999,-9999,-9999,-9999,-9999,-9999,-9999,-9999,-9999,-9999,-9999,-9999,-9999,-9999,-9999,-9999,-9999,-9999,-9999,-9999,-9999,-9999,-9999,-9999,-9999,-9999,-9999,-9999,-9999,-9999,-9999,36.052547454834,36.2722816467285,36.3408660888672,36.4930038452148,36.7734146118164,36.9481735229492,36.9758796691895,36.0264549255371,34.3633995056152,30.4545707702637,25.5641593933105,23.020191192627,20.7439479827881,18.9468231201172,17.2283134460449,16.2535266876221,15.9199514389038,17.4373474121094,18.9720706939697,-9999,-9999,-9999,-9999,-9999,-9999,-9999,-9999,-9999,-9999,-9999,-9999,-9999,-9999,-9999
-9999,-9999,-9999,-9999,30.8138751983643,30.8369045257568,31.2394962310791,36.4182434082031,40.4300765991211,40.4797439575195,40.275806427002,40.3641204833984,40.3497009277344,40.1493339538574,39.6139183044434,-9999,-9999,-9999,-9999,-9999,-9999,-9999,-9999,-9999,-9999,-9999,-9999,-9999,-9999,-9999,-9999,-9999,-9999,-9999,-9999,-9999,-9999,-9999,-9999,-9999,-9999,-9999,-9999,-9999,-9999,-9999,-9999,-9999,-9999,-9999,-9999,-9999,-9999,-9999,-9999,-9999,-9999,-9999,-9999,-9999,-9999,-9999,-9999,-9999,-9999,-9999,-9999,-9999,-9999,-9999,-9999,-9999,-9999,-9999,-9999,-9999,-9999,-9999,-9999,-9999,-9999,-9999,-9999,-9999,-9999,-9999,-9999,-9999,-9999,-9999,-9999,-9999,-9999,-9999,-9999,-9999,-9999,35.7077217102051,35.9358901977539,35.9788093566895,36.0899276733398,36.3017349243164,36.5554962158203,36.8433837890625,36.7540397644043,36.3751106262207,32.1145324707031,25.9123039245605,24.2523670196533,23.1579208374023,18.5561141967773,14.3064193725586,15.2177534103394,15.8754539489746,15.8603715896606,16.7335357666016,13.6561412811279,-9999,-9999,-9999,-9999,-9999,-9999,-9999,-9999,-9999,-9999,-9999,-9999,-9999,-9999
-9999,-9999,-9999,-9999,31.1263103485107,31.0899085998535,32.1871643066406,36.6892623901367,40.4025039672852,40.4240188598633,40.2327575683594,40.5664405822754,40.570068359375,39.8650093078613,39.0208206176758,-9999,-9999,-9999,-9999,-9999,-9999,-9999,-9999,-9999,-9999,-9999,-9999,-9999,-9999,-9999,-9999,-9999,-9999,-9999,-9999,-9999,-9999,-9999,-9999,-9999,-9999,-9999,-9999,-9999,-9999,-9999,-9999,-9999,-9999,-9999,-9999,-9999,-9999,-9999,-9999,-9999,-9999,-9999,-9999,-9999,-9999,-9999,-9999,-9999,-9999,-9999,-9999,-9999,-9999,-9999,-9999,-9999,-9999,-9999,-9999,-9999,-9999,-9999,-9999,-9999,-9999,-9999,-9999,-9999,-9999,-9999,-9999,-9999,-9999,-9999,-9999,-9999,-9999,-9999,-9999,-9999,-9999,35.3097763061523,35.557975769043,35.5843162536621,35.611743927002,35.6312446594238,35.6759147644043,35.7405242919922,35.7063751220703,35.5793228149414,31.7224807739258,26.1587905883789,24.3517093658447,22.8113403320313,17.4040069580078,12.8247385025024,15.1339511871338,16.817964553833,17.3155612945557,17.7769203186035,18.7041072845459,14.0433979034424,-9999,-9999,-9999,-9999,-9999,-9999,-9999,-9999,-9999,-9999,-9999,-9999,-9999
-9999,-9999,-9999,-9999,26.7004547119141,31.1422138214111,32.3840560913086,35.691780090332,38.9182815551758,39.1215057373047,39.1944999694824,40.0767974853516,40.3760452270508,39.5413665771484,-9999,-9999,-9999,-9999,-9999,-9999,-9999,-9999,-9999,-9999,-9999,-9999,-9999,-9999,-9999,-9999,-9999,-9999,-9999,-9999,-9999,-9999,-9999,-9999,-9999,-9999,-9999,-9999,-9999,-9999,-9999,-9999,-9999,-9999,-9999,-9999,-9999,-9999,-9999,-9999,-9999,-9999,-9999,-9999,-9999,-9999,-9999,-9999,-9999,-9999,-9999,-9999,-9999,-9999,-9999,-9999,-9999,-9999,-9999,-9999,-9999,-9999,-9999,-9999,-9999,-9999,-9999,-9999,-9999,-9999,-9999,-9999,-9999,-9999,-9999,-9999,-9999,-9999,-9999,-9999,-9999,-9999,-9999,34.8752822875977,35.1416854858398,35.1828155517578,35.1799850463867,35.0954666137695,35.0916290283203,35.1657638549805,34.9945678710938,34.6696586608887,32.4671401977539,29.5051555633545,26.3726100921631,22.9010276794434,18.4462356567383,14.6952562332153,15.285623550415,15.814305305481,16.525749206543,17.3874549865723,18.2525939941406,18.9623966217041,17.1021041870117,16.6654224395752,-9999,-9999,-9999,-9999,-9999,-9999,-9999,-9999,-9999,-9999,-9999
-9999,-9999,-9999,-9999,29.2453136444092,31.3846397399902,32.6940422058105,34.2387657165527,36.0883369445801,36.6478652954102,37.3174705505371,39.0335388183594,39.8648223876953,39.1843299865723,-9999,-9999,-9999,-9999,-9999,-9999,-9999,-9999,-9999,-9999,-9999,-9999,-9999,-9999,-9999,-9999,-9999,-9999,-9999,-9999,-9999,-9999,-9999,-9999,-9999,-9999,-9999,-9999,-9999,-9999,-9999,-9999,-9999,-9999,-9999,-9999,-9999,-9999,-9999,-9999,-9999,-9999,-9999,-9999,-9999,-9999,-9999,-9999,-9999,-9999,-9999,-9999,-9999,-9999,-9999,-9999,-9999,-9999,-9999,-9999,-9999,-9999,-9999,-9999,-9999,-9999,-9999,-9999,-9999,-9999,-9999,-9999,-9999,-9999,-9999,-9999,-9999,-9999,-9999,-9999,-9999,-9999,-9999,-9999,34.6935844421387,34.7742881774902,34.7826156616211,34.6660003662109,34.7438430786133,35.0108299255371,34.5571365356445,33.6386909484863,33.9462661743164,34.5366477966309,29.6068782806396,23.147424697876,21.1910171508789,19.0088577270508,15.8784246444702,13.5968055725098,14.1609592437744,15.5755176544189,17.6554279327393,18.8079528808594,18.7951107025146,-9999,-9999,-9999,-9999,-9999,-9999,-9999,-9999,-9999,-9999,-9999,-9999
-9999,-9999,-9999,-9999,28.680154800415,30.6397743225098,30.5289249420166,31.344274520874,32.4560470581055,34.7453880310059,36.8945617675781,38.2745819091797,38.9626121520996,38.7349739074707,-9999,-9999,-9999,-9999,-9999,-9999,-9999,-9999,-9999,-9999,-9999,-9999,-9999,-9999,-9999,-9999,-9999,-9999,-9999,-9999,-9999,-9999,-9999,-9999,-9999,-9999,-9999,-9999,-9999,-9999,-9999,-9999,-9999,-9999,-9999,-9999,-9999,-9999,-9999,-9999,-9999,-9999,-9999,-9999,-9999,-9999,-9999,-9999,-9999,-9999,-9999,-9999,-9999,-9999,-9999,-9999,-9999,-9999,-9999,-9999,-9999,-9999,-9999,-9999,-9999,-9999,-9999,-9999,-9999,-9999,-9999,-9999,-9999,-9999,-9999,-9999,-9999,-9999,-9999,-9999,-9999,-9999,-9999,-9999,34.2853164672852,34.3815269470215,34.4030952453613,34.2971076965332,34.4248733520508,34.7739372253418,34.5330543518066,33.9231300354004,34.7870025634766,35.9556884765625,30.6230430603027,23.3877449035645,22.0292530059814,20.0256042480469,15.5899391174316,12.3225526809692,12.3930063247681,13.9089479446411,16.9382152557373,23.4165000915527,31.9312553405762,29.8424968719482,34.5370941162109,-9999,-9999,-9999,-9999,-9999,-9999,-9999,-9999,-9999,-9999
-9999,-9999,-9999,-9999,-9999,22.0778255462646,28.0025901794434,29.3593902587891,28.8044872283936,33.2570724487305,36.8274765014648,37.4905586242676,37.8535194396973,38.2378921508789,-9999,-9999,-9999,-9999,-9999,-9999,-9999,-9999,-9999,-9999,-9999,-9999,-9999,-9999,-9999,-9999,-9999,-9999,-9999,-9999,-9999,-9999,-9999,-9999,-9999,-9999,-9999,-9999,-9999,-9999,-9999,-9999,-9999,-9999,-9999,-9999,-9999,-9999,-9999,-9999,-9999,-9999,-9999,-9999,-9999,-9999,-9999,-9999,-9999,-9999,-9999,-9999,-9999,-9999,-9999,-9999,-9999,-9999,-9999,-9999,-9999,-9999,-9999,-9999,-9999,-9999,-9999,-9999,-9999,-9999,-9999,-9999,-9999,-9999,-9999,-9999,-9999,-9999,-9999,-9999,-9999,-9999,-9999,-9999,33.8909912109375,33.9925346374512,34.028636932373,33.9560928344727,34.1182746887207,34.4989280700684,34.6924133300781,34.7644577026367,35.4296035766602,36.1129608154297,30.780387878418,23.7592353820801,22.0432205200195,19.9375667572021,14.6085529327393,11.123254776001,10.7696294784546,12.1832275390625,16.1632862091064,23.0960063934326,31.7332134246826,33.9399261474609,35.0715675354004,32.1278953552246,-9999,-9999,-9999,-9999,-9999,-9999,-9999,-9999,-9999
-9999,-9999,-9999,-9999,-9999,25.162691116333,26.4575271606445,26.2542972564697,27.7568683624268,32.8671607971191,36.8198165893555,37.1719131469727,37.5534057617188,38.0399742126465,-9999,-9999,-9999,-9999,-9999,-9999,-9999,-9999,-9999,-9999,-9999,-9999,-9999,-9999,-9999,-9999,-9999,-9999,-9999,-9999,-9999,-9999,-9999,-9999,-9999,-9999,-9999,-9999,-9999,-9999,-9999,-9999,-9999,-9999,-9999,-9999,-9999,-9999,-9999,-9999,-9999,-9999,-9999,-9999,-9999,-9999,-9999,-9999,-9999,-9999,-9999,-9999,-9999,-9999,-9999,-9999,-9999,-9999,-9999,-9999,-9999,-9999,-9999,-9999,-9999,-9999,-9999,-9999,-9999,-9999,-9999,-9999,-9999,-9999,-9999,-9999,-9999,-9999,-9999,-9999,-9999,-9999,-9999,-9999,33.5034866333008,33.612720489502,33.6675033569336,33.6391181945801,33.781681060791,34.0781021118164,34.2825393676758,34.4153747558594,35.1203727722168,35.8379440307617,30.7823028564453,24.036205291748,22.3424339294434,20.1759414672852,14.5726776123047,10.9809980392456,11.500828742981,13.5751781463623,17.0125732421875,22.61208152771,29.2278995513916,33.3696060180664,37.3319473266602,37.9639167785645,-9999,-9999,-9999,-9999,-9999,-9999,-9999,-9999,-9999
-9999,-9999,-9999,-9999,-9999,25.1230792999268,25.1260643005371,26.0733051300049,27.4020519256592,33.036491394043,36.8415603637695,37.1089172363281,37.4232444763184,37.905704498291,-9999,-9999,-9999,-9999,-9999,-9999,-9999,-9999,-9999,-9999,-9999,-9999,-9999,-9999,-9999,-9999,-9999,-9999,-9999,-9999,-9999,-9999,-9999,-9999,-9999,-9999,-9999,-9999,-9999,-9999,-9999,-9999,-9999,-9999,-9999,-9999,-9999,-9999,-9999,-9999,-9999,-9999,-9999,-9999,-9999,-9999,-9999,-9999,-9999,-9999,-9999,-9999,-9999,-9999,-9999,-9999,-9999,-9999,-9999,-9999,-9999,-9999,-9999,-9999,-9999,-9999,-9999,-9999,-9999,-9999,-9999,-9999,-9999,-9999,-9999,-9999,-9999,-9999,-9999,-9999,-9999,-9999,-9999,-9999,-9999,33.2304267883301,33.3056449890137,33.3256378173828,33.4367980957031,33.6254653930664,33.7476654052734,33.8064956665039,34.6432800292969,35.522647857666,30.7124767303467,24.2990379333496,22.6343631744385,20.3624877929688,14.6910619735718,11.0594310760498,12.9896469116211,15.3348188400269,18.4335193634033,21.9161624908447,25.8448753356934,31.2029724121094,37.1230087280273,38.4645309448242,-9999,-9999,-9999,-9999,-9999,-9999,-9999,-9999,-9999
-9999,-9999,-9999,-9999,-9999,-9999,24.2472171783447,24.7922096252441,25.9897880554199,32.1735801696777,36.3821220397949,36.8401222229004,37.1716270446777,-9999,-9999,-9999,-9999,-9999,-9999,-9999,-9999,-9999,-9999,-9999,-9999,-9999,-9999,-9999,-9999,-9999,-9999,-9999,-9999,-9999,-9999,-9999,-9999,-9999,-9999,-9999,-9999,-9999,-9999,-9999,-9999,-9999,-9999,-9999,-9999,-9999,-9999,-9999,-9999,-9999,-9999,-9999,-9999,-9999,-9999,-9999,-9999,-9999,-9999,-9999,-9999,-9999,-9999,-9999,-9999,-9999,-9999,-9999,-9999,-9999,-9999,-9999,-9999,-9999,-9999,-9999,-9999,-9999,-9999,-9999,-9999,-9999,-9999,-9999,-9999,-9999,-9999,-9999,-9999,-9999,-9999,-9999,-9999,-9999,-9999,32.9606094360352,33.0611381530762,33.1214752197266,33.2209205627441,33.3487663269043,33.6701469421387,34.0836296081543,34.6053810119629,35.0052299499512,30.4704933166504,24.580904006958,22.9767208099365,21.0482025146484,17.8239421844482,14.9251375198364,13.6324911117554,13.4614763259888,14.8432731628418,19.317590713501,25.6241035461426,29.597599029541,32.455680847168,33.9305648803711,-9999,-9999,-9999,-9999,-9999,-9999,-9999,-9999,-9999
-9999,-9999,-9999,-9999,-9999,-9999,22.8769950866699,22.4915657043457,24.6329975128174,31.2408409118652,36.0464630126953,36.5583686828613,36.906005859375,-9999,-9999,-9999,-9999,-9999,-9999,-9999,-9999,-9999,-9999,-9999,-9999,-9999,-9999,-9999,-9999,-9999,-9999,-9999,-9999,-9999,-9999,-9999,-9999,-9999,-9999,-9999,-9999,-9999,-9999,-9999,-9999,-9999,-9999,-9999,-9999,-9999,-9999,-9999,-9999,-9999,-9999,-9999,-9999,-9999,-9999,-9999,-9999,-9999,-9999,-9999,-9999,-9999,-9999,-9999,-9999,-9999,-9999,-9999,-9999,-9999,-9999,-9999,-9999,-9999,-9999,-9999,-9999,-9999,-9999,-9999,-9999,-9999,-9999,-9999,-9999,-9999,-9999,-9999,-9999,-9999,-9999,-9999,-9999,-9999,-9999,32.7043647766113,32.8273696899414,32.9186477661133,33.0065498352051,33.0836181640625,33.5924224853516,34.3341865539551,34.5544929504395,34.5093460083008,30.2508316040039,24.8354434967041,23.3548793792725,21.8519287109375,20.7594051361084,18.6211643218994,14.158618927002,11.3779392242432,11.2278137207031,16.5828151702881,25.2503089904785,27.6185684204102,27.8281688690186,23.9251651763916,17.5636444091797,15.9666061401367,-9999,-9999,-9999,-9999,-9999,-9999,-9999
-9999,-9999,-9999,-9999,-9999,-9999,21.5411071777344,21.812442779541,22.9484672546387,30.2347946166992,35.2837295532227,36.0124473571777,36.6277961730957,-9999,-9999,-9999,-9999,-9999,-9999,-9999,-9999,-9999,-9999,-9999,-9999,-9999,-9999,-9999,-9999,-9999,-9999,-9999,-9999,-9999,-9999,-9999,-9999,-9999,-9999,-9999,-9999,-9999,-9999,-9999,-9999,-9999,-9999,-9999,-9999,-9999,-9999,-9999,-9999,-9999,-9999,-9999,-9999,-9999,-9999,-9999,-9999,-9999,-9999,-9999,-9999,-9999,-9999,-9999,-9999,-9999,-9999,-9999,-9999,-9999,-9999,-9999,-9999,-9999,-9999,-9999,-9999,-9999,-9999,-9999,-9999,-9999,-9999,-9999,-9999,-9999,-9999,-9999,-9999,-9999,-9999,-9999,-9999,-9999,-9999,32.5705146789551,32.6640319824219,32.6889991760254,32.7495727539063,32.8332939147949,33.3225860595703,34.032642364502,34.2611236572266,34.270622253418,30.1634311676025,24.9699401855469,23.6092510223389,22.2246036529541,20.9596920013428,18.7494373321533,13.9381895065308,11.5803298950195,12.8000688552856,16.0466976165771,20.6931171417236,21.8507194519043,21.460485458374,19.7931098937988,17.2623291015625,13.4505310058594,8.0326042175293,-9999,-9999,-9999,-9999,-9999,-9999
-9999,-9999,-9999,-9999,-9999,-9999,-9999,-9999,-9999,-9999,-9999,-9999,-9999,-9999,-9999,-9999,-9999,-9999,-9999,-9999,-9999,-9999,-9999,-9999,-9999,-9999,-9999,-9999,-9999,-9999,-9999,-9999,-9999,-9999,-9999,-9999,-9999,-9999,-9999,-9999,-9999,-9999,-9999,-9999,-9999,-9999,-9999,-9999,-9999,-9999,-9999,-9999,-9999,-9999,-9999,-9999,-9999,-9999,-9999,-9999,-9999,-9999,-9999,-9999,-9999,-9999,-9999,-9999,-9999,-9999,-9999,-9999,-9999,-9999,-9999,-9999,-9999,-9999,-9999,-9999,-9999,-9999,-9999,-9999,-9999,-9999,-9999,-9999,-9999,-9999,-9999,-9999,-9999,-9999,-9999,-9999,-9999,-9999,-9999,-9999,32.489070892334,32.4594230651855,32.5029144287109,32.6053123474121,33.0883522033691,33.7790565490723,33.9952087402344,33.9849319458008,30.5959243774414,26.3952808380127,24.4800395965576,22.5669803619385,21.2677097320557,18.8601264953613,13.6343879699707,11.6003751754761,13.72340965271,15.2782230377197,16.3255443572998,15.9168195724487,14.8439807891846,15.1023120880127,15.9458169937134,9.82133769989014,7.61952590942383,2.97853565216064,-9999,-9999,-9999,-9999,-9999
-9999,-9999,-9999,-9999,-9999,-9999,-9999,-9999,-9999,-9999,-9999,-9999,-9999,-9999,-9999,-9999,-9999,-9999,-9999,-9999,-9999,-9999,-9999,-9999,-9999,-9999,-9999,-9999,-9999,-9999,-9999,-9999,-9999,-9999,-9999,-9999,-9999,-9999,-9999,-9999,-9999,-9999,-9999,-9999,-9999,-9999,-9999,-9999,-9999,-9999,-9999,-9999,-9999,-9999,-9999,-9999,-9999,-9999,-9999,-9999,-9999,-9999,-9999,-9999,-9999,-9999,-9999,-9999,-9999,-9999,-9999,-9999,-9999,-9999,-9999,-9999,-9999,-9999,-9999,-9999,-9999,-9999,-9999,-9999,-9999,-9999,-9999,-9999,-9999,-9999,-9999,-9999,-9999,-9999,-9999,-9999,-9999,-9999,-9999,-9999,32.2778358459473,32.2365989685059,32.3053131103516,32.4713287353516,32.9941139221191,33.7087211608887,33.8801383972168,33.8146209716797,33.0331497192383,32.0409698486328,27.4308586120605,22.8269958496094,21.5394763946533,19.1266899108887,14.0179595947266,11.4055948257446,13.3242092132568,13.7333335876465,13.3572978973389,12.1266241073608,10.2203540802002,9.654221534729,9.71185493469238,6.67252922058105,3.3431830406189,3.24692058563232,2.76251602172852,-9999,-9999,-9999,-9999
-9999,-9999,-9999,-9999,-9999,-9999,-9999,-9999,-9999,-9999,-9999,-9999,-9999,-9999,-9999,-9999,-9999,-9999,-9999,-9999,-9999,-9999,-9999,-9999,-9999,-9999,-9999,-9999,-9999,-9999,-9999,-9999,-9999,-9999,-9999,-9999,-9999,-9999,-9999,-9999,-9999,-9999,-9999,-9999,-9999,-9999,-9999,-9999,-9999,-9999,-9999,-9999,-9999,-9999,-9999,-9999,-9999,-9999,-9999,-9999,-9999,-9999,-9999,-9999,-9999,-9999,-9999,-9999,-9999,-9999,-9999,-9999,-9999,-9999,-9999,-9999,-9999,-9999,-9999,-9999,-9999,-9999,-9999,-9999,-9999,-9999,-9999,-9999,-9999,-9999,-9999,-9999,-9999,-9999,-9999,-9999,-9999,-9999,-9999,-9999,32.0848121643066,32.0559768676758,32.1468391418457,32.3596687316895,32.8003158569336,33.3626441955566,33.617317199707,33.7041969299316,34.5364875793457,35.2497291564941,29.2794456481934,23.0627689361572,21.8655624389648,19.5026664733887,14.1122360229492,11.3988809585571,12.5707216262817,12.2128620147705,10.8834934234619,9.19471836090088,7.35502052307129,6.19458866119385,5.1389331817627,4.30533790588379,3.45568704605103,2.74934411048889,2.50951647758484,-9999,-9999,-9999,-9999
-9999,-9999,-9999,-9999,-9999,-9999,-9999,-9999,-9999,-9999,-9999,-9999,-9999,-9999,-9999,-9999,-9999,-9999,-9999,-9999,-9999,-9999,-9999,-9999,-9999,-9999,-9999,-9999,-9999,-9999,-9999,-9999,-9999,-9999,-9999,-9999,-9999,-9999,-9999,-9999,-9999,-9999,-9999,-9999,-9999,-9999,-9999,-9999,-9999,-9999,-9999,-9999,-9999,-9999,-9999,-9999,-9999,-9999,-9999,-9999,-9999,-9999,-9999,-9999,-9999,-9999,-9999,-9999,-9999,-9999,-9999,-9999,-9999,-9999,-9999,-9999,-9999,-9999,-9999,-9999,-9999,-9999,-9999,-9999,-9999,-9999,-9999,-9999,-9999,-9999,-9999,-9999,-9999,-9999,-9999,-9999,-9999,-9999,-9999,-9999,-9999,31.9531536102295,32.0726165771484,32.2954597473145,32.4164924621582,32.4744911193848,33.0578880310059,33.6982307434082,34.5999641418457,35.3183975219727,29.4091358184814,23.2826347351074,22.178882598877,19.9300441741943,14.5811538696289,11.5594072341919,12.3792905807495,11.7590351104736,9.56429004669189,8.44340515136719,7.87592458724976,6.22466230392456,3.73605227470398,3.2799026966095,2.80923652648926,2.49235773086548,2.23872780799866,-9999,-9999,3.30000376701355,3.40915322303772
-9999,-9999,-9999,-9999,-9999,-9999,-9999,-9999,-9999,-9999,-9999,-9999,-9999,-9999,-9999,-9999,-9999,-9999,-9999,-9999,-9999,-9999,-9999,-9999,-9999,-9999,-9999,-9999,-9999,-9999,-9999,-9999,-9999,-9999,-9999,-9999,-9999,-9999,-9999,-9999,-9999,-9999,-9999,-9999,-9999,-9999,-9999,-9999,-9999,-9999,-9999,-9999,-9999,-9999,-9999,-9999,-9999,-9999,-9999,-9999,-9999,-9999,-9999,-9999,-9999,-9999,-9999,-9999,-9999,-9999,-9999,-9999,-9999,-9999,-9999,-9999,-9999,-9999,-9999,-9999,-9999,-9999,-9999,-9999,-9999,-9999,-9999,-9999,-9999,-9999,-9999,-9999,-9999,-9999,-9999,-9999,-9999,-9999,-9999,-9999,-9999,-9999,32.0164451599121,32.1926879882813,32.1482429504395,31.9620304107666,32.6826286315918,33.5667915344238,34.5632781982422,35.3628959655762,29.5881767272949,23.3298206329346,20.218090057373,16.7596263885498,12.6236782073975,10.3210506439209,10.8056373596191,9.88243389129639,7.46570253372192,6.91926670074463,7.01070070266724,5.63917398452759,3.04850649833679,2.77775192260742,2.79821133613586,2.61659622192383,2.58920741081238,2.97702145576477,3.25477242469788,3.28845739364624,3.37495613098145
-9999,-9999,-9999,-9999,-9999,-9999,-9999,-9999,-9999,-9999,-9999,-9999,-9999,-9999,-9999,-9999,-9999,-9999,-9999,-9999,-9999,-9999,-9999,-9999,-9999,-9999,-9999,-9999,-9999,-9999,-9999,-9999,-9999,-9999,-9999,-9999,-9999,-9999,-9999,-9999,-9999,-9999,-9999,-9999,-9999,-9999,-9999,-9999,-9999,-9999,-9999,-9999,-9999,-9999,-9999,-9999,-9999,-9999,-9999,-9999,-9999,-9999,-9999,-9999,-9999,-9999,-9999,-9999,-9999,-9999,-9999,-9999,-9999,-9999,-9999,-9999,-9999,-9999,-9999,-9999,-9999,-9999,-9999,-9999,-9999,-9999,-9999,-9999,-9999,-9999,-9999,-9999,-9999,-9999,-9999,-9999,-9999,-9999,-9999,-9999,-9999,-9999,-9999,32.0494155883789,32.0110855102539,31.8931064605713,32.5043907165527,33.2151908874512,34.430347442627,35.4389572143555,29.8745288848877,23.2312278747559,15.4210767745972,8.97199249267578,8.02193737030029,7.27026176452637,7.72446727752686,6.75333404541016,4.80605459213257,4.02413272857666,4.28072261810303,3.91081786155701,3.30902481079102,3.37354850769043,3.30466461181641,3.21844863891602,3.18844175338745,3.20228338241577,3.14772033691406,2.96933531761169,2.8211498260498
-9999,-9999,-9999,-9999,-9999,-9999,-9999,-9999,-9999,-9999,-9999,-9999,-9999,-9999,-9999,-9999,-9999,-9999,-9999,-9999,-9999,-9999,-9999,-9999,-9999,-9999,-9999,-9999,-9999,-9999,-9999,-9999,-9999,-9999,-9999,-9999,-9999,-9999,-9999,-9999,-9999,-9999,-9999,-9999,-9999,-9999,-9999,-9999,-9999,-9999,-9999,-9999,-9999,-9999,-9999,-9999,-9999,-9999,-9999,-9999,-9999,-9999,-9999,-9999,-9999,-9999,-9999,-9999,-9999,-9999,-9999,-9999,-9999,-9999,-9999,-9999,-9999,-9999,-9999,-9999,-9999,-9999,-9999,-9999,-9999,-9999,-9999,-9999,-9999,-9999,-9999,-9999,-9999,-9999,-9999,-9999,-9999,-9999,-9999,-9999,-9999,-9999,-9999,31.9137935638428,31.9614295959473,32.0347709655762,32.3917121887207,32.747989654541,33.880802154541,34.8991775512695,29.7570514678955,23.328670501709,13.6670513153076,6.22097539901733,6.58189535140991,6.80752897262573,6.99172115325928,6.11561250686646,3.60140371322632,2.73632454872131,3.01412439346313,3.11212277412415,3.43189144134521,3.46174740791321,3.31474542617798,3.26534008979797,3.2630660533905,2.91280579566956,4.47394800186157,9.48885726928711,15.0146808624268
-9999,-9999,-9999,-9999,-9999,-9999,-9999,-9999,-9999,-9999,-9999,-9999,-9999,-9999,-9999,-9999,-9999,-9999,-9999,-9999,-9999,-9999,-9999,-9999,-9999,-9999,-9999,-9999,-9999,-9999,-9999,-9999,-9999,-9999,-9999,-9999,-9999,-9999,-9999,-9999,-9999,-9999,-9999,-9999,-9999,-9999,-9999,-9999,-9999,-9999,-9999,-9999,-9999,-9999,-9999,-9999,-9999,-9999,-9999,-9999,-9999,-9999,-9999,-9999,-9999,-9999,-9999,-9999,-9999,-9999,-9999,-9999,-9999,-9999,-9999,-9999,-9999,-9999,-9999,-9999,-9999,-9999,-9999,-9999,-9999,-9999,-9999,-9999,-9999,-9999,-9999,-9999,-9999,-9999,-9999,-9999,-9999,-9999,-9999,-9999,-9999,-9999,-9999,-9999,31.9834251403809,32.3143997192383,32.4636192321777,32.501651763916,33.0558547973633,33.9313125610352,29.352933883667,23.0256748199463,13.3085193634033,6.4413013458252,7.29320478439331,7.52629518508911,7.74509811401367,6.53392314910889,3.75867366790771,2.56731986999512,2.59806060791016,2.74410486221313,2.78176760673523,2.62422323226929,2.4874062538147,2.37203574180603,2.38982486724854,2.11212754249573,6.64826583862305,20.1784439086914,30.8278217315674
-9999,-9999,-9999,-9999,-9999,-9999,-9999,-9999,-9999,-9999,-9999,-9999,-9999,-9999,-9999,-9999,-9999,-9999,-9999,-9999,-9999,-9999,-9999,-9999,-9999,-9999,-9999,-9999,-9999,-9999,-9999,-9999,-9999,-9999,-9999,-9999,-9999,-9999,-9999,-9999,-9999,-9999,-9999,-9999,-9999,-9999,-9999,-9999,-9999,-9999,-9999,-9999,-9999,-9999,-9999,-9999,-9999,-9999,-9999,-9999,-9999,-9999,-9999,-9999,-9999,-9999,-9999,-9999,-9999,-9999,-9999,-9999,-9999,-9999,-9999,-9999,-9999,-9999,-9999,-9999,-9999,-9999,-9999,-9999,-9999,-9999,-9999,-9999,-9999,-9999,-9999,-9999,-9999,-9999,-9999,-9999,-9999,-9999,-9999,-9999,-9999,-9999,-9999,-9999,-9999,-9999,32.2214317321777,32.1266021728516,32.6825180053711,33.2402305603027,30.334228515625,25.9875926971436,18.7534866333008,13.2666902542114,11.5753993988037,10.5252447128296,10.7325944900513,9.97113513946533,8.02464294433594,8.84820652008057,10.9224319458008,11.0976839065552,10.7867946624756,12.0679769515991,14.2257089614868,15.6541519165039,16.6129245758057,16.0770225524902,18.3806953430176,26.2005081176758,32.6728134155273
-9999,-9999,-9999,-9999,-9999,-9999,-9999,-9999,-9999,-9999,-9999,-9999,-9999,-9999,-9999,-9999,-9999,-9999,-9999,-9999,-9999,-9999,-9999,-9999,-9999,-9999,-9999,-9999,-9999,-9999,-9999,-9999,-9999,-9999,-9999,-9999,-9999,-9999,-9999,-9999,-9999,-9999,-9999,-9999,-9999,-9999,-9999,-9999,-9999,-9999,-9999,-9999,-9999,-9999,-9999,-9999,-9999,-9999,-9999,-9999,-9999,-9999,-9999,-9999,-9999,-9999,-9999,-9999,-9999,-9999,-9999,-9999,-9999,-9999,-9999,-9999,-9999,-9999,-9999,-9999,-9999,-9999,-9999,-9999,-9999,-9999,-9999,-9999,-9999,-9999,-9999,-9999,-9999,-9999,-9999,-9999,-9999,-9999,-9999,-9999,-9999,-9999,-9999,-9999,-9999,-9999,-9999,-9999,31.9219970703125,32.1770286560059,31.8909397125244,31.1812076568604,27.6120376586914,23.1714515686035,17.6560688018799,14.6284370422363,15.3610897064209,15.4928922653198,14.4751977920532,17.6667404174805,22.5851707458496,22.8804531097412,22.0376930236816,24.8126182556152,27.6564064025879,29.9299850463867,31.5890846252441,31.0141544342041,30.6076698303223,30.5809707641602,-9999
-9999,-9999,-9999,-9999,-9999,-9999,-9999,-9999,-9999,-9999,-9999,-9999,-9999,-9999,-9999,-9999,-9999,-9999,-9999,-9999,-9999,-9999,-9999,-9999,-9999,-9999,-9999,-9999,-9999,-9999,-9999,-9999,-9999,-9999,-9999,-9999,-9999,-9999,-9999,-9999,-9999,-9999,-9999,-9999,-9999,-9999,-9999,-9999,-9999,-9999,-9999,-9999,-9999,-9999,-9999,-9999,-9999,-9999,-9999,-9999,-9999,-9999,-9999,-9999,-9999,-9999,-9999,-9999,-9999,-9999,-9999,-9999,-9999,-9999,-9999,-9999,-9999,-9999,-9999,-9999,-9999,-9999,-9999,-9999,-9999,-9999,-9999,-9999,-9999,-9999,-9999,-9999,-9999,-9999,-9999,-9999,-9999,-9999,-9999,-9999,-9999,-9999,-9999,-9999,-9999,-9999,-9999,-9999,-9999,-9999,31.6575489044189,31.454418182373,29.6348514556885,27.4909591674805,24.596212387085,22.8291435241699,22.9577541351318,22.781909942627,22.3349132537842,23.9975833892822,26.5850200653076,26.78564453125,26.3863143920898,27.8607158660889,29.4093933105469,30.6929473876953,31.6429767608643,31.255729675293,-9999,-9999,-9999
-9999,-9999,-9999,-9999,-9999,-9999,-9999,-9999,-9999,-9999,-9999,-9999,-9999,-9999,-9999,-9999,-9999,-9999,-9999,-9999,-9999,-9999,-9999,-9999,-9999,-9999,-9999,-9999,-9999,-9999,-9999,-9999,-9999,-9999,-9999,-9999,-9999,-9999,-9999,-9999,-9999,-9999,-9999,-9999,-9999,-9999,-9999,-9999,-9999,-9999,-9999,-9999,-9999,-9999,-9999,-9999,-9999,-9999,-9999,-9999,-9999,-9999,-9999,-9999,-9999,-9999,-9999,-9999,-9999,-9999,-9999,-9999,-9999,-9999,-9999,-9999,-9999,-9999,-9999,-9999,-9999,-9999,-9999,-9999,-9999,-9999,-9999,-9999,-9999,-9999,-9999,-9999,-9999,-9999,-9999,-9999,-9999,-9999,-9999,-9999,-9999,-9999,-9999,-9999,-9999,-9999,-9999,-9999,-9999,-9999,-9999,-9999,-9999,-9999,-9999,-9999,-9999,-9999,-9999,-9999,-9999,-9999,-9999,-9999,-9999,-9999,-9999,-9999,-9999,-9999,-9999
-9999,-9999,-9999,-9999,-9999,-9999,-9999,-9999,-9999,-9999,-9999,-9999,-9999,-9999,-9999,-9999,-9999,-9999,-9999,-9999,-9999,-9999,-9999,-9999,-9999,-9999,-9999,-9999,-9999,-9999,-9999,-9999,-9999,-9999,-9999,-9999,-9999,-9999,-9999,-9999,-9999,-9999,-9999,-9999,-9999,-9999,-9999,-9999,-9999,-9999,-9999,-9999,-9999,-9999,-9999,-9999,-9999,-9999,-9999,-9999,-9999,-9999,-9999,-9999,-9999,-9999,-9999,-9999,-9999,-9999,-9999,-9999,-9999,-9999,-9999,-9999,-9999,-9999,-9999,-9999,-9999,-9999,-9999,-9999,-9999,-9999,-9999,-9999,-9999,-9999,-9999,-9999,-9999,-9999,-9999,-9999,-9999,-9999,-9999,-9999,-9999,-9999,-9999,-9999,-9999,-9999,-9999,-9999,-9999,-9999,-9999,-9999,-9999,-9999,-9999,-9999,-9999,-9999,-9999,-9999,-9999,-9999,-9999,-9999,-9999,-9999,-9999,-9999,-9999,-9999,-9999

Step,229
Year,19.08333
-9999,-9999,-9999,-9999,-9999,-9999,-9999,-9999,-9999,-9999,-9999,-9999,-9999,-9999,-9999,-9999,-9999,-9999,-9999,-9999,-9999,-9999,-9999,-9999,-9999,-9999,-9999,-9999,-9999,-9999,-9999,-9999,-9999,-9999,-9999,-9999,-9999,-9999,-9999,-9999,-9999,-9999,-9999,-9999,-9999,-9999,-9999,-9999,-9999,-9999,-9999,-9999,-9999,-9999,-9999,-9999,-9999,-9999,-9999,-9999,-9999,-9999,-9999,-9999,-9999,-9999,-9999,-9999,-9999,-9999,-9999,-9999,-9999,-9999,-9999,-9999,-9999,-9999,-9999,-9999,-9999,-9999,-9999,-9999,-9999,-9999,-9999,-9999,-9999,-9999,-9999,-9999,-9999,-9999,-9999,-9999,-9999,-9999,-9999,-9999,-9999,-9999,-9999,-9999,-9999,-9999,-9999,-9999,-9999,-9999,-9999,-9999,-9999,-9999,-9999,-9999,-9999,-9999,-9999,-9999,-9999,-9999,-9999,-9999,-9999,-9999,-9999,-9999,-9999,-9999,-9999
-9999,-9999,-9999,-9999,-9999,-9999,-9999,-9999,-9999,-9999,-9999,-9999,-9999,-9999,-9999,-9999,-9999,-9999,-9999,-9999,-9999,-9999,-9999,-9999,-9999,-9999,-9999,-9999,-9999,-9999,-9999,-9999,-9999,-9999,-9999,-9999,-9999,-9999,-9999,-9999,-9999,-9999,-9999,-9999,-9999,-9999,-9999,-9999,-9999,-9999,-9999,-9999,-9999,-9999,-9999,-9999,-9999,-9999,-9999,-9999,-9999,-9999,-9999,-9999,-9999,-9999,-9999,-9999,-9999,-9999,-9999,-9999,-9999,-9999,-9999,-9999,-9999,-9999,-9999,-9999,-9999,-9999,-9999,-9999,-9999,-9999,-9999,-9999,-9999,-9999,-9999,-9999,-9999,-9999,-9999,-9999,-9999,-9999,-9999,-9999,-9999,-9999,-9999,-9999,-9999,-9999,-9999,-9999,-9999,-9999,-9999,-9999,-9999,-9999,-9999,-9999,-9999,-9999,-9999,-9999,-9999,-9999,-9999,-9999,-9999,-9999,-9999,-9999,-9999,-9999,-9999
-9999,-9999,-9999,-9999,-9999,-9999,-9999,-9999,-9999,-9999,-9999,-9999,-9999,-9999,-9999,-9999,-9999,-9999,-9999,-9999,-9999,-9999,-9999,-9999,-9999,-9999,-9999,-9999,-9999,-9999,-9999,-9999,-9999,-9999,-9999,-9999,-9999,-9999,-9999,-9999,-9999,-9999,-9999,-9999,-9999,-9999,-9999,-9999,-9999,-9999,-9999,-9999,-9999,-9999,-9999,-9999,-9999,-9999,-9999,-9999,-9999,-9999,-9999,-9999,-9999,-9999,-9999,-9999,-9999,-9999,-9999,-9999,-9999,-9999,37.0096321105957,37.8277359008789,-9999,-9999,-9999,-9999,-9999,-9999,-9999,-9999,-9999,-9999,-9999,-9999,-9999,-9999,-9999,-9999,-9999,-9999,-9999,-9999,-9999,-9999,-9999,-9999,-9999,-9999,-9999,-9999,-9999,-9999,-9999,-9999,-9999,-9999,-9999,-9999,-9999,-9999,-9999,-9999,-9999,-9999,-9999,-9999,-9999,-9999,-9999,-9999,-9999,-9999,-9999,-9999,-9999,-9999,-9999
-9999,-9999,-9999,-9999,-9999,-9999,-9999,-9999,-9999,-9999,-9999,-9999,-9999,-9999,-9999,-9999,-9999,-9999,-9999,-9999,-9999,-9999,-9999,-9999,-9999,-9999,-9999,-9999,-9999,-9999,-9999,-9999,-9999,-9999,-9999,-9999,-9999,-9999,-9999,-9999,-9999,-9999,-9999,-9999,-9999,-9999,-9999,-9999,-9999,-9999,-9999,-9999,-9999,-9999,-9999,-9999,-9999,-9999,-9999,-9999,-9999,-9999,-9999,-9999,-9999,-9999,-9999,-9999,-9999,-9999,-9999,-9999,-9999,-9999,38.117862701416,37.9272346496582,-9999,-9999,-9999,-9999,-9999,-9999,-9999,-9999,-9999,-9999,-9999,-9999,-9999,-9999,-9999,-9999,-9999,-9999,-9999,-9999,-9999,-9999,-9999,-9999,-9999,-9999,-9999,-9999,-9999,-9999,-9999,-9999,-9999,-9999,-9999,-9999,-9999,-9999,-9999,-9999,-9999,-9999,-9999,-9999,-9999,-9999,-9999,-9999,-9999,-9999,-9999,-9999,-9999,-9999,-9999
-9999,-9999,-9999,-9999,-9999,-9999,-9999,-9999,-9999,-9999,-9999,-9999,-9999,-9999,-9999,-9999,-9999,-9999,-9999,-9999,-9999,-9999,-9999,-9999,-9999,-9999,-9999,-9999,-9999,-9999,-9999,-9999,-9999,-9999,-9999,-9999,-9999,-9999,-9999,-9999,-9999,-9999,-9999,-9999,-9999,-9999,-9999,-9999,-9999,-9999,-9999,-9999,-9999,-9999,-9999,-9999,6.17531741888E-13,1.09009477000654E-08,1.08173399127054E-08,1.08020454803182E-08,-9999,-9999,-9999,-9999,-9999,38.6962699890137,38.5659332275391,39.1074867248535,39.966796875,37.2121849060059,35.8438377380371,32.7205009460449,32.484935760498,31.9318599700928,35.6415939331055,34.4247512817383,32.890380859375,-9999,-9999,25.2056484222412,23.8739147186279,23.0005130767822,23.59765625,30.3777313232422,33.4996032714844,35.4869766235352,35.4630661010742,33.1343002319336,24.9948768615723,-9999,-9999,-9999,-9999,-9999,-9999,-9999,-9999,-9999,-9999,-9999,-9999,-9999,-9999,-9999,-9999,-9999,-9999,-9999,-9999,-9999,-9999,-9999,-9999,-9999,-9999,-9999,-9999,-9999,-9999,-9999,-9999,-9999,-9999,-9999,-9999,-9999,-9999,-9999,-9999,-9999,-9999
-9999,-9999,-9999,-9999,-9999,-9999,-9999,-9999,-9999,-9999,-9999,-9999,-9999,-9999,-9999,-9999,-9999,-9999,-9999,-9999,-9999,-9999,-9999,-9999,-9999,-9999,-9999,-9999,-9999,-9999,-9999,-9999,-9999,-9999,-9999,-9999,-9999,-9999,-9999,-9999,-9999,-9999,-9999,-9999,-9999,-9999,-9999,-9999,-9999,-9999,-9999,-9999,-9999,-9999,-9999,7.13222233009181E-13,2.48483864595528E-08,0.000671690329909325,0.000667952816002071,0.000667253392748535,0.00136910821311176,44.7404098510742,-9999,44.0438232421875,42.3896026611328,41.9580879211426,41.4754333496094,40.675952911377,39.9350662231445,39.4341163635254,36.2236671447754,35.277515411377,35.9550285339355,34.9721794128418,34.6066665649414,35.018009185791,33.7713661193848,33.4012145996094,32.173267364502,29.6628608703613,26.4103698730469,23.658504486084,26.6372909545898,29.8047733306885,34.0827484130859,36.4538230895996,36.2700843811035,34.1101150512695,28.5439929962158,22.4645690917969,15.9417781829834,-9999,-9999,-9999,-9999,-9999,-9999,-9999,-9999,-9999,-9999,-9999,-9999,-9999,-9999,-9999,-9999,-9999,-9999,-9999,-9999,-9999,-9999,-9999,-9999,-9999,-9999,-9999,-9999,-9999,-9999,-9999,-9999,-9999,-9999,-9999,-9999,-9999,-9999,-9999,-9999
-9999,-9999,-9999,-9999,-9999,-9999,-9999,-9999,-9999,-9999,-9999,-9999,-9999,-9999,-9999,-9999,-9999,-9999,-9999,-9999,-9999,-9999,-9999,-9999,-9999,-9999,-9999,-9999,-9999,-9999,-9999,-9999,-9999,-9999,-9999,-9999,-9999,-9999,-9999,-9999,-9999,-9999,-9999,-9999,-9999,-9999,-9999,-9999,-9999,-9999,-9999,-9999,-9999,-9999,-9999,1.44834313431375E-08,0.000772440747823566,45.8886680603027,45.8312835693359,45.8813171386719,46.0363807678223,45.3985328674316,44.626148223877,44.5911712646484,42.6929664611816,42.2355537414551,40.8019638061523,40.3337249755859,39.7979850769043,38.4252052307129,37.5065002441406,37.0975189208984,36.7741470336914,36.5310363769531,36.0907440185547,35.7296752929688,34.8086738586426,33.6789932250977,31.8847999572754,29.5989418029785,26.6592693328857,23.9124794006348,27.5645751953125,31.9586372375488,35.9110336303711,37.6491432189941,37.5475769042969,34.8903541564941,29.1249217987061,22.8873691558838,15.884970664978,13.8682079315186,18.0655784606934,-9999,-9999,-9999,-9999,-9999,-9999,-9999,-9999,-9999,29.4175453186035,30.3239288330078,32.8165168762207,-9999,-9999,-9999,-9999,-9999,-9999,-9999,-9999,-9999,-9999,-9999,-9999,-9999,-9999,-9999,-9999,-9999,-9999,-9999,-9999,-9999,-9999,-9999,-9999,-9999,-9999
-9999,-9999,-9999,-9999,-9999,-9999,-9999,-9999,-9999,-9999,-9999,-9999,-9999,-9999,-9999,-9999,-9999,-9999,-9999,-9999,-9999,-9999,-9999,-9999,-9999,-9999,-9999,-9999,-9999,-9999,-9999,39.3608283996582,-9999,-9999,-9999,40.3285675048828,-9999,-9999,-9999,-9999,-9999,-9999,-9999,-9999,-9999,-9999,-9999,-9999,-9999,-9999,-9999,-9999,-9999,-9999,-9999,-9999,-9999,45.456958770752,45.6823196411133,45.7811470031738,-9999,46.1739959716797,45.586856842041,44.624927520752,42.9132041931152,41.9679946899414,41.9274597167969,40.772403717041,39.9628219604492,37.5794296264648,36.755558013916,37.8794212341309,38.2270050048828,37.6086769104004,37.0758666992188,36.5331497192383,35.8950386047363,34.865779876709,34.7556953430176,34.5548057556152,32.635814666748,31.5216369628906,34.743350982666,36.7989730834961,39.5495719909668,40.7848167419434,39.7807235717773,37.4731826782227,32.8983612060547,29.5492515563965,27.4794311523438,22.5548152923584,16.8564624786377,20.0822200775146,-9999,-9999,-9999,-9999,-9999,-9999,-9999,-9999,34.1496543884277,36.435546875,35.8854064941406,34.0395240783691,33.3415641784668,-9999,-9999,-9999,-9999,-9999,-9999,-9999,-9999,-9999,-9999,-9999,-9999,-9999,-9999,-9999,-9999,-9999,-9999,-9999,-9999,-9999,-9999,-9999,-9999
-9999,-9999,-9999,-9999,-9999,-9999,-9999,-9999,-9999,-9999,-9999,-9999,-9999,-9999,-9999,-9999,-9999,-9999,-9999,-9999,-9999,-9999,-9999,-9999,-9999,-9999,-9999,-9999,-9999,-9999,38.4119110107422,38.7621116638184,-9999,-9999,39.8360748291016,39.9020347595215,-9999,-9999,36.5005531311035,38.4796447753906,-9999,-9999,-9999,-9999,-9999,41.4089279174805,-9999,-9999,-9999,-9999,-9999,-9999,-9999,-9999,-9999,-9999,-9999,-9999,-9999,-9999,-9999,46.0457992553711,46.6033554077148,44.7857208251953,43.4433860778809,42.3083152770996,40.7143096923828,39.7784690856934,38.7184066772461,36.6216125488281,35.4798240661621,38.6702156066895,40.0086784362793,39.9464302062988,38.4495849609375,37.9226989746094,37.1154937744141,36.1683883666992,37.4592552185059,39.3120651245117,39.7219619750977,38.8391380310059,39.7536735534668,40.7338981628418,41.8794784545898,42.3175506591797,41.4408302307129,39.7058563232422,36.4675521850586,35.3605155944824,36.753246307373,30.0587711334229,17.9793014526367,20.0502338409424,24.2976398468018,-9999,-9999,-9999,-9999,-9999,34.7798500061035,35.1456451416016,35.5071067810059,35.9671096801758,36.5792083740234,37.2358322143555,35.5635375976563,31.9470520019531,-9999,-9999,-9999,-9999,-9999,-9999,-9999,-9999,-9999,-9999,-9999,-9999,-9999,-9999,-9999,-9999,-9999,-9999,-9999,-9999,-9999,-9999,-9999
-9999,-9999,-9999,-9999,-9999,-9999,-9999,-9999,-9999,-9999,-9999,-9999,-9999,-9999,-9999,-9999,-9999,-9999,-9999,-9999,-9999,-9999,-9999,38.418643951416,38.8989372253418,-9999,-9999,-9999,-9999,38.2051963806152,38.9095115661621,38.5814514160156,38.1331520080566,39.0648231506348,40.3527183532715,39.5780181884766,37.0930671691895,36.1787185668945,36.1281814575195,-9999,38.8306159973145,41.3155670166016,-9999,-9999,40.8797378540039,41.4850921630859,41.9836006164551,42.8935928344727,-9999,-9999,-9999,-9999,-9999,-9999,-9999,-9999,-9999,40.9902725219727,43.917236328125,-9999,-9999,-9999,44.9343605041504,44.3842887878418,43.4871215820313,42.2992744445801,41.9832038879395,40.9736442565918,39.4430313110352,35.8286590576172,34.523078918457,37.6024932861328,39.5473899841309,40.4211883544922,40.0025253295898,39.5046577453613,38.8240661621094,38.0173797607422,37.892993927002,39.4581642150879,39.914794921875,39.9386253356934,40.9732513427734,41.8295478820801,42.2457046508789,42.3838157653809,42.0279006958008,40.9372901916504,38.358024597168,36.5303268432617,35.8810272216797,31.2333717346191,24.2548999786377,23.4267959594727,24.2160091400146,21.3288116455078,20.8254280090332,22.266674041748,22.7906341552734,24.7902202606201,29.6235828399658,34.935920715332,35.1341133117676,35.4790992736816,36.1359367370605,37.4967727661133,37.9822959899902,34.9388961791992,33.6044769287109,34.4440536499023,-9999,-9999,-9999,-9999,-9999,-9999,-9999,-9999,-9999,-9999,-9999,-9999,-9999,-9999,-9999,-9999,-9999,-9999,-9999,-9999,-9999
-9999,-9999,-9999,-9999,-9999,-9999,-9999,-9999,-9999,-9999,-9999,-9999,-9999,-9999,-9999,-9999,-9999,-9999,-9999,-9999,-9999,-9999,38.9280815124512,38.4916458129883,38.2522964477539,39.8863563537598,40.5337791442871,37.4856758117676,38.077693939209,36.9595336914063,37.9842338562012,38.0523681640625,37.0985069274902,38.2314109802246,39.6053047180176,37.581241607666,35.2930221557617,35.2949066162109,35.2783966064453,36.3365173339844,37.6307334899902,39.6176986694336,40.9864234924316,40.9091949462891,41.2690391540527,41.5073623657227,42.631965637207,43.1472053527832,43.2635498046875,-9999,-9999,-9999,-9999,-9999,-9999,-9999,-9999,39.7760009765625,40.2507057189941,42.4134063720703,-9999,-9999,43.6939697265625,44.6680030822754,45.1771011352539,43.8973426818848,42.1709518432617,40.7549362182617,38.0926742553711,34.8652610778809,33.641300201416,37.5007247924805,39.2015037536621,40.6978454589844,41.0848999023438,40.5186996459961,39.7444000244141,39.3061256408691,39.3267364501953,38.6802291870117,39.8884925842285,41.0318908691406,42.007740020752,42.7017936706543,42.5617523193359,42.4702529907227,42.4671669006348,41.8371200561523,40.3620986938477,37.9550285339355,34.7365493774414,31.846923828125,28.5095520019531,25.8599586486816,23.5017242431641,22.2173194885254,21.9277286529541,24.0129623413086,24.2433414459229,23.6610221862793,26.0249137878418,32.4117622375488,35.3347930908203,35.7532691955566,36.3359336853027,37.0648155212402,37.751163482666,38.5162696838379,36.7462348937988,34.6580581665039,-9999,-9999,-9999,-9999,-9999,-9999,-9999,-9999,-9999,-9999,-9999,-9999,-9999,-9999,-9999,-9999,-9999,-9999,-9999,-9999,-9999
-9999,-9999,-9999,-9999,-9999,-9999,-9999,-9999,-9999,-9999,-9999,-9999,-9999,-9999,-9999,-9999,-9999,-9999,-9999,-9999,-9999,-9999,39.3239784240723,38.184154510498,37.4363555908203,39.113655090332,41.822338104248,41.2019271850586,36.6972961425781,37.1139526367188,37.468433380127,37.446647644043,37.2420692443848,37.1260681152344,36.9094505310059,36.3851852416992,35.2074241638184,34.8698196411133,34.7159004211426,35.652774810791,36.7679100036621,38.6617622375488,40.1794319152832,40.6565933227539,40.855827331543,41.2447357177734,41.4797248840332,42.7276344299316,43.0983276367188,43.1800003051758,42.678035736084,-9999,-9999,-9999,-9999,-9999,-9999,-9999,39.4370956420898,40.703857421875,42.3424758911133,42.8189392089844,43.361083984375,44.4111709594727,44.9154090881348,44.1812896728516,42.1632347106934,38.4395294189453,35.0694808959961,33.2950973510742,34.5902099609375,38.5539321899414,40.6963005065918,41.8002166748047,42.130054473877,42.1768035888672,41.8755302429199,41.4563827514648,40.9038848876953,40.0814361572266,41.0809593200684,42.0420913696289,42.3692741394043,42.6139373779297,42.5860862731934,42.5695915222168,42.5792579650879,42.0173721313477,40.8031921386719,38.1219635009766,33.5518569946289,31.8626518249512,30.8142776489258,25.6446762084961,19.3503913879395,20.380880355835,21.2859973907471,23.0568790435791,24.2240619659424,23.8008193969727,26.3443069458008,33.042724609375,36.6802635192871,38.5074424743652,37.9987602233887,35.9996299743652,36.6119117736816,37.9641799926758,38.4378547668457,35.7142448425293,38.0497589111328,-9999,-9999,-9999,-9999,-9999,-9999,-9999,-9999,-9999,-9999,-9999,-9999,-9999,-9999,-9999,-9999,-9999,-9999,-9999,-9999
-9999,-9999,-9999,-9999,-9999,-9999,-9999,-9999,-9999,-9999,-9999,-9999,-9999,-9999,-9999,-9999,-9999,-9999,-9999,-9999,-9999,-9999,39.1537284851074,39.1594009399414,36.5198860168457,35.8936080932617,42.1311798095703,44.0394744873047,40.2391548156738,38.5954704284668,38.2418212890625,38.6072425842285,38.0764923095703,37.8995018005371,37.2500648498535,36.5970001220703,36.1806526184082,35.8832817077637,35.7385330200195,36.3902053833008,37.0879402160645,38.3138465881348,39.249153137207,39.6025199890137,40.0080642700195,40.1062049865723,40.2402381896973,40.327880859375,41.3780517578125,42.8094253540039,42.4306716918945,-9999,-9999,-9999,-9999,39.8303604125977,39.1493263244629,39.0671539306641,39.1799774169922,39.8248519897461,41.0864143371582,42.030704498291,42.9585800170898,44.2639122009277,44.3807334899902,42.5506286621094,40.8882827758789,36.5322418212891,33.7543907165527,35.3614959716797,36.650390625,40.0969009399414,42.1548461914063,43.1587295532227,43.5328140258789,43.3453979492188,42.9200630187988,42.4083251953125,41.83056640625,41.2391090393066,41.9760971069336,42.6542663574219,42.5710868835449,42.517765045166,42.5681037902832,42.5972480773926,42.5871772766113,42.1446228027344,41.2028121948242,38.6990165710449,34.6605567932129,34.1606063842773,35.3647232055664,29.3443813323975,20.8142757415771,22.0688362121582,23.2931156158447,24.7022953033447,26.0960998535156,25.6379985809326,28.1818370819092,33.9853668212891,37.9052848815918,40.4827651977539,39.4909629821777,36.1171112060547,37.2220649719238,39.4174270629883,40.1760787963867,39.4178619384766,38.8548355102539,40.1292572021484,-9999,-9999,-9999,-9999,-9999,-9999,-9999,-9999,-9999,-9999,-9999,-9999,-9999,-9999,-9999,-9999,-9999,-9999,-9999
-9999,-9999,-9999,-9999,-9999,-9999,-9999,-9999,-9999,-9999,-9999,-9999,-9999,-9999,-9999,-9999,-9999,-9999,-9999,-9999,-9999,37.6724548339844,39.1850471496582,38.3080711364746,35.8475303649902,35.5621147155762,41.9139862060547,44.4998626708984,43.1739349365234,42.1432762145996,41.8792762756348,41.465087890625,41.2666320800781,40.9981002807617,40.6766738891602,40.233470916748,39.7187919616699,39.4364051818848,39.2866554260254,39.475269317627,39.254093170166,37.325813293457,36.9045257568359,38.3271980285645,38.8659439086914,39.2445297241211,39.4366226196289,39.3246803283691,39.5959587097168,39.7681198120117,40.1877212524414,40.3868827819824,40.0245819091797,40.2259712219238,39.9036521911621,39.7724647521973,39.2117614746094,39.118537902832,39.0589332580566,38.9745140075684,38.189769744873,38.3827362060547,40.0681686401367,42.6572494506836,44.1312141418457,42.6052894592285,40.0708427429199,35.4853858947754,35.5784339904785,39.5706520080566,42.2459411621094,43.2092819213867,43.6908645629883,43.7083282470703,43.5722885131836,43.330249786377,43.0267639160156,42.7106628417969,42.4099998474121,42.1210289001465,42.239429473877,42.3595695495605,42.3868598937988,42.4139633178711,42.4478759765625,42.4320678710938,42.320556640625,42.0983963012695,41.7522506713867,40.9237174987793,39.7368125915527,39.7423782348633,40.1217460632324,37.7185211181641,33.9875144958496,31.0668029785156,28.9575786590576,29.7710514068604,30.9274711608887,31.0941905975342,31.9394149780273,35.3058471679688,38.4310073852539,41.2979583740234,41.142406463623,39.0318717956543,41.0117263793945,43.7083473205566,42.1871604919434,40.1441383361816,40.1474723815918,39.7710151672363,38.4749145507813,37.7512092590332,-9999,-9999,-9999,-9999,-9999,-9999,-9999,-9999,-9999,-9999,-9999,-9999,-9999,-9999,-9999,-9999,-9999
-9999,-9999,-9999,-9999,-9999,-9999,-9999,-9999,-9999,-9999,-9999,-9999,-9999,-9999,-9999,-9999,-9999,-9999,-9999,-9999,-9999,35.8293724060059,35.5369186401367,36.6682319641113,36.1047821044922,36.9071311950684,41.5142822265625,43.7819519042969,43.5424995422363,43.1619071960449,42.5248718261719,42.2839546203613,42.1528396606445,41.9098472595215,41.5966491699219,41.2177581787109,40.8189468383789,40.4876708984375,40.2602577209473,40.315673828125,39.8407325744629,38.0920944213867,37.0857849121094,37.6288261413574,38.1348686218262,38.6517601013184,39.2395782470703,39.7695922851563,39.4433326721191,39.2131996154785,39.3631477355957,39.5300445556641,39.427303314209,39.5177421569824,39.4720916748047,39.0162391662598,38.5248603820801,37.9930152893066,37.6775588989258,36.7027854919434,36.5886344909668,37.6269569396973,38.625846862793,39.6581993103027,42.9570159912109,41.9807357788086,41.1108016967773,35.8652534484863,37.9984016418457,42.1948318481445,44.5792236328125,44.3837852478027,44.1104278564453,43.7423515319824,-9999,-9999,-9999,-9999,-9999,-9999,-9999,42.0752410888672,42.1336555480957,42.1902198791504,42.2388572692871,42.2130088806152,42.0468635559082,41.9278221130371,41.8592147827148,41.8325424194336,41.831413269043,41.7921714782715,41.7584800720215,41.1891441345215,39.6756210327148,35.7537994384766,32.4340744018555,33.2864189147949,33.7266159057617,32.0724906921387,32.1116905212402,33.9127540588379,36.6829986572266,39.9877471923828,40.8067855834961,40.474796295166,42.478515625,44.7769889831543,42.3860168457031,39.1029052734375,39.8792572021484,39.1281204223633,38.6504211425781,36.8909187316895,36.5972213745117,-9999,-9999,-9999,-9999,-9999,-9999,-9999,-9999,-9999,-9999,-9999,-9999,-9999,-9999,-9999,-9999
-9999,-9999,-9999,-9999,-9999,-9999,-9999,-9999,-9999,-9999,-9999,-9999,-9999,-9999,-9999,-9999,-9999,-9999,-9999,33.7960929870605,34.6148796081543,33.9722709655762,33.4429779052734,33.2846755981445,37.1231307983398,39.8556442260742,40.6904983520508,41.1057319641113,40.730541229248,40.351001739502,39.9865875244141,39.8794250488281,39.8340301513672,39.5223731994629,39.2276573181152,38.929141998291,38.4916381835938,38.2835350036621,38.1372680664063,38.2336730957031,38.7163848876953,40.9948425292969,41.5102958679199,39.2199363708496,38.5948638916016,39.1340751647949,40.0212936401367,41.0070762634277,39.6789588928223,37.9125823974609,38.1901473999023,38.3000679016113,38.1541595458984,38.0794258117676,37.9063491821289,37.2559471130371,35.8450393676758,34.9038391113281,34.387825012207,35.4324493408203,37.5783309936523,40.1428871154785,42.0631103515625,41.7182006835938,41.1870307922363,39.5059089660645,40.8200988769531,42.0435028076172,42.1802520751953,43.3454856872559,44.0284996032715,-9999,-9999,-9999,-9999,-9999,-9999,-9999,-9999,-9999,-9999,-9999,-9999,41.7911911010742,41.8985328674316,41.9162139892578,41.7648429870605,41.5785789489746,41.3537826538086,41.0909614562988,40.8017616271973,40.7143592834473,40.7001342773438,40.7705078125,40.8396072387695,37.3402214050293,33.8323364257813,34.3697967529297,33.9865455627441,29.251184463501,26.183780670166,27.6640815734863,30.4346542358398,33.5639419555664,37.5620346069336,40.2879524230957,41.509651184082,42.3531341552734,39.7908897399902,36.5273933410645,38.6185493469238,40.3259353637695,40.3162612915039,34.9015579223633,36.0101013183594,-9999,-9999,-9999,-9999,-9999,-9999,-9999,-9999,-9999,-9999,-9999,-9999,-9999,-9999,-9999,-9999
-9999,-9999,-9999,-9999,-9999,-9999,-9999,-9999,-9999,-9999,-9999,-9999,-9999,-9999,-9999,-9999,-9999,-9999,31.7838611602783,32.980884552002,33.1066017150879,35.0170211791992,33.5804672241211,32.7163009643555,36.8416709899902,39.5708885192871,40.4256935119629,40.7870101928711,40.2254981994629,39.8721237182617,39.673397064209,39.5836372375488,39.6030502319336,39.3761940002441,38.9355125427246,38.8361434936523,38.6328430175781,38.5238571166992,38.215145111084,38.2560768127441,39.2253799438477,42.1797828674316,43.0339889526367,40.2526512145996,39.2090187072754,39.8063011169434,40.5108604431152,41.5086441040039,39.7622184753418,37.1061210632324,36.4328536987305,36.0177764892578,35.864315032959,35.674877166748,36.7325439453125,36.9890632629395,35.5681457519531,34.3973960876465,34.0913391113281,36.2513809204102,39.2376480102539,41.5307502746582,42.9918937683105,43.2353553771973,43.1224670410156,42.8853569030762,42.5024871826172,43.1325912475586,-9999,-9999,-9999,-9999,-9999,-9999,-9999,-9999,-9999,-9999,-9999,-9999,-9999,-9999,-9999,-9999,-9999,41.5914535522461,41.4723587036133,41.2762908935547,40.9951705932617,40.6261901855469,40.1946105957031,40.034797668457,39.9741401672363,40.2686653137207,40.634090423584,38.262523651123,35.8737869262695,35.0801277160645,33.4221611022949,28.5706748962402,24.8615875244141,23.702808380127,24.9637432098389,28.09375,32.7440910339355,37.6427307128906,38.7032775878906,38.9402122497559,38.3503150939941,37.5941581726074,38.4444389343262,39.8467216491699,39.0030975341797,35.4703826904297,34.5568580627441,-9999,-9999,-9999,-9999,-9999,-9999,-9999,-9999,-9999,-9999,-9999,-9999,-9999,-9999,-9999,-9999
-9999,-9999,-9999,-9999,-9999,-9999,-9999,-9999,-9999,-9999,-9999,-9999,33.3144302368164,31.9186172485352,-9999,31.5762100219727,33.049560546875,34.5648994445801,33.9546890258789,31.3698482513428,34.0764045715332,36.9543952941895,36.1116676330566,35.1305961608887,35.6956329345703,37.1437606811523,40.62939453125,42.47216796875,42.136157989502,41.7907867431641,41.9485397338867,41.7002143859863,41.6738128662109,41.5706253051758,41.2477989196777,41.1964416503906,41.4190483093262,41.0523872375488,40.9702682495117,40.4870872497559,40.4613380432129,41.0477447509766,41.0278434753418,40.5909118652344,40.6758766174316,40.9098701477051,41.0936737060547,41.4366226196289,39.7452239990234,37.2242431640625,34.7534599304199,32.2489776611328,32.1311454772949,32.4609489440918,35.7235298156738,37.4866752624512,36.4137573242188,35.8811721801758,36.2685356140137,38.7245254516602,41.4175605773926,42.6436347961426,43.2677879333496,43.3755645751953,43.3625106811523,43.1797180175781,43.0130195617676,-9999,-9999,-9999,-9999,-9999,-9999,-9999,-9999,-9999,-9999,-9999,-9999,-9999,-9999,-9999,-9999,-9999,-9999,-9999,41.1695404052734,41.0141754150391,40.7662010192871,40.4062995910645,39.9680252075195,39.7237663269043,39.5503616333008,39.7182197570801,39.9437675476074,39.0700950622559,37.9813957214355,35.3090553283691,32.4163436889648,30.7793655395508,27.8273658752441,22.6344509124756,20.982816696167,23.1135730743408,27.0941677093506,31.8763256072998,33.5973777770996,34.5819549560547,38.1983299255371,41.339916229248,39.5769348144531,38.3293724060059,39.0976028442383,36.4402046203613,34.8323249816895,-9999,-9999,-9999,-9999,-9999,-9999,-9999,-9999,-9999,-9999,-9999,-9999,-9999,-9999,-9999,-9999
-9999,-9999,-9999,-9999,-9999,-9999,-9999,-9999,-9999,-9999,30.9214859008789,32.767162322998,34.2401962280273,32.0163803100586,31.6511211395264,29.5740489959717,31.7554454803467,36.0660209655762,35.4340019226074,33.0881576538086,35.7416877746582,38.9782600402832,38.3987617492676,37.7141723632813,37.1685752868652,37.6388473510742,40.4188652038574,41.6686744689941,41.4668235778809,42.1009788513184,43.048900604248,43.2481842041016,43.0502624511719,43.1362113952637,42.8161468505859,42.5001640319824,42.5515480041504,42.1979179382324,42.1800155639648,41.8766326904297,41.5589294433594,41.4671401977539,41.3348388671875,41.4260368347168,41.4369277954102,41.7832336425781,41.98681640625,42.415714263916,41.4867706298828,39.7104148864746,36.8293685913086,33.58837890625,33.4715423583984,33.765193939209,36.3558120727539,37.9875679016113,37.8327674865723,38.0574493408203,38.2169418334961,39.8581237792969,41.8193283081055,42.5934906005859,42.9105072021484,42.954647064209,42.9352912902832,42.8466148376465,-9999,-9999,-9999,-9999,-9999,-9999,-9999,-9999,-9999,-9999,-9999,-9999,-9999,-9999,-9999,-9999,-9999,-9999,-9999,-9999,-9999,40.7097702026367,40.4598236083984,40.1207275390625,39.7201042175293,39.4734077453613,39.2824249267578,39.3483619689941,39.4589462280273,39.3059616088867,38.894847869873,36.4101829528809,33.5717010498047,31.9442558288574,29.4232006072998,24.9868431091309,21.6928730010986,20.9441699981689,23.1226539611816,27.351734161377,30.3682060241699,33.1439590454102,36.9454460144043,40.2763061523438,38.1463470458984,36.4258460998535,38.0232963562012,35.511402130127,33.0086517333984,-9999,-9999,-9999,-9999,-9999,-9999,-9999,-9999,-9999,-9999,-9999,-9999,-9999,-9999,-9999,-9999
-9999,-9999,-9999,-9999,-9999,-9999,-9999,-9999,27.7761173248291,28.5422782897949,29.1739330291748,29.072265625,30.137300491333,32.2533340454102,31.4498748779297,29.6894721984863,31.8186168670654,36.2583999633789,36.3018455505371,34.7004203796387,37.6969795227051,40.4335517883301,40.0989227294922,39.4326286315918,39.6963768005371,39.0428352355957,39.3333854675293,39.2866325378418,39.1384468078613,40.2694320678711,43.1875953674316,44.1940803527832,44.1736221313477,44.2071952819824,44.1160888671875,43.9290313720703,43.7101058959961,43.3962745666504,43.257453918457,43.0654640197754,42.8622398376465,42.6553344726563,42.5242691040039,42.4206314086914,42.370777130127,42.3712043762207,42.4000930786133,42.4289627075195,42.5026397705078,42.5404167175293,40.4975814819336,37.9491081237793,38.1382598876953,38.1514091491699,38.5899810791016,38.4364280700684,38.2687072753906,38.67529296875,40.21435546875,41.3794975280762,41.9257316589355,42.1890258789063,-9999,-9999,-9999,-9999,-9999,-9999,-9999,-9999,-9999,-9999,-9999,-9999,-9999,-9999,-9999,-9999,-9999,-9999,-9999,-9999,-9999,-9999,-9999,-9999,-9999,-9999,40.111499786377,39.7997627258301,39.4604797363281,39.2536277770996,39.0948715209961,39.06787109375,39.0626831054688,39.2834434509277,39.3076782226563,37.8413391113281,35.8236770629883,32.6025161743164,30.1116733551025,29.1189212799072,25.8973655700684,20.3139114379883,19.743013381958,22.7887535095215,28.0776596069336,33.6640968322754,35.2677459716797,36.6491966247559,35.2323608398438,34.2691650390625,36.4119033813477,34.3915634155273,33.0877914428711,-9999,-9999,-9999,-9999,-9999,-9999,-9999,-9999,-9999,-9999,-9999,-9999,-9999,-9999,-9999,-9999
-9999,-9999,-9999,-9999,-9999,-9999,-9999,-9999,26.3387718200684,27.6399269104004,28.7204303741455,28.3438682556152,28.5017757415771,29.0093860626221,29.6167163848877,30.3277320861816,33.4224700927734,37.9106216430664,37.8200302124023,36.7911224365234,37.8214912414551,39.2454643249512,40.3777389526367,40.9828071594238,40.8655662536621,40.5404052734375,40.192497253418,39.8281555175781,39.5730743408203,40.3393058776855,42.1201057434082,42.661865234375,42.5063552856445,42.3978996276855,42.2047920227051,41.9939460754395,41.9002227783203,41.7015724182129,41.5120010375977,41.30419921875,41.1826133728027,41.0058059692383,41.2234954833984,41.9764785766602,42.2514801025391,42.2017211914063,42.1126861572266,41.9861679077148,42.1090049743652,42.245246887207,41.1830024719238,40.0045585632324,40.2443351745605,40.3631896972656,40.2574424743652,40.0538330078125,39.7505645751953,40.1017379760742,40.9786529541016,41.5328025817871,41.8383636474609,41.9587898254395,-9999,-9999,-9999,-9999,-9999,-9999,-9999,-9999,-9999,-9999,-9999,-9999,-9999,-9999,-9999,-9999,-9999,-9999,-9999,-9999,-9999,-9999,-9999,-9999,-9999,-9999,-9999,-9999,39.0668449401855,38.9011878967285,38.7784461975098,38.7260932922363,38.6823501586914,38.8967437744141,38.9732704162598,38.0320014953613,36.7856636047363,34.4524459838867,32.3721771240234,30.4908924102783,27.7267837524414,23.8155403137207,21.4370708465576,20.391918182373,24.8354339599609,30.0907154083252,31.1979694366455,32.2278594970703,31.5433788299561,31.5126209259033,34.5307388305664,31.497802734375,29.7986373901367,-9999,-9999,-9999,-9999,-9999,-9999,-9999,-9999,-9999,-9999,-9999,-9999,-9999,-9999,-9999,-9999
-9999,-9999,-9999,-9999,-9999,-9999,20.6028480529785,26.1498851776123,26.2917442321777,26.1489658355713,27.5613193511963,28.5113220214844,27.924919128418,26.2466316223145,27.53000831604,31.9846725463867,35.8967628479004,39.4455757141113,39.4101066589355,38.3544120788574,37.8976860046387,37.2053298950195,39.9076728820801,41.9971961975098,41.9889373779297,41.9666366577148,41.6089477539063,41.2634925842285,40.875373840332,40.6519355773926,40.3664588928223,40.0797500610352,39.752269744873,39.4970054626465,39.3185729980469,39.1386871337891,38.948802947998,38.9062271118164,38.8434524536133,38.7448959350586,38.6420478820801,38.5076942443848,39.2342872619629,41.1551971435547,41.9628562927246,41.8512306213379,41.5871429443359,41.2373428344727,41.0219039916992,40.8131980895996,40.924934387207,41.0707054138184,41.2673377990723,41.4690017700195,41.4708023071289,41.3951568603516,41.1241340637207,40.9741592407227,40.993724822998,41.2533111572266,41.7009429931641,-9999,-9999,-9999,-9999,-9999,-9999,-9999,-9999,-9999,-9999,-9999,-9999,-9999,-9999,-9999,-9999,-9999,-9999,-9999,-9999,-9999,-9999,-9999,-9999,-9999,-9999,-9999,-9999,-9999,-9999,-9999,-9999,38.3625373840332,38.3017845153809,38.4115219116211,38.4449615478516,37.9320068359375,37.3739356994629,36.5629234313965,34.8098945617676,31.2634887695313,28.9576530456543,28.2689781188965,24.5986976623535,18.6218128204346,20.466287612915,24.3652496337891,25.623872756958,26.9981307983398,27.3036193847656,28.3223876953125,32.2152976989746,29.9803524017334,-9999,-9999,-9999,-9999,-9999,-9999,-9999,-9999,-9999,-9999,-9999,-9999,-9999,-9999,-9999,-9999,-9999
-9999,-9999,-9999,-9999,-9999,-9999,26.0889320373535,26.1361312866211,25.8857536315918,25.9477977752686,26.1337566375732,28.9262828826904,31.3999042510986,32.0582084655762,33.0726928710938,34.8444023132324,37.1961669921875,40.060417175293,40.1710090637207,39.327751159668,38.8580741882324,38.3189010620117,40.3963279724121,42.0898666381836,42.0596961975098,41.9150924682617,41.7174987792969,41.5189476013184,41.1728858947754,40.7957000732422,40.3694458007813,40.1018218994141,39.8398208618164,39.5521202087402,39.2634048461914,39.4541244506836,39.6999130249023,39.6510848999023,39.5864143371582,39.4305725097656,39.2906074523926,39.2184410095215,39.6041603088379,40.666072845459,41.1265258789063,41.0696029663086,40.8598594665527,40.5457077026367,40.4338150024414,40.3760719299316,40.494312286377,40.6396980285645,40.7359848022461,40.8246574401855,40.8729858398438,40.8559837341309,40.6725997924805,40.5513343811035,40.5112800598145,-9999,-9999,-9999,-9999,-9999,-9999,-9999,-9999,-9999,-9999,-9999,-9999,-9999,-9999,-9999,-9999,-9999,-9999,-9999,-9999,-9999,-9999,-9999,-9999,-9999,-9999,-9999,-9999,-9999,-9999,-9999,-9999,-9999,-9999,-9999,37.896800994873,37.956974029541,37.9868202209473,37.8087501525879,37.534065246582,36.9740562438965,35.9404373168945,34.0991096496582,31.8100395202637,29.139892578125,26.2173099517822,22.7579936981201,21.6429805755615,20.881275177002,24.3771476745605,27.4009399414063,28.5512466430664,29.8057594299316,31.5286083221436,29.4386196136475,29.9594173431396,27.9935932159424,-9999,-9999,-9999,-9999,-9999,-9999,-9999,-9999,-9999,-9999,-9999,-9999,-9999,-9999,-9999
-9999,-9999,-9999,-9999,25.04567527771,26.8237323760986,26.1926975250244,25.925271987915,25.894172668457,25.9059448242188,26.7605857849121,31.2182693481445,34.7380294799805,37.4384002685547,38.3341445922852,37.3318252563477,38.3079719543457,40.498607635498,40.7142181396484,40.1873092651367,39.7136192321777,39.217945098877,40.3465347290039,41.3332824707031,41.4252967834473,41.466911315918,41.3542175292969,41.2152099609375,41.0292434692383,40.779411315918,40.4939346313477,40.2123794555664,39.9211235046387,39.6051597595215,39.3067779541016,39.8963241577148,40.5796356201172,40.4933395385742,40.3965454101563,40.1903610229492,40.0222206115723,39.9932632446289,40.0057029724121,40.0915145874023,40.1316604614258,40.1339302062988,40.0061874389648,39.8044052124023,39.8674049377441,40.0021629333496,40.0461273193359,40.0762901306152,40.0570106506348,40.0552940368652,-9999,-9999,-9999,-9999,-9999,-9999,-9999,-9999,-9999,-9999,-9999,-9999,-9999,-9999,-9999,-9999,-9999,-9999,-9999,-9999,-9999,-9999,-9999,-9999,-9999,-9999,-9999,-9999,-9999,-9999,-9999,-9999,-9999,-9999,-9999,-9999,-9999,-9999,-9999,-9999,-9999,37.4977912902832,37.5286750793457,37.6680641174316,37.6505241394043,37.1632385253906,36.8189697265625,36.6095428466797,34.3849601745605,30.0042343139648,27.8014945983887,26.7098960876465,22.8142929077148,17.7286701202393,23.0685386657715,28.4602184295654,29.8664608001709,31.2852592468262,30.9300689697266,22.3310089111328,22.6947193145752,27.8872146606445,28.7562065124512,-9999,-9999,-9999,-9999,-9999,-9999,-9999,-9999,-9999,-9999,-9999,-9999,-9999,-9999
-9999,-9999,-9999,-9999,30.6747379302979,28.2175598144531,27.3248119354248,25.8142585754395,26.3603954315186,28.0259323120117,30.3599586486816,33.5515899658203,36.1376953125,38.1326522827148,39.154052734375,39.2222900390625,39.6670379638672,40.3573760986328,40.1913414001465,39.6981353759766,39.9600715637207,40.3476791381836,40.7459030151367,41.0957679748535,41.1090431213379,41.109375,41.0654792785645,40.9870185852051,40.845458984375,40.6694030761719,40.4582290649414,40.2631340026855,40.084846496582,39.9298057556152,39.7781105041504,39.9803695678711,40.2301940917969,40.0298690795898,39.818058013916,39.530086517334,39.2848320007324,39.1736221313477,39.1085968017578,39.1154022216797,39.115306854248,39.1093406677246,39.0300788879395,-9999,-9999,-9999,-9999,-9999,-9999,-9999,-9999,-9999,-9999,-9999,-9999,-9999,-9999,-9999,-9999,-9999,-9999,-9999,-9999,-9999,-9999,-9999,-9999,-9999,-9999,-9999,-9999,-9999,-9999,-9999,-9999,-9999,-9999,-9999,-9999,-9999,-9999,-9999,-9999,-9999,-9999,-9999,-9999,-9999,-9999,-9999,-9999,-9999,37.1336250305176,37.2485694885254,37.2904243469238,37.1214637756348,36.6629104614258,35.6677513122559,33.4062271118164,29.8027648925781,27.8562602996826,26.7268409729004,22.3106021881104,16.2262229919434,19.7218284606934,23.5005397796631,25.1472930908203,26.5084266662598,27.2166137695313,28.102970123291,21.5426731109619,26.3820667266846,24.7886562347412,-9999,-9999,-9999,-9999,-9999,-9999,-9999,-9999,-9999,-9999,-9999,-9999,-9999,-9999
-9999,-9999,-9999,-9999,-9999,30.6551952362061,28.7013339996338,28.7254161834717,27.4450721740723,31.2496585845947,34.0923690795898,35.9543380737305,37.5321311950684,38.755989074707,39.6914215087891,40.3960494995117,40.3696594238281,39.8384323120117,39.5078506469727,39.2520942687988,-9999,-9999,-9999,-9999,-9999,-9999,-9999,-9999,-9999,-9999,-9999,-9999,-9999,40.0081214904785,39.9626884460449,39.8523635864258,39.7322578430176,39.4376220703125,-9999,-9999,-9999,-9999,-9999,-9999,-9999,-9999,-9999,-9999,-9999,-9999,-9999,-9999,-9999,-9999,-9999,-9999,-9999,-9999,-9999,-9999,-9999,-9999,-9999,-9999,-9999,-9999,-9999,-9999,-9999,-9999,-9999,-9999,-9999,-9999,-9999,-9999,-9999,-9999,-9999,-9999,-9999,-9999,-9999,-9999,-9999,-9999,-9999,-9999,-9999,-9999,-9999,-9999,-9999,-9999,-9999,-9999,36.7456893920898,36.8570213317871,36.9618110656738,37.0591125488281,36.5811805725098,35.091667175293,33.0332260131836,30.3117008209229,28.3792057037354,26.8523120880127,22.1452484130859,15.8363246917725,16.9747505187988,18.7604694366455,20.4780807495117,22.0289936065674,23.5137596130371,24.721399307251,24.8671417236328,22.3122577667236,-9999,-9999,-9999,-9999,-9999,-9999,-9999,-9999,-9999,-9999,-9999,-9999,-9999,-9999,-9999
-9999,-9999,-9999,-9999,-9999,30.3686199188232,30.3421840667725,31.1455593109131,32.3566818237305,36.2332534790039,38.9867820739746,39.4255485534668,39.8163719177246,40.4158172607422,40.6764183044434,40.567024230957,40.1859664916992,39.6080894470215,-9999,-9999,-9999,-9999,-9999,-9999,-9999,-9999,-9999,-9999,-9999,-9999,-9999,-9999,-9999,-9999,-9999,-9999,-9999,-9999,-9999,-9999,-9999,-9999,-9999,-9999,-9999,-9999,-9999,-9999,-9999,-9999,-9999,-9999,-9999,-9999,-9999,-9999,-9999,-9999,-9999,-9999,-9999,-9999,-9999,-9999,-9999,-9999,-9999,-9999,-9999,-9999,-9999,-9999,-9999,-9999,-9999,-9999,-9999,-9999,-9999,-9999,-9999,-9999,-9999,-9999,-9999,-9999,-9999,-9999,-9999,-9999,-9999,-9999,-9999,-9999,-9999,-9999,-9999,36.6165618896484,36.7890243530273,36.8935546875,36.7992210388184,36.3641929626465,35.4366035461426,33.9416427612305,31.2450733184814,27.6375541687012,24.4830951690674,21.3993721008301,18.6805114746094,15.9682264328003,19.9314727783203,22.045654296875,20.5902004241943,20.4024181365967,21.6537780761719,18.9824371337891,-9999,-9999,-9999,-9999,-9999,-9999,-9999,-9999,-9999,-9999,-9999,-9999,-9999,-9999,-9999
-9999,-9999,30.64621925354,30.511022567749,30.575891494751,30.0634689331055,30.5757026672363,33.5395164489746,36.3756294250488,39.4529571533203,41.6237602233887,41.2753372192383,41.0556869506836,41.2881240844727,41.1015777587891,40.4030570983887,39.762336730957,-9999,-9999,-9999,-9999,-9999,-9999,-9999,-9999,-9999,-9999,-9999,-9999,-9999,-9999,-9999,-9999,-9999,-9999,-9999,-9999,-9999,-9999,-9999,-9999,-9999,-9999,-9999,-9999,-9999,-9999,-9999,-9999,-9999,-9999,-9999,-9999,-9999,-9999,-9999,-9999,-9999,-9999,-9999,-9999,-9999,-9999,-9999,-9999,-9999,-9999,-9999,-9999,-9999,-9999,-9999,-9999,-9999,-9999,-9999,-9999,-9999,-9999,-9999,-9999,-9999,-9999,-9999,-9999,-9999,-9999,-9999,-9999,-9999,-9999,-9999,-9999,-9999,-9999,-9999,-9999,36.3553619384766,36.5752716064453,36.6762619018555,36.8397827148438,37.0979652404785,36.970947265625,36.3880310058594,33.8409538269043,29.7605972290039,27.1003437042236,25.0901947021484,20.6573810577393,15.7022495269775,18.892822265625,21.1948375701904,17.8606739044189,16.9462566375732,21.1600475311279,17.7007083892822,-9999,-9999,-9999,-9999,-9999,-9999,-9999,-9999,-9999,-9999,-9999,-9999,-9999,-9999,-9999
-9999,-9999,-9999,-9999,30.6511573791504,30.1374893188477,30.9140071868896,35.3648071289063,39.0658187866211,40.157958984375,40.7922439575195,40.6488494873047,40.538631439209,40.6421203613281,40.319694519043,39.484935760498,-9999,-9999,-9999,-9999,-9999,-9999,-9999,-9999,-9999,-9999,-9999,-9999,-9999,-9999,-9999,-9999,-9999,-9999,-9999,-9999,-9999,-9999,-9999,-9999,-9999,-9999,-9999,-9999,-9999,-9999,-9999,-9999,-9999,-9999,-9999,-9999,-9999,-9999,-9999,-9999,-9999,-9999,-9999,-9999,-9999,-9999,-9999,-9999,-9999,-9999,-9999,-9999,-9999,-9999,-9999,-9999,-9999,-9999,-9999,-9999,-9999,-9999,-9999,-9999,-9999,-9999,-9999,-9999,-9999,-9999,-9999,-9999,-9999,-9999,-9999,-9999,-9999,-9999,-9999,-9999,-9999,36.0521354675293,36.2718620300293,36.3404808044434,36.4925537109375,36.772834777832,36.9474754333496,36.9749526977539,36.0254592895508,34.3630180358887,30.4552211761475,25.582555770874,22.8890419006348,20.6813259124756,18.7427806854248,17.4545288085938,16.1426429748535,15.9756641387939,17.412260055542,18.9873161315918,-9999,-9999,-9999,-9999,-9999,-9999,-9999,-9999,-9999,-9999,-9999,-9999,-9999,-9999,-9999
-9999,-9999,-9999,-9999,30.8017711639404,30.8272590637207,31.8814144134521,36.1874504089355,40.4383239746094,40.4785766601563,40.2754135131836,40.3656921386719,40.3497772216797,40.1488494873047,39.6127052307129,-9999,-9999,-9999,-9999,-9999,-9999,-9999,-9999,-9999,-9999,-9999,-9999,-9999,-9999,-9999,-9999,-9999,-9999,-9999,-9999,-9999,-9999,-9999,-9999,-9999,-9999,-9999,-9999,-9999,-9999,-9999,-9999,-9999,-9999,-9999,-9999,-9999,-9999,-9999,-9999,-9999,-9999,-9999,-9999,-9999,-9999,-9999,-9999,-9999,-9999,-9999,-9999,-9999,-9999,-9999,-9999,-9999,-9999,-9999,-9999,-9999,-9999,-9999,-9999,-9999,-9999,-9999,-9999,-9999,-9999,-9999,-9999,-9999,-9999,-9999,-9999,-9999,-9999,-9999,-9999,-9999,-9999,35.7073020935059,35.9354629516602,35.9783477783203,36.0895004272461,36.3011856079102,36.5547866821289,36.8426780700684,36.7536468505859,36.3744926452637,32.1130790710449,25.9554710388184,24.2639827728271,23.0519142150879,18.4624252319336,14.391752243042,15.2921352386475,15.8203468322754,16.0419902801514,16.6107273101807,13.6247291564941,-9999,-9999,-9999,-9999,-9999,-9999,-9999,-9999,-9999,-9999,-9999,-9999,-9999,-9999
-9999,-9999,-9999,-9999,31.1357135772705,31.0439529418945,32.1141471862793,36.7026634216309,40.4038429260254,40.4207077026367,40.2326622009277,40.567310333252,40.5682601928711,39.8657493591309,39.0204429626465,-9999,-9999,-9999,-9999,-9999,-9999,-9999,-9999,-9999,-9999,-9999,-9999,-9999,-9999,-9999,-9999,-9999,-9999,-9999,-9999,-9999,-9999,-9999,-9999,-9999,-9999,-9999,-9999,-9999,-9999,-9999,-9999,-9999,-9999,-9999,-9999,-9999,-9999,-9999,-9999,-9999,-9999,-9999,-9999,-9999,-9999,-9999,-9999,-9999,-9999,-9999,-9999,-9999,-9999,-9999,-9999,-9999,-9999,-9999,-9999,-9999,-9999,-9999,-9999,-9999,-9999,-9999,-9999,-9999,-9999,-9999,-9999,-9999,-9999,-9999,-9999,-9999,-9999,-9999,-9999,-9999,-9999,35.3093605041504,35.5575675964355,35.5838661193848,35.6113128662109,35.6307716369629,35.6752815246582,35.7399024963379,35.7055854797363,35.5785064697266,31.7223014831543,26.1561641693115,24.3388805389404,22.8590469360352,17.4189682006836,12.9562892913818,15.1121425628662,16.7669887542725,17.2146797180176,17.8540668487549,18.6192283630371,14.0702934265137,-9999,-9999,-9999,-9999,-9999,-9999,-9999,-9999,-9999,-9999,-9999,-9999,-9999
-9999,-9999,-9999,-9999,26.6634693145752,31.1631813049316,32.3233261108398,36.0388984680176,38.843635559082,39.1304206848145,39.1944046020508,40.0745239257813,40.3754119873047,39.5408744812012,-9999,-9999,-9999,-9999,-9999,-9999,-9999,-9999,-9999,-9999,-9999,-9999,-9999,-9999,-9999,-9999,-9999,-9999,-9999,-9999,-9999,-9999,-9999,-9999,-9999,-9999,-9999,-9999,-9999,-9999,-9999,-9999,-9999,-9999,-9999,-9999,-9999,-9999,-9999,-9999,-9999,-9999,-9999,-9999,-9999,-9999,-9999,-9999,-9999,-9999,-9999,-9999,-9999,-9999,-9999,-9999,-9999,-9999,-9999,-9999,-9999,-9999,-9999,-9999,-9999,-9999,-9999,-9999,-9999,-9999,-9999,-9999,-9999,-9999,-9999,-9999,-9999,-9999,-9999,-9999,-9999,-9999,-9999,34.8748626708984,35.1412811279297,35.1823997497559,35.1795310974121,35.0950317382813,35.0910606384277,35.1651039123535,34.9937210083008,34.6686782836914,32.4660186767578,29.5054969787598,26.3595752716064,22.9341087341309,18.5313014984131,14.6378726959229,15.2446575164795,15.963812828064,16.5508251190186,17.2585906982422,18.3355522155762,19.1064491271973,16.8041801452637,16.5084838867188,-9999,-9999,-9999,-9999,-9999,-9999,-9999,-9999,-9999,-9999,-9999
-9999,-9999,-9999,-9999,29.2275276184082,31.3904685974121,32.721004486084,34.136589050293,36.0400810241699,36.6507225036621,37.3106460571289,39.032039642334,39.8632736206055,39.1839027404785,-9999,-9999,-9999,-9999,-9999,-9999,-9999,-9999,-9999,-9999,-9999,-9999,-9999,-9999,-9999,-9999,-9999,-9999,-9999,-9999,-9999,-9999,-9999,-9999,-9999,-9999,-9999,-9999,-9999,-9999,-9999,-9999,-9999,-9999,-9999,-9999,-9999,-9999,-9999,-9999,-9999,-9999,-9999,-9999,-9999,-9999,-9999,-9999,-9999,-9999,-9999,-9999,-9999,-9999,-9999,-9999,-9999,-9999,-9999,-9999,-9999,-9999,-9999,-9999,-9999,-9999,-9999,-9999,-9999,-9999,-9999,-9999,-9999,-9999,-9999,-9999,-9999,-9999,-9999,-9999,-9999,-9999,-9999,-9999,34.6931686401367,34.7738609313965,34.7821617126465,34.6655464172363,34.7433128356934,35.0101928710938,34.5563926696777,33.6377220153809,33.9445152282715,34.5346527099609,29.6045341491699,23.0736446380615,21.0985984802246,18.886754989624,15.8601818084717,13.5365266799927,14.2569589614868,15.6160917282104,17.643518447876,18.8225841522217,18.8003597259521,-9999,-9999,-9999,-9999,-9999,-9999,-9999,-9999,-9999,-9999,-9999,-9999
-9999,-9999,-9999,-9999,28.6710395812988,30.6494750976563,30.6235542297363,31.3814926147461,32.4738349914551,34.7315673828125,36.8902587890625,38.2719421386719,38.9631156921387,38.734790802002,-9999,-9999,-9999,-9999,-9999,-9999,-9999,-9999,-9999,-9999,-9999,-9999,-9999,-9999,-9999,-9999,-9999,-9999,-9999,-9999,-9999,-9999,-9999,-9999,-9999,-9999,-9999,-9999,-9999,-9999,-9999,-9999,-9999,-9999,-9999,-9999,-9999,-9999,-9999,-9999,-9999,-9999,-9999,-9999,-9999,-9999,-9999,-9999,-9999,-9999,-9999,-9999,-9999,-9999,-9999,-9999,-9999,-9999,-9999,-9999,-9999,-9999,-9999,-9999,-9999,-9999,-9999,-9999,-9999,-9999,-9999,-9999,-9999,-9999,-9999,-9999,-9999,-9999,-9999,-9999,-9999,-9999,-9999,-9999,34.2848930358887,34.3810806274414,34.4026718139648,34.2966384887695,34.4243927001953,34.7733917236328,34.5319213867188,33.9195709228516,34.7856369018555,35.965160369873,30.6240119934082,23.4007396697998,21.9709625244141,19.9376888275146,15.5362396240234,12.1172676086426,12.357494354248,13.8736419677734,16.9565505981445,23.5661773681641,31.8649425506592,29.4655151367188,33.9509506225586,-9999,-9999,-9999,-9999,-9999,-9999,-9999,-9999,-9999,-9999
-9999,-9999,-9999,-9999,-9999,22.1086750030518,28.0281314849854,28.9659557342529,28.7295112609863,33.2243995666504,36.7747955322266,37.4928436279297,37.852481842041,38.2374801635742,-9999,-9999,-9999,-9999,-9999,-9999,-9999,-9999,-9999,-9999,-9999,-9999,-9999,-9999,-9999,-9999,-9999,-9999,-9999,-9999,-9999,-9999,-9999,-9999,-9999,-9999,-9999,-9999,-9999,-9999,-9999,-9999,-9999,-9999,-9999,-9999,-9999,-9999,-9999,-9999,-9999,-9999,-9999,-9999,-9999,-9999,-9999,-9999,-9999,-9999,-9999,-9999,-9999,-9999,-9999,-9999,-9999,-9999,-9999,-9999,-9999,-9999,-9999,-9999,-9999,-9999,-9999,-9999,-9999,-9999,-9999,-9999,-9999,-9999,-9999,-9999,-9999,-9999,-9999,-9999,-9999,-9999,-9999,-9999,33.890567779541,33.992057800293,34.0282402038574,33.9555854797363,34.1178321838379,34.4984436035156,34.6920852661133,34.7635955810547,35.4288711547852,36.1125450134277,30.7775440216064,23.7674999237061,22.1440677642822,19.8448753356934,14.8906440734863,11.0753154754639,10.8179893493652,12.2122678756714,16.0976791381836,23.0902786254883,31.2275295257568,34.2744064331055,34.8938980102539,31.6724967956543,-9999,-9999,-9999,-9999,-9999,-9999,-9999,-9999,-9999
-9999,-9999,-9999,-9999,-9999,25.1579303741455,26.4433135986328,26.2555541992188,27.77392578125,33.0324211120605,36.7266235351563,37.1724281311035,37.5474586486816,38.0402183532715,-9999,-9999,-9999,-9999,-9999,-9999,-9999,-9999,-9999,-9999,-9999,-9999,-9999,-9999,-9999,-9999,-9999,-9999,-9999,-9999,-9999,-9999,-9999,-9999,-9999,-9999,-9999,-9999,-9999,-9999,-9999,-9999,-9999,-9999,-9999,-9999,-9999,-9999,-9999,-9999,-9999,-9999,-9999,-9999,-9999,-9999,-9999,-9999,-9999,-9999,-9999,-9999,-9999,-9999,-9999,-9999,-9999,-9999,-9999,-9999,-9999,-9999,-9999,-9999,-9999,-9999,-9999,-9999,-9999,-9999,-9999,-9999,-9999,-9999,-9999,-9999,-9999,-9999,-9999,-9999,-9999,-9999,-9999,-9999,33.5030479431152,33.6122779846191,33.6670875549316,33.6387138366699,33.781177520752,34.0775871276855,34.2818984985352,34.4146842956543,35.1196365356445,35.8374099731445,30.7822551727295,24.0370864868164,22.3390827178955,20.0703315734863,14.7780628204346,10.954140663147,11.5812454223633,13.4829397201538,17.0309219360352,22.5124835968018,28.8118915557861,33.3665161132813,37.1817245483398,37.2672805786133,-9999,-9999,-9999,-9999,-9999,-9999,-9999,-9999,-9999
-9999,-9999,-9999,-9999,-9999,25.0885944366455,25.181224822998,26.2662315368652,27.4357624053955,32.811939239502,36.7923736572266,37.1168212890625,37.4222183227539,37.9053726196289,-9999,-9999,-9999,-9999,-9999,-9999,-9999,-9999,-9999,-9999,-9999,-9999,-9999,-9999,-9999,-9999,-9999,-9999,-9999,-9999,-9999,-9999,-9999,-9999,-9999,-9999,-9999,-9999,-9999,-9999,-9999,-9999,-9999,-9999,-9999,-9999,-9999,-9999,-9999,-9999,-9999,-9999,-9999,-9999,-9999,-9999,-9999,-9999,-9999,-9999,-9999,-9999,-9999,-9999,-9999,-9999,-9999,-9999,-9999,-9999,-9999,-9999,-9999,-9999,-9999,-9999,-9999,-9999,-9999,-9999,-9999,-9999,-9999,-9999,-9999,-9999,-9999,-9999,-9999,-9999,-9999,-9999,-9999,-9999,-9999,33.2299995422363,33.3051834106445,33.3251686096191,33.436351776123,33.6249809265137,33.746997833252,33.8057250976563,34.6422309875488,35.5206298828125,30.7187976837158,24.2870693206787,22.6373062133789,20.3006401062012,14.5307273864746,11.0225591659546,13.0256061553955,15.274941444397,18.3929004669189,21.9537525177002,25.9651870727539,31.0063152313232,36.5165367126465,37.8424415588379,-9999,-9999,-9999,-9999,-9999,-9999,-9999,-9999,-9999
-9999,-9999,-9999,-9999,-9999,-9999,24.2711868286133,24.6852893829346,25.7069606781006,32.031608581543,36.3984413146973,36.8425827026367,37.1720809936523,-9999,-9999,-9999,-9999,-9999,-9999,-9999,-9999,-9999,-9999,-9999,-9999,-9999,-9999,-9999,-9999,-9999,-9999,-9999,-9999,-9999,-9999,-9999,-9999,-9999,-9999,-9999,-9999,-9999,-9999,-9999,-9999,-9999,-9999,-9999,-9999,-9999,-9999,-9999,-9999,-9999,-9999,-9999,-9999,-9999,-9999,-9999,-9999,-9999,-9999,-9999,-9999,-9999,-9999,-9999,-9999,-9999,-9999,-9999,-9999,-9999,-9999,-9999,-9999,-9999,-9999,-9999,-9999,-9999,-9999,-9999,-9999,-9999,-9999,-9999,-9999,-9999,-9999,-9999,-9999,-9999,-9999,-9999,-9999,-9999,-9999,32.9601669311523,33.0606079101563,33.1210098266602,33.2204895019531,33.3482246398926,33.6695861816406,34.0828170776367,34.6044578552246,35.004508972168,30.4698390960693,24.5808258056641,22.9765110015869,21.1072769165039,17.8243274688721,15.0004272460938,13.6141567230225,13.5605907440186,14.92458152771,19.3194370269775,25.5955486297607,29.8198928833008,32.987434387207,33.7993125915527,-9999,-9999,-9999,-9999,-9999,-9999,-9999,-9999,-9999
-9999,-9999,-9999,-9999,-9999,-9999,22.8262920379639,22.7249317169189,24.5416584014893,31.2732715606689,36.0444183349609,36.5533447265625,36.9055442810059,-9999,-9999,-9999,-9999,-9999,-9999,-9999,-9999,-9999,-9999,-9999,-9999,-9999,-9999,-9999,-9999,-9999,-9999,-9999,-9999,-9999,-9999,-9999,-9999,-9999,-9999,-9999,-9999,-9999,-9999,-9999,-9999,-9999,-9999,-9999,-9999,-9999,-9999,-9999,-9999,-9999,-9999,-9999,-9999,-9999,-9999,-9999,-9999,-9999,-9999,-9999,-9999,-9999,-9999,-9999,-9999,-9999,-9999,-9999,-9999,-9999,-9999,-9999,-9999,-9999,-9999,-9999,-9999,-9999,-9999,-9999,-9999,-9999,-9999,-9999,-9999,-9999,-9999,-9999,-9999,-9999,-9999,-9999,-9999,-9999,-9999,32.703914642334,32.826904296875,32.9182243347168,33.0060348510742,33.0830726623535,33.5917854309082,34.3334732055664,34.553638458252,34.5086708068848,30.2505035400391,24.835412979126,23.3493118286133,21.8460330963135,20.6864070892334,18.5952587127686,14.0587778091431,11.3977546691895,11.1644601821899,16.5470123291016,25.0428676605225,27.5549449920654,27.8589553833008,23.9282321929932,17.7866992950439,16.0112705230713,-9999,-9999,-9999,-9999,-9999,-9999,-9999
-9999,-9999,-9999,-9999,-9999,-9999,21.5048370361328,21.9100589752197,23.0495433807373,30.2411212921143,35.286808013916,36.0114822387695,36.6271820068359,-9999,-9999,-9999,-9999,-9999,-9999,-9999,-9999,-9999,-9999,-9999,-9999,-9999,-9999,-9999,-9999,-9999,-9999,-9999,-9999,-9999,-9999,-9999,-9999,-9999,-9999,-9999,-9999,-9999,-9999,-9999,-9999,-9999,-9999,-9999,-9999,-9999,-9999,-9999,-9999,-9999,-9999,-9999,-9999,-9999,-9999,-9999,-9999,-9999,-9999,-9999,-9999,-9999,-9999,-9999,-9999,-9999,-9999,-9999,-9999,-9999,-9999,-9999,-9999,-9999,-9999,-9999,-9999,-9999,-9999,-9999,-9999,-9999,-9999,-9999,-9999,-9999,-9999,-9999,-9999,-9999,-9999,-9999,-9999,-9999,-9999,32.5700531005859,32.6635932922363,32.6884918212891,32.7490539550781,32.8327560424805,33.321949005127,34.0318641662598,34.2602806091309,34.2698211669922,30.1626262664795,24.9752559661865,23.6101322174072,22.2249240875244,20.9508666992188,18.7275066375732,13.8529253005981,11.6182565689087,12.7969131469727,15.9585857391357,20.7254371643066,21.8707122802734,21.5106964111328,19.4228839874268,17.4520168304443,13.4488506317139,8.11627292633057,-9999,-9999,-9999,-9999,-9999,-9999
-9999,-9999,-9999,-9999,-9999,-9999,-9999,-9999,-9999,-9999,-9999,-9999,-9999,-9999,-9999,-9999,-9999,-9999,-9999,-9999,-9999,-9999,-9999,-9999,-9999,-9999,-9999,-9999,-9999,-9999,-9999,-9999,-9999,-9999,-9999,-9999,-9999,-9999,-9999,-9999,-9999,-9999,-9999,-9999,-9999,-9999,-9999,-9999,-9999,-9999,-9999,-9999,-9999,-9999,-9999,-9999,-9999,-9999,-9999,-9999,-9999,-9999,-9999,-9999,-9999,-9999,-9999,-9999,-9999,-9999,-9999,-9999,-9999,-9999,-9999,-9999,-9999,-9999,-9999,-9999,-9999,-9999,-9999,-9999,-9999,-9999,-9999,-9999,-9999,-9999,-9999,-9999,-9999,-9999,-9999,-9999,-9999,-9999,-9999,-9999,32.4886093139648,32.4589195251465,32.5024032592773,32.6048469543457,33.0877532958984,33.7783737182617,33.9944877624512,33.9839820861816,30.5942497253418,26.396068572998,24.4797992706299,22.5642681121826,21.2515392303467,18.9128456115723,13.8238105773926,11.6722230911255,13.7058172225952,15.2626886367798,16.3314094543457,16.023307800293,14.6420230865479,15.1477537155151,15.8929252624512,10.1168909072876,7.6146936416626,2.97503161430359,-9999,-9999,-9999,-9999,-9999
-9999,-9999,-9999,-9999,-9999,-9999,-9999,-9999,-9999,-9999,-9999,-9999,-9999,-9999,-9999,-9999,-9999,-9999,-9999,-9999,-9999,-9999,-9999,-9999,-9999,-9999,-9999,-9999,-9999,-9999,-9999,-9999,-9999,-9999,-9999,-9999,-9999,-9999,-9999,-9999,-9999,-9999,-9999,-9999,-9999,-9999,-9999,-9999,-9999,-9999,-9999,-9999,-9999,-9999,-9999,-9999,-9999,-9999,-9999,-9999,-9999,-9999,-9999,-9999,-9999,-9999,-9999,-9999,-9999,-9999,-9999,-9999,-9999,-9999,-9999,-9999,-9999,-9999,-9999,-9999,-9999,-9999,-9999,-9999,-9999,-9999,-9999,-9999,-9999,-9999,-9999,-9999,-9999,-9999,-9999,-9999,-9999,-9999,-9999,-9999,32.2773666381836,32.2361373901367,32.3047943115234,32.470775604248,32.9934844970703,33.7079734802246,33.8791313171387,33.8138236999512,33.0318489074707,32.0396881103516,27.430492401123,22.8264217376709,21.5390872955322,19.2151699066162,13.9190692901611,11.4586725234985,13.0776815414429,13.7230434417725,13.3014059066772,12.0949850082397,10.1862945556641,9.85283756256104,9.50968360900879,6.80565977096558,3.35092926025391,3.25161695480347,2.76510620117188,-9999,-9999,-9999,-9999
-9999,-9999,-9999,-9999,-9999,-9999,-9999,-9999,-9999,-9999,-9999,-9999,-9999,-9999,-9999,-9999,-9999,-9999,-9999,-9999,-9999,-9999,-9999,-9999,-9999,-9999,-9999,-9999,-9999,-9999,-9999,-9999,-9999,-9999,-9999,-9999,-9999,-9999,-9999,-9999,-9999,-9999,-9999,-9999,-9999,-9999,-9999,-9999,-9999,-9999,-9999,-9999,-9999,-9999,-9999,-9999,-9999,-9999,-9999,-9999,-9999,-9999,-9999,-9999,-9999,-9999,-9999,-9999,-9999,-9999,-9999,-9999,-9999,-9999,-9999,-9999,-9999,-9999,-9999,-9999,-9999,-9999,-9999,-9999,-9999,-9999,-9999,-9999,-9999,-9999,-9999,-9999,-9999,-9999,-9999,-9999,-9999,-9999,-9999,-9999,32.0843315124512,32.0555305480957,32.1462898254395,32.3590507507324,32.7996978759766,33.362003326416,33.6165084838867,33.7033767700195,34.5353965759277,35.2501029968262,29.279333114624,23.0615768432617,21.8531131744385,19.4796295166016,14.206654548645,11.3818130493164,12.544677734375,12.2785549163818,10.9811086654663,9.12772560119629,7.29983329772949,6.22884178161621,5.14748191833496,4.41384553909302,3.48569202423096,2.76213073730469,2.51155495643616,-9999,-9999,-9999,-9999
-9999,-9999,-9999,-9999,-9999,-9999,-9999,-9999,-9999,-9999,-9999,-9999,-9999,-9999,-9999,-9999,-9999,-9999,-9999,-9999,-9999,-9999,-9999,-9999,-9999,-9999,-9999,-9999,-9999,-9999,-9999,-9999,-9999,-9999,-9999,-9999,-9999,-9999,-9999,-9999,-9999,-9999,-9999,-9999,-9999,-9999,-9999,-9999,-9999,-9999,-9999,-9999,-9999,-9999,-9999,-9999,-9999,-9999,-9999,-9999,-9999,-9999,-9999,-9999,-9999,-9999,-9999,-9999,-9999,-9999,-9999,-9999,-9999,-9999,-9999,-9999,-9999,-9999,-9999,-9999,-9999,-9999,-9999,-9999,-9999,-9999,-9999,-9999,-9999,-9999,-9999,-9999,-9999,-9999,-9999,-9999,-9999,-9999,-9999,-9999,-9999,31.9526805877686,32.0721244812012,32.2949104309082,32.4157447814941,32.4737586975098,33.0568809509277,33.6973991394043,34.5992050170898,35.3181457519531,29.4085025787354,23.2813110351563,22.1686916351318,19.9410209655762,14.5765838623047,11.5805330276489,12.4139060974121,11.597204208374,9.58304595947266,8.42767333984375,7.89177513122559,6.32156467437744,3.8204653263092,3.26227211952209,2.81878685951233,2.50661373138428,2.23772239685059,-9999,-9999,3.31712245941162,3.3907413482666
-9999,-9999,-9999,-9999,-9999,-9999,-9999,-9999,-9999,-9999,-9999,-9999,-9999,-9999,-9999,-9999,-9999,-9999,-9999,-9999,-9999,-9999,-9999,-9999,-9999,-9999,-9999,-9999,-9999,-9999,-9999,-9999,-9999,-9999,-9999,-9999,-9999,-9999,-9999,-9999,-9999,-9999,-9999,-9999,-9999,-9999,-9999,-9999,-9999,-9999,-9999,-9999,-9999,-9999,-9999,-9999,-9999,-9999,-9999,-9999,-9999,-9999,-9999,-9999,-9999,-9999,-9999,-9999,-9999,-9999,-9999,-9999,-9999,-9999,-9999,-9999,-9999,-9999,-9999,-9999,-9999,-9999,-9999,-9999,-9999,-9999,-9999,-9999,-9999,-9999,-9999,-9999,-9999,-9999,-9999,-9999,-9999,-9999,-9999,-9999,-9999,-9999,32.0159111022949,32.1920928955078,32.1476440429688,31.9612636566162,32.6816139221191,33.5658950805664,34.5626945495605,35.3626861572266,29.5877895355225,23.3289241790771,20.2100467681885,16.7531490325928,12.6016416549683,10.3208961486816,10.85129737854,9.72367191314697,7.49692916870117,6.90400505065918,7.06041383743286,5.7143816947937,3.08882236480713,2.96162223815918,2.74077153205872,2.59489250183105,2.57729530334473,2.97065186500549,3.2681736946106,3.37639951705933,3.44035482406616
-9999,-9999,-9999,-9999,-9999,-9999,-9999,-9999,-9999,-9999,-9999,-9999,-9999,-9999,-9999,-9999,-9999,-9999,-9999,-9999,-9999,-9999,-9999,-9999,-9999,-9999,-9999,-9999,-9999,-9999,-9999,-9999,-9999,-9999,-9999,-9999,-9999,-9999,-9999,-9999,-9999,-9999,-9999,-9999,-9999,-9999,-9999,-9999,-9999,-9999,-9999,-9999,-9999,-9999,-9999,-9999,-9999,-9999,-9999,-9999,-9999,-9999,-9999,-9999,-9999,-9999,-9999,-9999,-9999,-9999,-9999,-9999,-9999,-9999,-9999,-9999,-9999,-9999,-9999,-9999,-9999,-9999,-9999,-9999,-9999,-9999,-9999,-9999,-9999,-9999,-9999,-9999,-9999,-9999,-9999,-9999,-9999,-9999,-9999,-9999,-9999,-9999,-9999,32.0488662719727,32.010440826416,31.8923416137695,32.5035705566406,33.2143936157227,34.4307479858398,35.4380760192871,29.8740730285645,23.226110458374,15.4111804962158,8.95346832275391,7.88198089599609,7.31474304199219,7.55043506622314,6.72091770172119,4.7139139175415,4.03089427947998,4.2428092956543,3.9097695350647,3.35482263565063,3.30469512939453,3.30813574790955,3.20132422447205,3.10639023780823,3.19678950309753,3.12026929855347,2.94286012649536,2.85076022148132
-9999,-9999,-9999,-9999,-9999,-9999,-9999,-9999,-9999,-9999,-9999,-9999,-9999,-9999,-9999,-9999,-9999,-9999,-9999,-9999,-9999,-9999,-9999,-9999,-9999,-9999,-9999,-9999,-9999,-9999,-9999,-9999,-9999,-9999,-9999,-9999,-9999,-9999,-9999,-9999,-9999,-9999,-9999,-9999,-9999,-9999,-9999,-9999,-9999,-9999,-9999,-9999,-9999,-9999,-9999,-9999,-9999,-9999,-9999,-9999,-9999,-9999,-9999,-9999,-9999,-9999,-9999,-9999,-9999,-9999,-9999,-9999,-9999,-9999,-9999,-9999,-9999,-9999,-9999,-9999,-9999,-9999,-9999,-9999,-9999,-9999,-9999,-9999,-9999,-9999,-9999,-9999,-9999,-9999,-9999,-9999,-9999,-9999,-9999,-9999,-9999,-9999,-9999,31.9132652282715,31.9608364105225,32.0339279174805,32.3910293579102,32.746883392334,33.8803176879883,34.8968048095703,29.7538223266602,23.32297706604,13.670599937439,6.11059617996216,6.57568025588989,6.8142671585083,6.85528564453125,5.98378276824951,3.49884843826294,2.70641946792603,2.94707679748535,3.07605314254761,3.27487683296204,3.24501752853394,3.29536247253418,3.17218089103699,3.18837237358093,2.82859802246094,4.48241901397705,9.53537845611572,15.0176706314087
-9999,-9999,-9999,-9999,-9999,-9999,-9999,-9999,-9999,-9999,-9999,-9999,-9999,-9999,-9999,-9999,-9999,-9999,-9999,-9999,-9999,-9999,-9999,-9999,-9999,-9999,-9999,-9999,-9999,-9999,-9999,-9999,-9999,-9999,-9999,-9999,-9999,-9999,-9999,-9999,-9999,-9999,-9999,-9999,-9999,-9999,-9999,-9999,-9999,-9999,-9999,-9999,-9999,-9999,-9999,-9999,-9999,-9999,-9999,-9999,-9999,-9999,-9999,-9999,-9999,-9999,-9999,-9999,-9999,-9999,-9999,-9999,-9999,-9999,-9999,-9999,-9999,-9999,-9999,-9999,-9999,-9999,-9999,-9999,-9999,-9999,-9999,-9999,-9999,-9999,-9999,-9999,-9999,-9999,-9999,-9999,-9999,-9999,-9999,-9999,-9999,-9999,-9999,-9999,31.982873916626,32.3138046264648,32.4629287719727,32.501033782959,33.0578765869141,33.9330673217773,29.3508815765381,22.8257160186768,13.3467769622803,6.50308990478516,7.29542016983032,7.5638542175293,7.62078046798706,6.53762626647949,3.711177110672,2.45648694038391,2.66133737564087,2.59705567359924,2.70766615867615,2.5722975730896,2.35760974884033,2.46152544021606,2.36853694915771,2.10940909385681,6.64827537536621,20.1795806884766,30.8274345397949
-9999,-9999,-9999,-9999,-9999,-9999,-9999,-9999,-9999,-9999,-9999,-9999,-9999,-9999,-9999,-9999,-9999,-9999,-9999,-9999,-9999,-9999,-9999,-9999,-9999,-9999,-9999,-9999,-9999,-9999,-9999,-9999,-9999,-9999,-9999,-9999,-9999,-9999,-9999,-9999,-9999,-9999,-9999,-9999,-9999,-9999,-9999,-9999,-9999,-9999,-9999,-9999,-9999,-9999,-9999,-9999,-9999,-9999,-9999,-9999,-9999,-9999,-9999,-9999,-9999,-9999,-9999,-9999,-9999,-9999,-9999,-9999,-9999,-9999,-9999,-9999,-9999,-9999,-9999,-9999,-9999,-9999,-9999,-9999,-9999,-9999,-9999,-9999,-9999,-9999,-9999,-9999,-9999,-9999,-9999,-9999,-9999,-9999,-9999,-9999,-9999,-9999,-9999,-9999,-9999,-9999,32.220832824707,32.1260108947754,32.6822624206543,33.2381591796875,30.3318347930908,26.0074825286865,18.9060649871826,13.2298011779785,11.557671546936,10.5361480712891,10.7263278961182,9.83292865753174,7.97709131240845,8.72489643096924,11.0267562866211,11.0367670059204,10.8145866394043,12.1116924285889,14.2364139556885,15.6530780792236,16.6099605560303,16.0760765075684,18.3799057006836,26.1999015808105,32.6723403930664
-9999,-9999,-9999,-9999,-9999,-9999,-9999,-9999,-9999,-9999,-9999,-9999,-9999,-9999,-9999,-9999,-9999,-9999,-9999,-9999,-9999,-9999,-9999,-9999,-9999,-9999,-9999,-9999,-9999,-9999,-9999,-9999,-9999,-9999,-9999,-9999,-9999,-9999,-9999,-9999,-9999,-9999,-9999,-9999,-9999,-9999,-9999,-9999,-9999,-9999,-9999,-9999,-9999,-9999,-9999,-9999,-9999,-9999,-9999,-9999,-9999,-9999,-9999,-9999,-9999,-9999,-9999,-9999,-9999,-9999,-9999,-9999,-9999,-9999,-9999,-9999,-9999,-9999,-9999,-9999,-9999,-9999,-9999,-9999,-9999,-9999,-9999,-9999,-9999,-9999,-9999,-9999,-9999,-9999,-9999,-9999,-9999,-9999,-9999,-9999,-9999,-9999,-9999,-9999,-9999,-9999,-9999,-9999,31.9213523864746,32.1767501831055,31.8900718688965,31.1807060241699,27.6047973632813,23.1749267578125,17.7674884796143,14.6393775939941,15.3482532501221,15.4941329956055,14.4755735397339,17.6643657684326,22.5843887329102,22.8776588439941,22.0352592468262,24.8170890808105,27.6561241149902,29.9293994903564,31.5884227752686,31.0136032104492,30.6071033477783,30.5804443359375,-9999
-9999,-9999,-9999,-9999,-9999,-9999,-9999,-9999,-9999,-9999,-9999,-9999,-9999,-9999,-9999,-9999,-9999,-9999,-9999,-9999,-9999,-9999,-9999,-9999,-9999,-9999,-9999,-9999,-9999,-9999,-9999,-9999,-9999,-9999,-9999,-9999,-9999,-9999,-9999,-9999,-9999,-9999,-9999,-9999,-9999,-9999,-9999,-9999,-9999,-9999,-9999,-9999,-9999,-9999,-9999,-9999,-9999,-9999,-9999,-9999,-9999,-9999,-9999,-9999,-9999,-9999,-9999,-9999,-9999,-9999,-9999,-9999,-9999,-9999,-9999,-9999,-9999,-9999,-9999,-9999,-9999,-9999,-9999,-9999,-9999,-9999,-9999,-9999,-9999,-9999,-9999,-9999,-9999,-9999,-9999,-9999,-9999,-9999,-9999,-9999,-9999,-9999,-9999,-9999,-9999,-9999,-9999,-9999,-9999,-9999,31.6568794250488,31.4537124633789,29.6340484619141,27.4907321929932,24.6009273529053,22.8337707519531,22.9581394195557,22.7810459136963,22.3339653015137,23.9964351654053,26.5840435028076,26.7848281860352,26.3853607177734,27.8601684570313,29.4088039398193,30.6923656463623,31.6424407958984,31.2551937103271,-9999,-9999,-9999
-9999,-9999,-9999,-9999,-9999,-9999,-9999,-9999,-9999,-9999,-9999,-9999,-9999,-9999,-9999,-9999,-9999,-9999,-9999,-9999,-9999,-9999,-9999,-9999,-9999,-9999,-9999,-9999,-9999,-9999,-9999,-9999,-9999,-9999,-9999,-9999,-9999,-9999,-9999,-9999,-9999,-9999,-9999,-9999,-9999,-9999,-9999,-9999,-9999,-9999,-9999,-9999,-9999,-9999,-9999,-9999,-9999,-9999,-9999,-9999,-9999,-9999,-9999,-9999,-9999,-9999,-9999,-9999,-9999,-9999,-9999,-9999,-9999,-9999,-9999,-9999,-9999,-9999,-9999,-9999,-9999,-9999,-9999,-9999,-9999,-9999,-9999,-9999,-9999,-9999,-9999,-9999,-9999,-9999,-9999,-9999,-9999,-9999,-9999,-9999,-9999,-9999,-9999,-9999,-9999,-9999,-9999,-9999,-9999,-9999,-9999,-9999,-9999,-9999,-9999,-9999,-9999,-9999,-9999,-9999,-9999,-9999,-9999,-9999,-9999,-9999,-9999,-9999,-9999,-9999,-9999
-9999,-9999,-9999,-9999,-9999,-9999,-9999,-9999,-9999,-9999,-9999,-9999,-9999,-9999,-9999,-9999,-9999,-9999,-9999,-9999,-9999,-9999,-9999,-9999,-9999,-9999,-9999,-9999,-9999,-9999,-9999,-9999,-9999,-9999,-9999,-9999,-9999,-9999,-9999,-9999,-9999,-9999,-9999,-9999,-9999,-9999,-9999,-9999,-9999,-9999,-9999,-9999,-9999,-9999,-9999,-9999,-9999,-9999,-9999,-9999,-9999,-9999,-9999,-9999,-9999,-9999,-9999,-9999,-9999,-9999,-9999,-9999,-9999,-9999,-9999,-9999,-9999,-9999,-9999,-9999,-9999,-9999,-9999,-9999,-9999,-9999,-9999,-9999,-9999,-9999,-9999,-9999,-9999,-9999,-9999,-9999,-9999,-9999,-9999,-9999,-9999,-9999,-9999,-9999,-9999,-9999,-9999,-9999,-9999,-9999,-9999,-9999,-9999,-9999,-9999,-9999,-9999,-9999,-9999,-9999,-9999,-9999,-9999,-9999,-9999,-9999,-9999,-9999,-9999,-9999,-9999

Step,241
Year,20.08333
-9999,-9999,-9999,-9999,-9999,-9999,-9999,-9999,-9999,-9999,-9999,-9999,-9999,-9999,-9999,-9999,-9999,-9999,-9999,-9999,-9999,-9999,-9999,-9999,-9999,-9999,-9999,-9999,-9999,-9999,-9999,-9999,-9999,-9999,-9999,-9999,-9999,-9999,-9999,-9999,-9999,-9999,-9999,-9999,-9999,-9999,-9999,-9999,-9999,-9999,-9999,-9999,-9999,-9999,-9999,-9999,-9999,-9999,-9999,-9999,-9999,-9999,-9999,-9999,-9999,-9999,-9999,-9999,-9999,-9999,-9999,-9999,-9999,-9999,-9999,-9999,-9999,-9999,-9999,-9999,-9999,-9999,-9999,-9999,-9999,-9999,-9999,-9999,-9999,-9999,-9999,-9999,-9999,-9999,-9999,-9999,-9999,-9999,-9999,-9999,-9999,-9999,-9999,-9999,-9999,-9999,-9999,-9999,-9999,-9999,-9999,-9999,-9999,-9999,-9999,-9999,-9999,-9999,-9999,-9999,-9999,-9999,-9999,-9999,-9999,-9999,-9999,-9999,-9999,-9999,-9999
-9999,-9999,-9999,-9999,-9999,-9999,-9999,-9999,-9999,-9999,-9999,-9999,-9999,-9999,-9999,-9999,-9999,-9999,-9999,-9999,-9999,-9999,-9999,-9999,-9999,-9999,-9999,-9999,-9999,-9999,-9999,-9999,-9999,-9999,-9999,-9999,-9999,-9999,-9999,-9999,-9999,-9999,-9999,-9999,-9999,-9999,-9999,-9999,-9999,-9999,-9999,-9999,-9999,-9999,-9999,-9999,-9999,-9999,-9999,-9999,-9999,-9999,-9999,-9999,-9999,-9999,-9999,-9999,-9999,-9999,-9999,-9999,-9999,-9999,-9999,-9999,-9999,-9999,-9999,-9999,-9999,-9999,-9999,-9999,-9999,-9999,-9999,-9999,-9999,-9999,-9999,-9999,-9999,-9999,-9999,-9999,-9999,-9999,-9999,-9999,-9999,-9999,-9999,-9999,-9999,-9999,-9999,-9999,-9999,-9999,-9999,-9999,-9999,-9999,-9999,-9999,-9999,-9999,-9999,-9999,-9999,-9999,-9999,-9999,-9999,-9999,-9999,-9999,-9999,-9999,-9999
-9999,-9999,-9999,-9999,-9999,-9999,-9999,-9999,-9999,-9999,-9999,-9999,-9999,-9999,-9999,-9999,-9999,-9999,-9999,-9999,-9999,-9999,-9999,-9999,-9999,-9999,-9999,-9999,-9999,-9999,-9999,-9999,-9999,-9999,-9999,-9999,-9999,-9999,-9999,-9999,-9999,-9999,-9999,-9999,-9999,-9999,-9999,-9999,-9999,-9999,-9999,-9999,-9999,-9999,-9999,-9999,-9999,-9999,-9999,-9999,-9999,-9999,-9999,-9999,-9999,-9999,-9999,-9999,-9999,-9999,-9999,-9999,-9999,-9999,37.4723091125488,37.7760429382324,-9999,-9999,-9999,-9999,-9999,-9999,-9999,-9999,-9999,-9999,-9999,-9999,-9999,-9999,-9999,-9999,-9999,-9999,-9999,-9999,-9999,-9999,-9999,-9999,-9999,-9999,-9999,-9999,-9999,-9999,-9999,-9999,-9999,-9999,-9999,-9999,-9999,-9999,-9999,-9999,-9999,-9999,-9999,-9999,-9999,-9999,-9999,-9999,-9999,-9999,-9999,-9999,-9999,-9999,-9999
-9999,-9999,-9999,-9999,-9999,-9999,-9999,-9999,-9999,-9999,-9999,-9999,-9999,-9999,-9999,-9999,-9999,-9999,-9999,-9999,-9999,-9999,-9999,-9999,-9999,-9999,-9999,-9999,-9999,-9999,-9999,-9999,-9999,-9999,-9999,-9999,-9999,-9999,-9999,-9999,-9999,-9999,-9999,-9999,-9999,-9999,-9999,-9999,-9999,-9999,-9999,-9999,-9999,-9999,-9999,-9999,-9999,-9999,-9999,-9999,-9999,-9999,-9999,-9999,-9999,-9999,-9999,-9999,-9999,-9999,-9999,-9999,-9999,-9999,38.0407905578613,37.6294059753418,-9999,-9999,-9999,-9999,-9999,-9999,-9999,-9999,-9999,-9999,-9999,-9999,-9999,-9999,-9999,-9999,-9999,-9999,-9999,-9999,-9999,-9999,-9999,-9999,-9999,-9999,-9999,-9999,-9999,-9999,-9999,-9999,-9999,-9999,-9999,-9999,-9999,-9999,-9999,-9999,-9999,-9999,-9999,-9999,-9999,-9999,-9999,-9999,-9999,-9999,-9999,-9999,-9999,-9999,-9999
-9999,-9999,-9999,-9999,-9999,-9999,-9999,-9999,-9999,-9999,-9999,-9999,-9999,-9999,-9999,-9999,-9999,-9999,-9999,-9999,-9999,-9999,-9999,-9999,-9999,-9999,-9999,-9999,-9999,-9999,-9999,-9999,-9999,-9999,-9999,-9999,-9999,-9999,-9999,-9999,-9999,-9999,-9999,-9999,-9999,-9999,-9999,-9999,-9999,-9999,-9999,-9999,-9999,-9999,-9999,-9999,6.17514286233023E-13,1.09007052273569E-08,1.08170805646068E-08,1.08018101130369E-08,-9999,-9999,-9999,-9999,-9999,38.6624794006348,38.5100364685059,39.3094253540039,39.7569694519043,37.3590698242188,35.9275779724121,32.6423797607422,32.506706237793,31.8725109100342,35.5710716247559,34.4491691589355,32.9663200378418,-9999,-9999,25.2312412261963,23.8160552978516,23.0229797363281,23.5968723297119,30.4399299621582,33.5035514831543,35.5118560791016,35.4203605651855,33.1333389282227,24.9660778045654,-9999,-9999,-9999,-9999,-9999,-9999,-9999,-9999,-9999,-9999,-9999,-9999,-9999,-9999,-9999,-9999,-9999,-9999,-9999,-9999,-9999,-9999,-9999,-9999,-9999,-9999,-9999,-9999,-9999,-9999,-9999,-9999,-9999,-9999,-9999,-9999,-9999,-9999,-9999,-9999,-9999,-9999
-9999,-9999,-9999,-9999,-9999,-9999,-9999,-9999,-9999,-9999,-9999,-9999,-9999,-9999,-9999,-9999,-9999,-9999,-9999,-9999,-9999,-9999,-9999,-9999,-9999,-9999,-9999,-9999,-9999,-9999,-9999,-9999,-9999,-9999,-9999,-9999,-9999,-9999,-9999,-9999,-9999,-9999,-9999,-9999,-9999,-9999,-9999,-9999,-9999,-9999,-9999,-9999,-9999,-9999,-9999,7.13202066848773E-13,2.48477611819453E-08,0.000671680434606969,0.000667941640131176,0.000667243089992553,0.00136908865533769,44.7402572631836,-9999,44.0456924438477,42.2084579467773,41.7066535949707,40.6827125549316,40.7401008605957,40.2391738891602,39.3079109191895,36.1967468261719,35.2558937072754,36.0016479492188,34.9775505065918,34.6039237976074,35.0538101196289,33.7914543151855,33.3709831237793,32.1657409667969,29.6816959381104,26.3435249328613,23.6048030853271,26.7315635681152,29.7904300689697,34.1217651367188,36.4997596740723,36.2949523925781,34.0727081298828,28.6202373504639,22.5265922546387,15.9829483032227,-9999,-9999,-9999,-9999,-9999,-9999,-9999,-9999,-9999,-9999,-9999,-9999,-9999,-9999,-9999,-9999,-9999,-9999,-9999,-9999,-9999,-9999,-9999,-9999,-9999,-9999,-9999,-9999,-9999,-9999,-9999,-9999,-9999,-9999,-9999,-9999,-9999,-9999,-9999,-9999
-9999,-9999,-9999,-9999,-9999,-9999,-9999,-9999,-9999,-9999,-9999,-9999,-9999,-9999,-9999,-9999,-9999,-9999,-9999,-9999,-9999,-9999,-9999,-9999,-9999,-9999,-9999,-9999,-9999,-9999,-9999,-9999,-9999,-9999,-9999,-9999,-9999,-9999,-9999,-9999,-9999,-9999,-9999,-9999,-9999,-9999,-9999,-9999,-9999,-9999,-9999,-9999,-9999,-9999,-9999,1.44831133752632E-08,0.000772430910728872,45.8887214660645,45.8311233520508,45.8811874389648,46.0361213684082,45.3984909057617,44.6272087097168,44.593620300293,42.5678520202637,42.1068267822266,41.0135841369629,40.5981063842773,39.7374610900879,38.4988632202148,37.4485855102539,37.1129760742188,36.7360954284668,36.533821105957,36.1529197692871,35.7122116088867,34.8314056396484,33.6775550842285,31.9208984375,29.5950355529785,26.6550178527832,23.9796752929688,27.4576473236084,31.9232940673828,35.7591209411621,37.6322822570801,37.3056526184082,34.8205833435059,29.0872669219971,22.7418804168701,15.8582782745361,13.8906745910645,18.0944290161133,-9999,-9999,-9999,-9999,-9999,-9999,-9999,-9999,-9999,29.6345729827881,30.3023090362549,32.4034881591797,-9999,-9999,-9999,-9999,-9999,-9999,-9999,-9999,-9999,-9999,-9999,-9999,-9999,-9999,-9999,-9999,-9999,-9999,-9999,-9999,-9999,-9999,-9999,-9999,-9999,-9999
-9999,-9999,-9999,-9999,-9999,-9999,-9999,-9999,-9999,-9999,-9999,-9999,-9999,-9999,-9999,-9999,-9999,-9999,-9999,-9999,-9999,-9999,-9999,-9999,-9999,-9999,-9999,-9999,-9999,-9999,-9999,38.5549240112305,-9999,-9999,-9999,39.3710708618164,-9999,-9999,-9999,-9999,-9999,-9999,-9999,-9999,-9999,-9999,-9999,-9999,-9999,-9999,-9999,-9999,-9999,-9999,-9999,-9999,-9999,45.4567832946777,45.6821250915527,45.7808380126953,-9999,46.1761054992676,45.6026191711426,44.6749496459961,42.8103866577148,42.1677780151367,41.947639465332,40.7324829101563,39.9152717590332,37.5609359741211,36.7282905578613,37.9092864990234,38.0748863220215,37.7011909484863,37.0153617858887,36.6226768493652,35.7970848083496,34.9086799621582,34.5196495056152,34.6172866821289,33.0342483520508,31.4327697753906,34.741397857666,36.794116973877,39.5494651794434,40.790397644043,39.7903900146484,37.4899787902832,32.6371574401855,29.408224105835,27.051326751709,22.5354614257813,16.8223743438721,20.0838527679443,-9999,-9999,-9999,-9999,-9999,-9999,-9999,-9999,33.7746315002441,36.1415100097656,35.821891784668,33.7902755737305,33.5105743408203,-9999,-9999,-9999,-9999,-9999,-9999,-9999,-9999,-9999,-9999,-9999,-9999,-9999,-9999,-9999,-9999,-9999,-9999,-9999,-9999,-9999,-9999,-9999,-9999
-9999,-9999,-9999,-9999,-9999,-9999,-9999,-9999,-9999,-9999,-9999,-9999,-9999,-9999,-9999,-9999,-9999,-9999,-9999,-9999,-9999,-9999,-9999,-9999,-9999,-9999,-9999,-9999,-9999,-9999,38.2285995483398,38.0127639770508,-9999,-9999,39.7092018127441,39.7749328613281,-9999,-9999,35.6653518676758,37.9807968139648,-9999,-9999,-9999,-9999,-9999,41.3831977844238,-9999,-9999,-9999,-9999,-9999,-9999,-9999,-9999,-9999,-9999,-9999,-9999,-9999,-9999,-9999,46.0558204650879,46.7062339782715,44.7102279663086,43.4074096679688,42.368953704834,41.0552177429199,39.8965110778809,38.7579879760742,36.583984375,35.4468383789063,38.5080604553223,40.1711769104004,39.5667114257813,38.6322288513184,38.0640830993652,37.3672218322754,36.312629699707,37.8466720581055,39.2099952697754,39.7189483642578,38.8316078186035,39.7587051391602,40.7325057983398,41.877498626709,42.3103637695313,41.4318084716797,39.7029304504395,36.4484062194824,35.5458030700684,36.7821884155273,29.9713516235352,18.0282592773438,20.0370864868164,24.2830123901367,-9999,-9999,-9999,-9999,-9999,34.8524971008301,35.0308532714844,35.2942886352539,35.5910186767578,36.5428504943848,37.585205078125,35.2518272399902,32.9896545410156,-9999,-9999,-9999,-9999,-9999,-9999,-9999,-9999,-9999,-9999,-9999,-9999,-9999,-9999,-9999,-9999,-9999,-9999,-9999,-9999,-9999,-9999,-9999
-9999,-9999,-9999,-9999,-9999,-9999,-9999,-9999,-9999,-9999,-9999,-9999,-9999,-9999,-9999,-9999,-9999,-9999,-9999,-9999,-9999,-9999,-9999,38.6154022216797,38.8552513122559,-9999,-9999,-9999,-9999,38.105281829834,38.0789108276367,38.1956443786621,37.6109275817871,39.0491333007813,39.1487655639648,39.3393058776855,36.7539100646973,35.2961616516113,35.7609634399414,-9999,39.1392250061035,41.0430030822754,-9999,-9999,40.8327941894531,41.450798034668,41.9328002929688,42.8854217529297,-9999,-9999,-9999,-9999,-9999,-9999,-9999,-9999,-9999,41.6497001647949,43.8914566040039,-9999,-9999,-9999,44.9392967224121,44.7976455688477,44.0016326904297,41.8966598510742,42.0460586547852,40.8121337890625,39.4889717102051,35.8216247558594,34.4320869445801,37.7687225341797,39.6797027587891,40.2329864501953,39.9815902709961,39.5121612548828,38.7594032287598,37.6136817932129,37.8848457336426,39.473518371582,39.910945892334,39.9362754821777,40.9721832275391,41.8307304382324,42.2429733276367,42.3888282775879,42.0285491943359,40.9334907531738,38.3465766906738,36.6929817199707,35.6373672485352,31.2260341644287,24.0323352813721,23.4179019927979,24.2132835388184,21.3040599822998,20.8126811981201,22.2564353942871,22.8080253601074,24.8500938415527,29.7532749176025,34.9371910095215,35.0005264282227,35.4326210021973,36.3440856933594,37.4154815673828,38.1589660644531,34.8912353515625,33.5094299316406,34.3236122131348,-9999,-9999,-9999,-9999,-9999,-9999,-9999,-9999,-9999,-9999,-9999,-9999,-9999,-9999,-9999,-9999,-9999,-9999,-9999,-9999,-9999
-9999,-9999,-9999,-9999,-9999,-9999,-9999,-9999,-9999,-9999,-9999,-9999,-9999,-9999,-9999,-9999,-9999,-9999,-9999,-9999,-9999,-9999,38.5105743408203,38.4807891845703,37.9912948608398,39.522876739502,40.2529640197754,37.7992515563965,37.2488098144531,37.2912330627441,38.1805076599121,37.3577156066895,36.9761505126953,37.3782730102539,38.3986625671387,36.9739761352539,35.1615600585938,34.96337890625,34.808708190918,35.7575988769531,37.3859672546387,39.6592025756836,40.6430130004883,41.0509033203125,41.0684471130371,41.497200012207,42.3163146972656,43.2298622131348,43.2601280212402,-9999,-9999,-9999,-9999,-9999,-9999,-9999,-9999,40.0344467163086,40.9403190612793,42.5196380615234,-9999,-9999,44.0244445800781,44.3269309997559,45.2742881774902,44.2047386169434,42.4873962402344,40.7504234313965,38.1124114990234,34.8119964599609,33.6892013549805,37.4720573425293,39.0580444335938,40.7463836669922,41.1935691833496,40.3889694213867,39.7540893554688,39.2911834716797,39.3151626586914,38.6680946350098,39.8806343078613,41.0278129577637,42.003532409668,42.7051315307617,42.5628776550293,42.470401763916,42.4672546386719,41.8378105163574,40.3587341308594,37.9485015869141,34.7295684814453,32.0335655212402,28.4004402160645,25.9552326202393,23.5790882110596,22.2441959381104,21.924560546875,24.0063018798828,24.1869430541992,23.641752243042,26.0361289978027,32.3896141052246,35.3000259399414,35.8363037109375,36.4542999267578,36.9779663085938,37.7646179199219,38.6520538330078,36.9806175231934,35.0224456787109,-9999,-9999,-9999,-9999,-9999,-9999,-9999,-9999,-9999,-9999,-9999,-9999,-9999,-9999,-9999,-9999,-9999,-9999,-9999,-9999,-9999
-9999,-9999,-9999,-9999,-9999,-9999,-9999,-9999,-9999,-9999,-9999,-9999,-9999,-9999,-9999,-9999,-9999,-9999,-9999,-9999,-9999,-9999,38.7877349853516,37.7018890380859,37.3972625732422,38.9248161315918,41.428596496582,40.8778915405273,36.8706092834473,36.6470527648926,37.3673858642578,37.3115692138672,36.9564666748047,36.8009147644043,36.7926063537598,36.0643119812012,34.9961776733398,34.582202911377,34.690601348877,35.5258483886719,36.730541229248,38.8615646362305,40.192268371582,40.5545043945313,40.7312698364258,41.0660972595215,41.3390083312988,42.6887626647949,43.2644233703613,42.6053161621094,42.4392013549805,-9999,-9999,-9999,-9999,-9999,-9999,-9999,39.8219337463379,41.2800483703613,42.3327522277832,42.6715621948242,43.1428680419922,44.1790390014648,44.8138656616211,44.1557540893555,42.0524597167969,38.4956169128418,35.0779571533203,33.3778953552246,34.5016250610352,38.5766487121582,40.7595252990723,41.9105453491211,42.1545867919922,42.2099914550781,41.8654937744141,41.4539833068848,40.9028663635254,40.0729942321777,41.0837745666504,42.0437316894531,42.3681030273438,42.6129150390625,42.5866088867188,42.5713233947754,42.5780258178711,42.0154151916504,40.8021812438965,38.1311683654785,33.5308494567871,31.8052654266357,30.771556854248,25.6510524749756,19.3237438201904,20.4356002807617,21.2423362731934,23.0346813201904,24.261568069458,23.8350238800049,26.3405704498291,33.0038604736328,36.7432403564453,38.4950904846191,37.9402923583984,35.9893531799316,36.7615585327148,38.2850112915039,38.1575012207031,36.0049781799316,38.5065956115723,-9999,-9999,-9999,-9999,-9999,-9999,-9999,-9999,-9999,-9999,-9999,-9999,-9999,-9999,-9999,-9999,-9999,-9999,-9999,-9999
-9999,-9999,-9999,-9999,-9999,-9999,-9999,-9999,-9999,-9999,-9999,-9999,-9999,-9999,-9999,-9999,-9999,-9999,-9999,-9999,-9999,-9999,39.0890159606934,38.7205009460449,36.5539665222168,35.8835716247559,42.2318115234375,43.9309844970703,40.3906860351563,38.3405456542969,38.5844345092773,38.3958892822266,37.8645439147949,37.6216011047363,37.2438583374023,36.7020149230957,36.1537857055664,35.8731155395508,35.6897506713867,36.4171028137207,37.0113067626953,38.2671318054199,39.2580299377441,39.7328224182129,39.9553565979004,39.9771347045898,40.2366142272949,40.2174377441406,41.4949264526367,42.5287857055664,42.5971717834473,-9999,-9999,-9999,-9999,39.8443641662598,39.5538139343262,38.9543418884277,39.0366439819336,39.6688003540039,41.0575637817383,42.0948867797852,43.3436431884766,44.1701965332031,44.4712142944336,43.0617256164551,41.0773429870605,36.6332893371582,33.8021697998047,35.3612022399902,36.6533889770508,40.0937728881836,42.1532745361328,43.1596755981445,43.5325202941895,43.3334274291992,42.9204978942871,42.4032707214355,41.8384399414063,41.2382278442383,41.9746360778809,42.6528129577637,42.569938659668,42.5177230834961,42.5679893493652,42.5970726013184,42.5870819091797,42.1434936523438,41.2022476196289,38.7013854980469,34.6546096801758,34.1871948242188,35.3240661621094,29.3456802368164,21.0621871948242,22.0164527893066,23.1970462799072,24.7119941711426,26.1148433685303,25.7703876495361,28.0201816558838,34.0519180297852,37.8754234313965,40.4920654296875,39.4778785705566,36.1184043884277,37.2352104187012,39.3427352905273,40.1718940734863,39.5697288513184,39.2328796386719,40.4032707214355,-9999,-9999,-9999,-9999,-9999,-9999,-9999,-9999,-9999,-9999,-9999,-9999,-9999,-9999,-9999,-9999,-9999,-9999,-9999
-9999,-9999,-9999,-9999,-9999,-9999,-9999,-9999,-9999,-9999,-9999,-9999,-9999,-9999,-9999,-9999,-9999,-9999,-9999,-9999,-9999,37.6811943054199,39.0925331115723,38.5550689697266,35.8681221008301,35.5766143798828,41.9345626831055,44.5174942016602,43.0868873596191,42.1202850341797,41.8157958984375,41.4458312988281,41.2179336547852,40.9805068969727,40.6245269775391,40.1436805725098,39.7638320922852,39.472282409668,39.2792701721191,39.4787445068359,39.2303619384766,37.2812347412109,36.8567008972168,38.3022270202637,38.8281707763672,39.2089080810547,39.3917999267578,39.3914680480957,39.6196708679199,40.162784576416,40.0004272460938,39.9235992431641,40.0880813598633,40.3748741149902,39.9722785949707,39.7710914611816,39.2726020812988,39.0702629089355,39.069507598877,38.999626159668,38.1528053283691,38.366096496582,40.1503562927246,42.5607757568359,44.3948135375977,42.6371154785156,40.0314788818359,35.2712020874023,35.5747680664063,39.5722160339355,42.2477607727051,43.2096633911133,43.700008392334,43.7083435058594,43.5714492797852,43.3284454345703,43.0318794250488,42.7089157104492,42.4106979370117,42.120735168457,42.2391128540039,42.3609466552734,42.3865966796875,42.4138679504395,42.4482612609863,42.4319305419922,42.3204193115234,42.0982818603516,41.7512588500977,40.9248504638672,39.7287750244141,39.7435874938965,40.1219024658203,37.7132453918457,33.944896697998,31.2296123504639,28.9556007385254,30.3700618743896,30.944938659668,30.8716259002686,32.0230331420898,35.208194732666,38.4174423217773,41.2842750549316,41.1317176818848,39.0531997680664,41.0238609313965,43.6634712219238,42.2674407958984,40.3360366821289,40.3567008972168,39.4787902832031,38.6890182495117,37.799919128418,-9999,-9999,-9999,-9999,-9999,-9999,-9999,-9999,-9999,-9999,-9999,-9999,-9999,-9999,-9999,-9999,-9999
-9999,-9999,-9999,-9999,-9999,-9999,-9999,-9999,-9999,-9999,-9999,-9999,-9999,-9999,-9999,-9999,-9999,-9999,-9999,-9999,-9999,35.7836227416992,35.4337882995605,36.632209777832,36.1180801391602,36.8796424865723,41.5334548950195,43.7771072387695,43.5474548339844,43.1703910827637,42.6052017211914,42.2243041992188,42.1856842041016,41.8987274169922,41.5717544555664,41.2212066650391,40.7968711853027,40.5047798156738,40.3251724243164,40.3250350952148,39.8209457397461,38.0475273132324,37.1716575622559,37.6350250244141,38.1381340026855,38.6578102111816,39.2784652709961,39.7755928039551,39.4553031921387,39.2141761779785,39.4835166931152,39.574893951416,39.4800300598145,39.5286064147949,39.3729629516602,39.0200500488281,38.460277557373,37.9785690307617,37.6905517578125,36.7033996582031,36.6345443725586,37.9513893127441,38.5927619934082,39.4006767272949,43.1347846984863,42.2532844543457,41.0710029602051,36.0859909057617,38.0059661865234,42.196834564209,44.5759010314941,44.3801498413086,44.1115341186523,43.7430114746094,-9999,-9999,-9999,-9999,-9999,-9999,-9999,42.0751075744629,42.1335411071777,42.1901016235352,42.2387313842773,42.2128829956055,42.0467224121094,41.9274864196777,41.8599472045898,41.8328247070313,41.8304214477539,41.7962799072266,41.7606620788574,41.19189453125,39.7366218566895,35.6641235351563,32.3406295776367,33.3246421813965,33.7493171691895,32.0543098449707,32.0980949401855,33.8509368896484,36.8863792419434,39.9250831604004,40.7912712097168,40.4849548339844,42.4804534912109,44.7993927001953,42.3875350952148,38.9332695007324,39.9863128662109,39.1927108764648,38.8055725097656,36.8430862426758,37.393798828125,-9999,-9999,-9999,-9999,-9999,-9999,-9999,-9999,-9999,-9999,-9999,-9999,-9999,-9999,-9999,-9999
-9999,-9999,-9999,-9999,-9999,-9999,-9999,-9999,-9999,-9999,-9999,-9999,-9999,-9999,-9999,-9999,-9999,-9999,-9999,33.8489646911621,34.5746688842773,34.0258522033691,33.497802734375,33.2946853637695,37.1015472412109,39.8312110900879,40.683708190918,41.0823974609375,40.7383346557617,40.3201942443848,39.9661674499512,39.9239692687988,39.8075714111328,39.5373649597168,39.2258834838867,38.9426727294922,38.549976348877,38.2473220825195,38.1142883300781,38.1983375549316,38.8327674865723,40.9483413696289,41.409725189209,39.2970199584961,38.4734916687012,39.2240600585938,40.0319290161133,40.9787406921387,39.7459754943848,37.8567352294922,38.1448745727539,38.2857818603516,38.1662635803223,38.029842376709,37.8877944946289,37.2167434692383,35.8344383239746,34.864200592041,34.3300132751465,35.4388885498047,37.4752655029297,39.8075675964355,42.0609893798828,41.7639083862305,40.9688186645508,39.549430847168,40.8171348571777,42.0369453430176,42.179759979248,43.3451957702637,44.028392791748,-9999,-9999,-9999,-9999,-9999,-9999,-9999,-9999,-9999,-9999,-9999,-9999,41.791072845459,41.8984146118164,41.9160766601563,41.7646942138672,41.5784339904785,41.3536148071289,41.0908470153809,40.8016548156738,40.7130126953125,40.6995391845703,40.7678298950195,40.8388061523438,37.3440208435059,33.8352851867676,34.3614768981934,33.8415718078613,28.8891830444336,26.3950023651123,27.7388458251953,30.2891540527344,33.9522857666016,37.1052856445313,40.2875823974609,41.5314636230469,42.3092956542969,39.8017196655273,36.5995330810547,38.7548561096191,40.2214050292969,40.0981788635254,35.1601829528809,36.1124610900879,-9999,-9999,-9999,-9999,-9999,-9999,-9999,-9999,-9999,-9999,-9999,-9999,-9999,-9999,-9999,-9999
-9999,-9999,-9999,-9999,-9999,-9999,-9999,-9999,-9999,-9999,-9999,-9999,-9999,-9999,-9999,-9999,-9999,-9999,31.7684364318848,32.9711494445801,33.1168060302734,35.0122222900391,33.6228790283203,32.730842590332,36.8319816589355,39.6731262207031,40.4190216064453,40.7732391357422,40.2830848693848,39.8640975952148,39.6193046569824,39.5826034545898,39.5575866699219,39.3713073730469,38.9801139831543,38.8289337158203,38.5573196411133,38.545581817627,38.1861686706543,38.3227577209473,39.3946876525879,42.2762908935547,42.8053512573242,40.5447463989258,39.4782981872559,39.7679100036621,40.5257377624512,41.4284820556641,39.7776641845703,37.1236915588379,36.3889427185059,36.0977363586426,35.7987747192383,35.725757598877,36.7353134155273,36.9719772338867,35.5374870300293,34.4456214904785,34.1427726745605,35.9966201782227,39.2414169311523,41.5374641418457,42.991153717041,43.2301864624023,43.1197471618652,42.8838348388672,42.500904083252,43.1323432922363,-9999,-9999,-9999,-9999,-9999,-9999,-9999,-9999,-9999,-9999,-9999,-9999,-9999,-9999,-9999,-9999,-9999,41.59130859375,41.4722137451172,41.2761383056641,40.9950828552246,40.6260299682617,40.1943359375,40.0340042114258,39.9724464416504,40.2701530456543,40.6380271911621,38.2605094909668,35.8706588745117,35.0746726989746,33.4557952880859,28.5369148254395,24.7497215270996,23.690092086792,24.9000129699707,27.6993732452393,32.8238716125488,37.8210144042969,38.7111320495605,38.9179878234863,38.4152984619141,37.5969390869141,38.7912750244141,39.5026626586914,39.2099304199219,36.0393676757813,35.0870361328125,-9999,-9999,-9999,-9999,-9999,-9999,-9999,-9999,-9999,-9999,-9999,-9999,-9999,-9999,-9999,-9999
-9999,-9999,-9999,-9999,-9999,-9999,-9999,-9999,-9999,-9999,-9999,-9999,33.2633247375488,31.988452911377,-9999,31.5647449493408,33.0703735351563,34.5767402648926,33.9947052001953,31.4042816162109,34.1109580993652,36.934326171875,36.2510185241699,35.062686920166,35.7052803039551,37.2102432250977,40.609806060791,42.3003311157227,42.0983085632324,41.8202285766602,41.7562789916992,41.725528717041,41.7550621032715,41.5219345092773,41.297924041748,41.097785949707,41.1483383178711,41.1569938659668,40.5081100463867,40.5723114013672,40.4578247070313,40.8242034912109,41.0167465209961,40.6208953857422,40.650146484375,41.0657348632813,41.1165199279785,41.6553497314453,39.9380378723145,37.1428375244141,34.7731056213379,32.2963027954102,32.1095428466797,32.4464874267578,35.7338027954102,37.4747581481934,36.4269218444824,35.8923454284668,36.2476463317871,38.7285041809082,41.4201393127441,42.6332359313965,43.2677001953125,43.375732421875,43.3612937927246,43.1799736022949,43.0129051208496,-9999,-9999,-9999,-9999,-9999,-9999,-9999,-9999,-9999,-9999,-9999,-9999,-9999,-9999,-9999,-9999,-9999,-9999,-9999,41.1693840026855,41.0140037536621,40.7660217285156,40.4061279296875,39.9677543640137,39.7230186462402,39.5501136779785,39.7214736938477,39.9474411010742,39.0680046081543,37.9824752807617,35.3195838928223,32.4307098388672,30.790943145752,27.8667736053467,22.4623031616211,20.9983901977539,23.2007102966309,27.0386581420898,31.9870529174805,33.6344718933105,34.5627861022949,38.1378479003906,41.3578987121582,39.5590896606445,38.4573249816895,39.1944122314453,36.6240577697754,34.7043876647949,-9999,-9999,-9999,-9999,-9999,-9999,-9999,-9999,-9999,-9999,-9999,-9999,-9999,-9999,-9999,-9999
-9999,-9999,-9999,-9999,-9999,-9999,-9999,-9999,-9999,-9999,30.9680099487305,32.694938659668,34.4130897521973,31.9724674224854,31.7061653137207,29.5884342193604,31.6355590820313,36.0572395324707,35.4462966918945,32.9648170471191,35.7382659912109,38.7239685058594,38.2760429382324,37.6998748779297,37.193904876709,37.744686126709,40.3907089233398,41.7441291809082,41.9522018432617,41.9956283569336,42.9145851135254,43.1351928710938,43.1679000854492,43.0279159545898,42.8856468200684,42.56884765625,42.589900970459,42.4800910949707,42.2106437683105,41.7696800231934,41.665828704834,41.421745300293,41.3491554260254,41.44091796875,41.4773864746094,41.6590003967285,42.0772819519043,42.4155082702637,41.1918296813965,39.4247245788574,36.7452239990234,33.6487808227539,33.4780578613281,33.7308044433594,36.424690246582,37.9394569396973,37.537109375,37.6933059692383,38.2246398925781,39.8584289550781,41.8224105834961,42.593879699707,42.9106063842773,42.9544296264648,42.9350547790527,42.8465042114258,-9999,-9999,-9999,-9999,-9999,-9999,-9999,-9999,-9999,-9999,-9999,-9999,-9999,-9999,-9999,-9999,-9999,-9999,-9999,-9999,-9999,40.7096099853516,40.4596633911133,40.1205520629883,39.7199668884277,39.4731636047363,39.2818183898926,39.3498077392578,39.4580230712891,39.3084526062012,38.8897018432617,36.4079360961914,33.566577911377,31.9443016052246,29.3599433898926,24.9338397979736,22.1749076843262,20.9955425262451,23.3388252258301,27.4260196685791,30.3209114074707,33.1585083007813,36.9899864196777,40.2427978515625,38.1248207092285,36.3937911987305,38.1070404052734,35.5987129211426,33.6840476989746,-9999,-9999,-9999,-9999,-9999,-9999,-9999,-9999,-9999,-9999,-9999,-9999,-9999,-9999,-9999,-9999
-9999,-9999,-9999,-9999,-9999,-9999,-9999,-9999,27.7045364379883,28.9783935546875,29.1889228820801,28.9961166381836,30.1443004608154,32.1713829040527,31.4957370758057,29.6384124755859,31.7766647338867,36.402774810791,36.3164024353027,34.7503814697266,37.4396514892578,40.5467681884766,40.2982482910156,39.576358795166,39.4501686096191,39.0118293762207,39.4010925292969,39.4491271972656,39.1005592346191,40.3090667724609,43.1789779663086,44.2230758666992,44.1742286682129,44.1203193664551,44.0927848815918,43.8988304138184,43.6864967346191,43.3856925964355,43.261344909668,43.082820892334,42.8758316040039,42.6174583435059,42.5121574401855,42.4596786499023,42.3639106750488,42.3444519042969,42.4019546508789,42.4528198242188,42.521411895752,42.5398368835449,40.5083160400391,37.8945732116699,37.9274864196777,38.2912139892578,38.2467346191406,38.5506057739258,38.2632369995117,38.6623268127441,40.215461730957,41.3790092468262,41.9271850585938,42.1888198852539,-9999,-9999,-9999,-9999,-9999,-9999,-9999,-9999,-9999,-9999,-9999,-9999,-9999,-9999,-9999,-9999,-9999,-9999,-9999,-9999,-9999,-9999,-9999,-9999,-9999,-9999,40.1113243103027,39.7995796203613,39.4602851867676,39.2534370422363,39.0946083068848,39.0676231384277,39.0617561340332,39.2840881347656,39.3068428039551,37.8429183959961,35.8257064819336,32.5988349914551,30.1408023834229,29.1169738769531,25.8301773071289,19.9816856384277,20.0234317779541,22.5729122161865,28.6302814483643,33.6311874389648,35.3044738769531,36.5939025878906,35.1148719787598,34.2300415039063,36.6462020874023,34.4547653198242,33.2018737792969,-9999,-9999,-9999,-9999,-9999,-9999,-9999,-9999,-9999,-9999,-9999,-9999,-9999,-9999,-9999,-9999
-9999,-9999,-9999,-9999,-9999,-9999,-9999,-9999,26.3095092773438,27.7093086242676,28.6946487426758,28.2689533233643,28.5382499694824,28.9931755065918,29.6014823913574,30.5824871063232,33.6435012817383,37.4356536865234,38.0047302246094,36.626579284668,37.9308204650879,39.3590393066406,40.3770561218262,40.9722480773926,40.8419418334961,40.5186347961426,40.2079162597656,39.8395118713379,39.5750770568848,40.3148040771484,42.1228141784668,42.6641578674316,42.4983711242676,42.396240234375,42.18994140625,41.9919395446777,41.9001731872559,41.7017402648926,41.5070495605469,41.300464630127,41.1884574890137,41.0145835876465,41.2241325378418,41.9798126220703,42.2582168579102,42.2112274169922,42.1182975769043,41.9850616455078,42.0980606079102,42.2461776733398,41.190502166748,39.9942741394043,40.2487945556641,40.3798370361328,40.2643127441406,40.0610771179199,39.7590980529785,40.1030921936035,40.9798812866211,41.5324096679688,41.8385162353516,41.9586334228516,-9999,-9999,-9999,-9999,-9999,-9999,-9999,-9999,-9999,-9999,-9999,-9999,-9999,-9999,-9999,-9999,-9999,-9999,-9999,-9999,-9999,-9999,-9999,-9999,-9999,-9999,-9999,-9999,39.0666465759277,38.9009742736816,38.7782325744629,38.7258529663086,38.6817398071289,38.8965644836426,38.9720344543457,38.0309410095215,36.7889404296875,34.4543571472168,32.3716049194336,30.4957027435303,27.7986507415771,23.7388191223145,21.4267463684082,20.2602558135986,24.6575088500977,29.7551555633545,31.2968711853027,32.2036209106445,31.6029357910156,31.5034770965576,34.5414237976074,31.1334495544434,30.1323528289795,-9999,-9999,-9999,-9999,-9999,-9999,-9999,-9999,-9999,-9999,-9999,-9999,-9999,-9999,-9999,-9999
-9999,-9999,-9999,-9999,-9999,-9999,20.5392189025879,26.1801643371582,26.223201751709,26.1432685852051,27.6290645599365,28.4339771270752,27.9896583557129,25.9260139465332,27.4222888946533,32.1105499267578,36.1040306091309,39.1021919250488,39.314079284668,38.430477142334,37.8389320373535,37.2335472106934,39.9541473388672,41.9878120422363,42.0461654663086,41.9549140930176,41.6223602294922,41.2509613037109,40.8844985961914,40.6616668701172,40.3796920776367,40.0770416259766,39.7537727355957,39.4972610473633,39.3101577758789,39.1287956237793,38.9404983520508,38.9051322937012,38.8505516052246,38.7448654174805,38.6398124694824,38.5073127746582,39.2270393371582,41.1524810791016,41.9588813781738,41.8551712036133,41.5872268676758,41.241813659668,41.0138931274414,40.8121948242188,40.9260520935059,41.065788269043,41.2626609802246,41.4659805297852,41.4697647094727,41.3935775756836,41.1268882751465,40.9734764099121,40.9933242797852,41.2530975341797,41.700798034668,-9999,-9999,-9999,-9999,-9999,-9999,-9999,-9999,-9999,-9999,-9999,-9999,-9999,-9999,-9999,-9999,-9999,-9999,-9999,-9999,-9999,-9999,-9999,-9999,-9999,-9999,-9999,-9999,-9999,-9999,-9999,-9999,38.3623008728027,38.3015098571777,38.4112014770508,38.4446830749512,37.9318733215332,37.3729972839355,36.5617179870605,34.8149833679199,31.2646980285645,28.9239940643311,28.2300491333008,24.6237697601318,18.4770107269287,20.365119934082,24.5718574523926,25.7496109008789,26.9635581970215,27.2694435119629,28.2977409362793,32.226001739502,30.1230773925781,-9999,-9999,-9999,-9999,-9999,-9999,-9999,-9999,-9999,-9999,-9999,-9999,-9999,-9999,-9999,-9999,-9999
-9999,-9999,-9999,-9999,-9999,-9999,26.1525382995605,26.1029624938965,25.879301071167,25.9724559783936,26.1370944976807,28.9865112304688,31.2388229370117,31.7639293670654,33.2634239196777,34.8625144958496,37.2173385620117,40.0426292419434,40.1626205444336,39.334171295166,38.8473815917969,38.3127212524414,40.4030418395996,42.0904197692871,42.0717353820801,41.9212799072266,41.7089462280273,41.5266914367676,41.165397644043,40.7943229675293,40.3657608032227,40.1026229858398,39.8405151367188,39.5504837036133,39.2644538879395,39.4519309997559,39.7051620483398,39.6460723876953,39.5848350524902,39.4280815124512,39.2896156311035,39.2178573608398,39.5998153686523,40.6654434204102,41.1247711181641,41.0694007873535,40.8592185974121,40.543571472168,40.4325180053711,40.3749008178711,40.4988670349121,40.6445121765137,40.7389831542969,40.8223991394043,40.8717193603516,40.8530120849609,40.6724510192871,40.5510711669922,40.5099868774414,-9999,-9999,-9999,-9999,-9999,-9999,-9999,-9999,-9999,-9999,-9999,-9999,-9999,-9999,-9999,-9999,-9999,-9999,-9999,-9999,-9999,-9999,-9999,-9999,-9999,-9999,-9999,-9999,-9999,-9999,-9999,-9999,-9999,-9999,-9999,37.8965492248535,37.9567184448242,37.9865417480469,37.8084144592285,37.5335845947266,36.9765701293945,35.9401626586914,34.0942115783691,31.8133201599121,29.1710510253906,26.2749309539795,22.8443622589111,21.556282043457,21.2978191375732,24.3243713378906,27.3738689422607,28.64772605896,29.8547630310059,31.5400161743164,29.3659934997559,29.8481941223145,27.8734722137451,-9999,-9999,-9999,-9999,-9999,-9999,-9999,-9999,-9999,-9999,-9999,-9999,-9999,-9999,-9999
-9999,-9999,-9999,-9999,25.1760578155518,26.6623954772949,26.2725162506104,25.9460544586182,25.8691806793213,25.7947425842285,26.7853660583496,31.0283088684082,34.745189666748,37.43994140625,38.3250541687012,37.3308334350586,38.3099250793457,40.500732421875,40.7094230651855,40.187858581543,39.7063140869141,39.2145957946777,40.3442306518555,41.3407211303711,41.4283332824707,41.4699897766113,41.3534049987793,41.2157897949219,41.0283737182617,40.7785110473633,40.4987030029297,40.2111358642578,39.9213371276855,39.6067543029785,39.3027725219727,39.8957061767578,40.5800590515137,40.4944229125977,40.3959350585938,40.1889762878418,40.0221710205078,39.9929580688477,40.0047492980957,40.091121673584,40.1313400268555,40.1334991455078,40.0057029724121,39.8042526245117,39.8669624328613,40.0022659301758,40.0456771850586,40.0756225585938,40.0547714233398,40.0551071166992,-9999,-9999,-9999,-9999,-9999,-9999,-9999,-9999,-9999,-9999,-9999,-9999,-9999,-9999,-9999,-9999,-9999,-9999,-9999,-9999,-9999,-9999,-9999,-9999,-9999,-9999,-9999,-9999,-9999,-9999,-9999,-9999,-9999,-9999,-9999,-9999,-9999,-9999,-9999,-9999,-9999,37.4975242614746,37.5284004211426,37.6678009033203,37.6500930786133,37.1624221801758,36.8171577453613,36.6100578308105,34.3864936828613,30.0263767242432,27.8261566162109,26.6433162689209,22.9149761199951,17.7103538513184,23.0767478942871,28.2427139282227,29.9871864318848,31.2109527587891,30.9935836791992,22.3293628692627,22.9988403320313,28.1099643707275,28.5861892700195,-9999,-9999,-9999,-9999,-9999,-9999,-9999,-9999,-9999,-9999,-9999,-9999,-9999,-9999
-9999,-9999,-9999,-9999,30.6146430969238,28.3575668334961,27.3396682739258,25.8115482330322,26.2409706115723,28.3300228118896,30.3324909210205,33.5483932495117,36.1431198120117,38.1316261291504,39.1513175964355,39.2173500061035,39.6730804443359,40.3569679260254,40.1914901733398,39.6926307678223,39.9597396850586,40.347785949707,40.7449684143066,41.0950546264648,41.1089134216309,41.1092376708984,41.0663261413574,40.9869842529297,40.8453178405762,40.6697807312012,40.4579391479492,40.2638320922852,40.0844459533691,39.9297676086426,39.7784271240234,39.9832344055176,40.2312927246094,40.0299377441406,39.8178672790527,39.5298919677734,39.2846298217773,39.172981262207,39.1082649230957,39.1152381896973,39.1151237487793,39.1091575622559,39.0298614501953,-9999,-9999,-9999,-9999,-9999,-9999,-9999,-9999,-9999,-9999,-9999,-9999,-9999,-9999,-9999,-9999,-9999,-9999,-9999,-9999,-9999,-9999,-9999,-9999,-9999,-9999,-9999,-9999,-9999,-9999,-9999,-9999,-9999,-9999,-9999,-9999,-9999,-9999,-9999,-9999,-9999,-9999,-9999,-9999,-9999,-9999,-9999,-9999,-9999,37.1333389282227,37.2482528686523,37.2901153564453,37.1212921142578,36.6623764038086,35.6671371459961,33.4046630859375,29.7973480224609,27.8504180908203,26.7952690124512,22.3891677856445,16.2356834411621,19.3892631530762,23.4100875854492,25.1655120849609,26.4900341033936,27.2345275878906,28.1018199920654,21.7168197631836,26.4385871887207,24.86181640625,-9999,-9999,-9999,-9999,-9999,-9999,-9999,-9999,-9999,-9999,-9999,-9999,-9999,-9999
-9999,-9999,-9999,-9999,-9999,30.6956958770752,28.662899017334,28.7058200836182,27.7751502990723,31.0541362762451,34.0845260620117,35.9428367614746,37.5307350158691,38.7548370361328,39.6873817443848,40.395580291748,40.3704032897949,39.8321952819824,39.5073051452637,39.2518463134766,-9999,-9999,-9999,-9999,-9999,-9999,-9999,-9999,-9999,-9999,-9999,-9999,-9999,40.007942199707,39.9629096984863,39.8521385192871,39.7316513061523,39.4374771118164,-9999,-9999,-9999,-9999,-9999,-9999,-9999,-9999,-9999,-9999,-9999,-9999,-9999,-9999,-9999,-9999,-9999,-9999,-9999,-9999,-9999,-9999,-9999,-9999,-9999,-9999,-9999,-9999,-9999,-9999,-9999,-9999,-9999,-9999,-9999,-9999,-9999,-9999,-9999,-9999,-9999,-9999,-9999,-9999,-9999,-9999,-9999,-9999,-9999,-9999,-9999,-9999,-9999,-9999,-9999,-9999,-9999,-9999,36.7454032897949,36.8567199707031,36.9616203308105,37.0590629577637,36.5807723999023,35.0913734436035,33.0317764282227,30.3077564239502,28.357629776001,26.8420486450195,22.1089267730713,15.7653741836548,17.0675811767578,18.7232036590576,20.5938835144043,21.9893913269043,23.5301723480225,24.7144012451172,24.9245872497559,22.3059005737305,-9999,-9999,-9999,-9999,-9999,-9999,-9999,-9999,-9999,-9999,-9999,-9999,-9999,-9999,-9999
-9999,-9999,-9999,-9999,-9999,30.311336517334,30.3203811645508,30.9531955718994,32.5532569885254,36.2365303039551,38.9908142089844,39.4241142272949,39.8155288696289,40.413688659668,40.6757774353027,40.5667762756348,40.1860427856445,39.607666015625,-9999,-9999,-9999,-9999,-9999,-9999,-9999,-9999,-9999,-9999,-9999,-9999,-9999,-9999,-9999,-9999,-9999,-9999,-9999,-9999,-9999,-9999,-9999,-9999,-9999,-9999,-9999,-9999,-9999,-9999,-9999,-9999,-9999,-9999,-9999,-9999,-9999,-9999,-9999,-9999,-9999,-9999,-9999,-9999,-9999,-9999,-9999,-9999,-9999,-9999,-9999,-9999,-9999,-9999,-9999,-9999,-9999,-9999,-9999,-9999,-9999,-9999,-9999,-9999,-9999,-9999,-9999,-9999,-9999,-9999,-9999,-9999,-9999,-9999,-9999,-9999,-9999,-9999,-9999,36.6162452697754,36.7890396118164,36.8936996459961,36.7989883422852,36.3636093139648,35.4358749389648,33.9416313171387,31.2435874938965,27.6390132904053,24.483304977417,21.3733978271484,18.7534523010254,16.0797653198242,19.5645561218262,22.0269393920898,20.5420837402344,20.4293212890625,21.5690002441406,18.9954700469971,-9999,-9999,-9999,-9999,-9999,-9999,-9999,-9999,-9999,-9999,-9999,-9999,-9999,-9999,-9999
-9999,-9999,30.6903610229492,30.4363079071045,30.6217746734619,30.1040649414063,30.5242080688477,33.6245765686035,36.3581466674805,39.4555816650391,41.6256790161133,41.2734565734863,41.0550308227539,41.2879028320313,41.1013031005859,40.4033508300781,39.7620162963867,-9999,-9999,-9999,-9999,-9999,-9999,-9999,-9999,-9999,-9999,-9999,-9999,-9999,-9999,-9999,-9999,-9999,-9999,-9999,-9999,-9999,-9999,-9999,-9999,-9999,-9999,-9999,-9999,-9999,-9999,-9999,-9999,-9999,-9999,-9999,-9999,-9999,-9999,-9999,-9999,-9999,-9999,-9999,-9999,-9999,-9999,-9999,-9999,-9999,-9999,-9999,-9999,-9999,-9999,-9999,-9999,-9999,-9999,-9999,-9999,-9999,-9999,-9999,-9999,-9999,-9999,-9999,-9999,-9999,-9999,-9999,-9999,-9999,-9999,-9999,-9999,-9999,-9999,-9999,-9999,36.3550453186035,36.5749435424805,36.6755638122559,36.8393783569336,37.097526550293,36.9705200195313,36.3929557800293,33.8421325683594,29.7637977600098,27.111909866333,24.9770698547363,20.652624130249,15.6756038665771,19.1497859954834,21.2341728210449,17.8335418701172,16.9585933685303,21.1275024414063,17.6893825531006,-9999,-9999,-9999,-9999,-9999,-9999,-9999,-9999,-9999,-9999,-9999,-9999,-9999,-9999,-9999
-9999,-9999,-9999,-9999,30.6803073883057,30.2501678466797,30.8020820617676,35.151554107666,39.0699081420898,40.1572875976563,40.7985877990723,40.648681640625,40.5379486083984,40.6418037414551,40.3194122314453,39.4846496582031,-9999,-9999,-9999,-9999,-9999,-9999,-9999,-9999,-9999,-9999,-9999,-9999,-9999,-9999,-9999,-9999,-9999,-9999,-9999,-9999,-9999,-9999,-9999,-9999,-9999,-9999,-9999,-9999,-9999,-9999,-9999,-9999,-9999,-9999,-9999,-9999,-9999,-9999,-9999,-9999,-9999,-9999,-9999,-9999,-9999,-9999,-9999,-9999,-9999,-9999,-9999,-9999,-9999,-9999,-9999,-9999,-9999,-9999,-9999,-9999,-9999,-9999,-9999,-9999,-9999,-9999,-9999,-9999,-9999,-9999,-9999,-9999,-9999,-9999,-9999,-9999,-9999,-9999,-9999,-9999,-9999,36.0518074035645,36.2715110778809,36.3401794433594,36.4921264648438,36.772331237793,36.9469871520996,36.9744567871094,36.0231475830078,34.3635673522949,30.4540100097656,25.5260009765625,22.9447402954102,20.720251083374,18.9455814361572,17.1919345855713,16.1867771148682,15.9820547103882,17.5025825500488,18.9091091156006,-9999,-9999,-9999,-9999,-9999,-9999,-9999,-9999,-9999,-9999,-9999,-9999,-9999,-9999,-9999
-9999,-9999,-9999,-9999,30.7880554199219,30.8579921722412,31.4129047393799,36.184009552002,40.4484252929688,40.4826316833496,40.2753143310547,40.3650360107422,40.348705291748,40.1486968994141,39.6132278442383,-9999,-9999,-9999,-9999,-9999,-9999,-9999,-9999,-9999,-9999,-9999,-9999,-9999,-9999,-9999,-9999,-9999,-9999,-9999,-9999,-9999,-9999,-9999,-9999,-9999,-9999,-9999,-9999,-9999,-9999,-9999,-9999,-9999,-9999,-9999,-9999,-9999,-9999,-9999,-9999,-9999,-9999,-9999,-9999,-9999,-9999,-9999,-9999,-9999,-9999,-9999,-9999,-9999,-9999,-9999,-9999,-9999,-9999,-9999,-9999,-9999,-9999,-9999,-9999,-9999,-9999,-9999,-9999,-9999,-9999,-9999,-9999,-9999,-9999,-9999,-9999,-9999,-9999,-9999,-9999,-9999,-9999,35.7069702148438,35.9351348876953,35.9779014587402,36.0890884399414,36.300666809082,36.5542526245117,36.8420600891113,36.7475051879883,36.3738975524902,32.1131286621094,25.9674873352051,24.2317867279053,23.1124744415283,18.5037670135498,14.3456878662109,15.3988475799561,15.683611869812,15.9479999542236,16.6022758483887,13.6521778106689,-9999,-9999,-9999,-9999,-9999,-9999,-9999,-9999,-9999,-9999,-9999,-9999,-9999,-9999
-9999,-9999,-9999,-9999,31.1793346405029,31.1589317321777,32.0617713928223,36.7237663269043,40.4024658203125,40.4226722717285,40.2307891845703,40.5660552978516,40.5683059692383,39.8657722473145,39.020149230957,-9999,-9999,-9999,-9999,-9999,-9999,-9999,-9999,-9999,-9999,-9999,-9999,-9999,-9999,-9999,-9999,-9999,-9999,-9999,-9999,-9999,-9999,-9999,-9999,-9999,-9999,-9999,-9999,-9999,-9999,-9999,-9999,-9999,-9999,-9999,-9999,-9999,-9999,-9999,-9999,-9999,-9999,-9999,-9999,-9999,-9999,-9999,-9999,-9999,-9999,-9999,-9999,-9999,-9999,-9999,-9999,-9999,-9999,-9999,-9999,-9999,-9999,-9999,-9999,-9999,-9999,-9999,-9999,-9999,-9999,-9999,-9999,-9999,-9999,-9999,-9999,-9999,-9999,-9999,-9999,-9999,-9999,35.3090171813965,35.557243347168,35.5835037231445,35.6109237670898,35.6303901672363,35.6747436523438,35.7391967773438,35.7047882080078,35.5775146484375,31.7160530090332,26.1567039489746,24.3531341552734,22.8213443756104,17.3501167297363,12.7318286895752,15.1101760864258,16.8379173278809,17.2397556304932,17.8362560272217,18.6590538024902,13.8850183486938,-9999,-9999,-9999,-9999,-9999,-9999,-9999,-9999,-9999,-9999,-9999,-9999,-9999
-9999,-9999,-9999,-9999,26.65456199646,31.2545433044434,32.4352073669434,35.9259872436523,38.9144821166992,39.1236228942871,39.1954917907715,40.0742683410645,40.3752212524414,39.5405693054199,-9999,-9999,-9999,-9999,-9999,-9999,-9999,-9999,-9999,-9999,-9999,-9999,-9999,-9999,-9999,-9999,-9999,-9999,-9999,-9999,-9999,-9999,-9999,-9999,-9999,-9999,-9999,-9999,-9999,-9999,-9999,-9999,-9999,-9999,-9999,-9999,-9999,-9999,-9999,-9999,-9999,-9999,-9999,-9999,-9999,-9999,-9999,-9999,-9999,-9999,-9999,-9999,-9999,-9999,-9999,-9999,-9999,-9999,-9999,-9999,-9999,-9999,-9999,-9999,-9999,-9999,-9999,-9999,-9999,-9999,-9999,-9999,-9999,-9999,-9999,-9999,-9999,-9999,-9999,-9999,-9999,-9999,-9999,34.8745193481445,35.1409492492676,35.1819953918457,35.1791915893555,35.0945434570313,35.0905303955078,35.1645622253418,34.9928970336914,34.6676788330078,32.4652061462402,29.5044689178467,26.3638191223145,22.877758026123,18.5498275756836,14.6388521194458,15.3532190322876,16.1420650482178,16.5321559906006,17.3362197875977,18.4169940948486,18.9666137695313,17.1859149932861,16.5961208343506,-9999,-9999,-9999,-9999,-9999,-9999,-9999,-9999,-9999,-9999,-9999
-9999,-9999,-9999,-9999,29.2388229370117,31.3968048095703,32.4529266357422,34.4608192443848,36.1225242614746,36.6488876342773,37.3182258605957,39.0274085998535,39.8641777038574,39.183837890625,-9999,-9999,-9999,-9999,-9999,-9999,-9999,-9999,-9999,-9999,-9999,-9999,-9999,-9999,-9999,-9999,-9999,-9999,-9999,-9999,-9999,-9999,-9999,-9999,-9999,-9999,-9999,-9999,-9999,-9999,-9999,-9999,-9999,-9999,-9999,-9999,-9999,-9999,-9999,-9999,-9999,-9999,-9999,-9999,-9999,-9999,-9999,-9999,-9999,-9999,-9999,-9999,-9999,-9999,-9999,-9999,-9999,-9999,-9999,-9999,-9999,-9999,-9999,-9999,-9999,-9999,-9999,-9999,-9999,-9999,-9999,-9999,-9999,-9999,-9999,-9999,-9999,-9999,-9999,-9999,-9999,-9999,-9999,-9999,34.6928405761719,34.7734718322754,34.7817916870117,34.6651649475098,34.7428436279297,35.0096626281738,34.5557098388672,33.6369781494141,33.9435539245605,34.5348358154297,29.6042575836182,23.1437358856201,21.1768379211426,19.0556945800781,15.7374401092529,13.4955701828003,14.2239093780518,15.5611934661865,17.770902633667,18.7635440826416,18.6832084655762,-9999,-9999,-9999,-9999,-9999,-9999,-9999,-9999,-9999,-9999,-9999,-9999
-9999,-9999,-9999,-9999,28.641429901123,30.650354385376,30.5359954833984,31.1053733825684,32.478702545166,34.7348251342773,36.8904876708984,38.26904296875,38.9618377685547,38.7344970703125,-9999,-9999,-9999,-9999,-9999,-9999,-9999,-9999,-9999,-9999,-9999,-9999,-9999,-9999,-9999,-9999,-9999,-9999,-9999,-9999,-9999,-9999,-9999,-9999,-9999,-9999,-9999,-9999,-9999,-9999,-9999,-9999,-9999,-9999,-9999,-9999,-9999,-9999,-9999,-9999,-9999,-9999,-9999,-9999,-9999,-9999,-9999,-9999,-9999,-9999,-9999,-9999,-9999,-9999,-9999,-9999,-9999,-9999,-9999,-9999,-9999,-9999,-9999,-9999,-9999,-9999,-9999,-9999,-9999,-9999,-9999,-9999,-9999,-9999,-9999,-9999,-9999,-9999,-9999,-9999,-9999,-9999,-9999,-9999,34.2845458984375,34.3806800842285,34.4022750854492,34.2962226867676,34.4239273071289,34.7728729248047,34.5317497253418,33.9217643737793,34.7854766845703,35.9639129638672,30.6241512298584,23.3915863037109,21.9492664337158,20.0251502990723,15.4029550552368,12.1859302520752,12.3469676971436,13.8461179733276,17.0189056396484,23.5684261322021,32.0977973937988,29.6672515869141,34.1730651855469,-9999,-9999,-9999,-9999,-9999,-9999,-9999,-9999,-9999,-9999
-9999,-9999,-9999,-9999,-9999,22.0849342346191,28.1233501434326,29.0790157318115,28.7861270904541,33.2096328735352,36.8192939758301,37.4869079589844,37.8524322509766,38.2370491027832,-9999,-9999,-9999,-9999,-9999,-9999,-9999,-9999,-9999,-9999,-9999,-9999,-9999,-9999,-9999,-9999,-9999,-9999,-9999,-9999,-9999,-9999,-9999,-9999,-9999,-9999,-9999,-9999,-9999,-9999,-9999,-9999,-9999,-9999,-9999,-9999,-9999,-9999,-9999,-9999,-9999,-9999,-9999,-9999,-9999,-9999,-9999,-9999,-9999,-9999,-9999,-9999,-9999,-9999,-9999,-9999,-9999,-9999,-9999,-9999,-9999,-9999,-9999,-9999,-9999,-9999,-9999,-9999,-9999,-9999,-9999,-9999,-9999,-9999,-9999,-9999,-9999,-9999,-9999,-9999,-9999,-9999,-9999,-9999,33.8902053833008,33.99169921875,34.0278358459473,33.9552268981934,34.1174011230469,34.4978904724121,34.6911811828613,34.7630424499512,35.4280967712402,36.1118659973145,30.7796020507813,23.7568283081055,22.0569000244141,19.8652858734131,14.9248790740967,11.069447517395,10.816385269165,12.1475200653076,16.135425567627,23.1045398712158,31.4393291473389,34.0089416503906,34.9122581481934,31.769947052002,-9999,-9999,-9999,-9999,-9999,-9999,-9999,-9999,-9999
-9999,-9999,-9999,-9999,-9999,25.1483459472656,26.4532051086426,26.224536895752,27.7036018371582,32.923526763916,36.7984161376953,37.1640510559082,37.5523376464844,38.0386848449707,-9999,-9999,-9999,-9999,-9999,-9999,-9999,-9999,-9999,-9999,-9999,-9999,-9999,-9999,-9999,-9999,-9999,-9999,-9999,-9999,-9999,-9999,-9999,-9999,-9999,-9999,-9999,-9999,-9999,-9999,-9999,-9999,-9999,-9999,-9999,-9999,-9999,-9999,-9999,-9999,-9999,-9999,-9999,-9999,-9999,-9999,-9999,-9999,-9999,-9999,-9999,-9999,-9999,-9999,-9999,-9999,-9999,-9999,-9999,-9999,-9999,-9999,-9999,-9999,-9999,-9999,-9999,-9999,-9999,-9999,-9999,-9999,-9999,-9999,-9999,-9999,-9999,-9999,-9999,-9999,-9999,-9999,-9999,-9999,33.5026779174805,33.6118965148926,33.6666526794434,33.6382904052734,33.78076171875,34.0771369934082,34.2812767028809,34.4140014648438,35.119010925293,35.836124420166,30.781587600708,24.0364360809326,22.3235549926758,20.0155487060547,14.7919254302979,10.8909130096436,11.7519636154175,13.548511505127,17.0845928192139,22.5107612609863,28.8729705810547,33.1129341125488,37.3384208679199,37.7050666809082,-9999,-9999,-9999,-9999,-9999,-9999,-9999,-9999,-9999
-9999,-9999,-9999,-9999,-9999,25.1052379608154,25.1838722229004,26.0219841003418,27.443826675415,33.0938949584961,36.8480606079102,37.1119346618652,37.4229469299316,37.9045753479004,-9999,-9999,-9999,-9999,-9999,-9999,-9999,-9999,-9999,-9999,-9999,-9999,-9999,-9999,-9999,-9999,-9999,-9999,-9999,-9999,-9999,-9999,-9999,-9999,-9999,-9999,-9999,-9999,-9999,-9999,-9999,-9999,-9999,-9999,-9999,-9999,-9999,-9999,-9999,-9999,-9999,-9999,-9999,-9999,-9999,-9999,-9999,-9999,-9999,-9999,-9999,-9999,-9999,-9999,-9999,-9999,-9999,-9999,-9999,-9999,-9999,-9999,-9999,-9999,-9999,-9999,-9999,-9999,-9999,-9999,-9999,-9999,-9999,-9999,-9999,-9999,-9999,-9999,-9999,-9999,-9999,-9999,-9999,-9999,-9999,33.229621887207,33.304817199707,33.3247528076172,33.4359283447266,33.62451171875,33.7463912963867,33.8045539855957,34.6414413452148,35.5195999145508,30.7184143066406,24.3000545501709,22.6359443664551,20.3032398223877,14.7012557983398,11.0415000915527,13.0977725982666,15.2770080566406,18.352855682373,22.0107002258301,25.8697986602783,31.3687534332275,36.6927299499512,38.4026679992676,-9999,-9999,-9999,-9999,-9999,-9999,-9999,-9999,-9999
-9999,-9999,-9999,-9999,-9999,-9999,24.3158073425293,24.7444038391113,26.0462779998779,32.1781578063965,36.3803558349609,36.8387680053711,37.171947479248,-9999,-9999,-9999,-9999,-9999,-9999,-9999,-9999,-9999,-9999,-9999,-9999,-9999,-9999,-9999,-9999,-9999,-9999,-9999,-9999,-9999,-9999,-9999,-9999,-9999,-9999,-9999,-9999,-9999,-9999,-9999,-9999,-9999,-9999,-9999,-9999,-9999,-9999,-9999,-9999,-9999,-9999,-9999,-9999,-9999,-9999,-9999,-9999,-9999,-9999,-9999,-9999,-9999,-9999,-9999,-9999,-9999,-9999,-9999,-9999,-9999,-9999,-9999,-9999,-9999,-9999,-9999,-9999,-9999,-9999,-9999,-9999,-9999,-9999,-9999,-9999,-9999,-9999,-9999,-9999,-9999,-9999,-9999,-9999,-9999,-9999,32.959789276123,33.0601921081543,33.1205673217773,33.2200469970703,33.3477439880371,33.6690216064453,34.0822601318359,34.6037406921387,35.0034255981445,30.469066619873,24.5796813964844,22.9749031066895,21.0797710418701,17.7466220855713,14.9834136962891,13.5587882995605,13.3948812484741,14.7942180633545,19.2107200622559,25.5533351898193,29.8164291381836,32.4573287963867,33.8164367675781,-9999,-9999,-9999,-9999,-9999,-9999,-9999,-9999,-9999
-9999,-9999,-9999,-9999,-9999,-9999,22.8661041259766,22.3708419799805,24.3117179870605,31.2448692321777,36.0407791137695,36.5520553588867,36.9050559997559,-9999,-9999,-9999,-9999,-9999,-9999,-9999,-9999,-9999,-9999,-9999,-9999,-9999,-9999,-9999,-9999,-9999,-9999,-9999,-9999,-9999,-9999,-9999,-9999,-9999,-9999,-9999,-9999,-9999,-9999,-9999,-9999,-9999,-9999,-9999,-9999,-9999,-9999,-9999,-9999,-9999,-9999,-9999,-9999,-9999,-9999,-9999,-9999,-9999,-9999,-9999,-9999,-9999,-9999,-9999,-9999,-9999,-9999,-9999,-9999,-9999,-9999,-9999,-9999,-9999,-9999,-9999,-9999,-9999,-9999,-9999,-9999,-9999,-9999,-9999,-9999,-9999,-9999,-9999,-9999,-9999,-9999,-9999,-9999,-9999,-9999,32.7035140991211,32.826530456543,32.9178237915039,33.0055809020996,33.0825996398926,33.5912857055664,34.3327598571777,34.5528602600098,34.5076599121094,30.2494983673096,24.8333282470703,23.3539905548096,21.8441677093506,20.6928062438965,18.6492614746094,14.1419649124146,11.4994125366211,11.3039531707764,16.5120792388916,25.1757621765137,27.5701370239258,28.0777816772461,23.9507541656494,17.7290534973145,16.0027809143066,-9999,-9999,-9999,-9999,-9999,-9999,-9999
-9999,-9999,-9999,-9999,-9999,-9999,21.5150566101074,21.9225292205811,23.0967407226563,30.2362079620361,35.2841110229492,36.0098037719727,36.6266822814941,-9999,-9999,-9999,-9999,-9999,-9999,-9999,-9999,-9999,-9999,-9999,-9999,-9999,-9999,-9999,-9999,-9999,-9999,-9999,-9999,-9999,-9999,-9999,-9999,-9999,-9999,-9999,-9999,-9999,-9999,-9999,-9999,-9999,-9999,-9999,-9999,-9999,-9999,-9999,-9999,-9999,-9999,-9999,-9999,-9999,-9999,-9999,-9999,-9999,-9999,-9999,-9999,-9999,-9999,-9999,-9999,-9999,-9999,-9999,-9999,-9999,-9999,-9999,-9999,-9999,-9999,-9999,-9999,-9999,-9999,-9999,-9999,-9999,-9999,-9999,-9999,-9999,-9999,-9999,-9999,-9999,-9999,-9999,-9999,-9999,-9999,32.5696563720703,32.663215637207,32.6880187988281,32.7485771179199,32.8322296142578,33.321403503418,34.0313186645508,34.259593963623,34.268871307373,30.1617069244385,24.9740371704102,23.6087207794189,22.2244110107422,20.9545707702637,18.7643375396729,13.9717044830322,11.5737686157227,12.8369264602661,15.9195156097412,20.709888458252,21.7071132659912,21.5031337738037,19.6914710998535,17.238338470459,13.5752391815186,8.01859664916992,-9999,-9999,-9999,-9999,-9999,-9999
-9999,-9999,-9999,-9999,-9999,-9999,-9999,-9999,-9999,-9999,-9999,-9999,-9999,-9999,-9999,-9999,-9999,-9999,-9999,-9999,-9999,-9999,-9999,-9999,-9999,-9999,-9999,-9999,-9999,-9999,-9999,-9999,-9999,-9999,-9999,-9999,-9999,-9999,-9999,-9999,-9999,-9999,-9999,-9999,-9999,-9999,-9999,-9999,-9999,-9999,-9999,-9999,-9999,-9999,-9999,-9999,-9999,-9999,-9999,-9999,-9999,-9999,-9999,-9999,-9999,-9999,-9999,-9999,-9999,-9999,-9999,-9999,-9999,-9999,-9999,-9999,-9999,-9999,-9999,-9999,-9999,-9999,-9999,-9999,-9999,-9999,-9999,-9999,-9999,-9999,-9999,-9999,-9999,-9999,-9999,-9999,-9999,-9999,-9999,-9999,32.4882049560547,32.4584808349609,32.5018920898438,32.6043739318848,33.0871200561523,33.7777900695801,33.9937057495117,33.9829406738281,30.5936031341553,26.3979911804199,24.4798526763916,22.5597667694092,21.249719619751,18.90500831604,13.772590637207,11.6199884414673,13.7487773895264,15.2940893173218,16.3574447631836,16.0372562408447,14.687047958374,15.1391620635986,15.9196100234985,10.0134620666504,7.46453666687012,2.9645299911499,-9999,-9999,-9999,-9999,-9999
-9999,-9999,-9999,-9999,-9999,-9999,-9999,-9999,-9999,-9999,-9999,-9999,-9999,-9999,-9999,-9999,-9999,-9999,-9999,-9999,-9999,-9999,-9999,-9999,-9999,-9999,-9999,-9999,-9999,-9999,-9999,-9999,-9999,-9999,-9999,-9999,-9999,-9999,-9999,-9999,-9999,-9999,-9999,-9999,-9999,-9999,-9999,-9999,-9999,-9999,-9999,-9999,-9999,-9999,-9999,-9999,-9999,-9999,-9999,-9999,-9999,-9999,-9999,-9999,-9999,-9999,-9999,-9999,-9999,-9999,-9999,-9999,-9999,-9999,-9999,-9999,-9999,-9999,-9999,-9999,-9999,-9999,-9999,-9999,-9999,-9999,-9999,-9999,-9999,-9999,-9999,-9999,-9999,-9999,-9999,-9999,-9999,-9999,-9999,-9999,32.2769546508789,32.2356719970703,32.3043670654297,32.4702377319336,32.9929885864258,33.7073669433594,33.8784713745117,33.8127632141113,33.0309295654297,32.0392532348633,27.4305801391602,22.8293762207031,21.4815063476563,19.1954555511475,13.9724769592285,11.3783702850342,13.1756229400635,13.6828517913818,13.4371433258057,12.1183786392212,10.1994409561157,9.77263259887695,9.60912990570068,6.77606439590454,3.25447916984558,3.24597215652466,2.76387929916382,-9999,-9999,-9999,-9999
-9999,-9999,-9999,-9999,-9999,-9999,-9999,-9999,-9999,-9999,-9999,-9999,-9999,-9999,-9999,-9999,-9999,-9999,-9999,-9999,-9999,-9999,-9999,-9999,-9999,-9999,-9999,-9999,-9999,-9999,-9999,-9999,-9999,-9999,-9999,-9999,-9999,-9999,-9999,-9999,-9999,-9999,-9999,-9999,-9999,-9999,-9999,-9999,-9999,-9999,-9999,-9999,-9999,-9999,-9999,-9999,-9999,-9999,-9999,-9999,-9999,-9999,-9999,-9999,-9999,-9999,-9999,-9999,-9999,-9999,-9999,-9999,-9999,-9999,-9999,-9999,-9999,-9999,-9999,-9999,-9999,-9999,-9999,-9999,-9999,-9999,-9999,-9999,-9999,-9999,-9999,-9999,-9999,-9999,-9999,-9999,-9999,-9999,-9999,-9999,32.0839042663574,32.0550842285156,32.145809173584,32.3585548400879,32.7991371154785,33.3612442016602,33.6157646179199,33.7025451660156,34.5349540710449,35.2488250732422,29.2781677246094,23.0614585876465,21.8475551605225,19.5112152099609,14.1737098693848,11.3901414871216,12.4252834320068,12.2836303710938,10.9323873519897,9.23159313201904,7.34828233718872,6.16937971115112,5.3548641204834,4.31985139846802,3.44010853767395,2.74675369262695,2.50890421867371,-9999,-9999,-9999,-9999
-9999,-9999,-9999,-9999,-9999,-9999,-9999,-9999,-9999,-9999,-9999,-9999,-9999,-9999,-9999,-9999,-9999,-9999,-9999,-9999,-9999,-9999,-9999,-9999,-9999,-9999,-9999,-9999,-9999,-9999,-9999,-9999,-9999,-9999,-9999,-9999,-9999,-9999,-9999,-9999,-9999,-9999,-9999,-9999,-9999,-9999,-9999,-9999,-9999,-9999,-9999,-9999,-9999,-9999,-9999,-9999,-9999,-9999,-9999,-9999,-9999,-9999,-9999,-9999,-9999,-9999,-9999,-9999,-9999,-9999,-9999,-9999,-9999,-9999,-9999,-9999,-9999,-9999,-9999,-9999,-9999,-9999,-9999,-9999,-9999,-9999,-9999,-9999,-9999,-9999,-9999,-9999,-9999,-9999,-9999,-9999,-9999,-9999,-9999,-9999,-9999,31.952241897583,32.0715751647949,32.294376373291,32.4151306152344,32.4731330871582,33.0561599731445,33.6963348388672,34.5978584289551,35.317268371582,29.4076118469238,23.2810306549072,22.1686210632324,19.9368724822998,14.5749750137329,11.5986156463623,12.4507026672363,11.5899791717529,9.51547050476074,8.46931266784668,7.87671041488647,6.24230861663818,3.7663950920105,3.11753106117249,2.72920536994934,2.50621223449707,2.24477314949036,-9999,-9999,3.29445314407349,3.33854818344116
-9999,-9999,-9999,-9999,-9999,-9999,-9999,-9999,-9999,-9999,-9999,-9999,-9999,-9999,-9999,-9999,-9999,-9999,-9999,-9999,-9999,-9999,-9999,-9999,-9999,-9999,-9999,-9999,-9999,-9999,-9999,-9999,-9999,-9999,-9999,-9999,-9999,-9999,-9999,-9999,-9999,-9999,-9999,-9999,-9999,-9999,-9999,-9999,-9999,-9999,-9999,-9999,-9999,-9999,-9999,-9999,-9999,-9999,-9999,-9999,-9999,-9999,-9999,-9999,-9999,-9999,-9999,-9999,-9999,-9999,-9999,-9999,-9999,-9999,-9999,-9999,-9999,-9999,-9999,-9999,-9999,-9999,-9999,-9999,-9999,-9999,-9999,-9999,-9999,-9999,-9999,-9999,-9999,-9999,-9999,-9999,-9999,-9999,-9999,-9999,-9999,-9999,32.0154991149902,32.1915168762207,32.1470718383789,31.9605560302734,32.6809005737305,33.5650062561035,34.5618324279785,35.3618278503418,29.5864753723145,23.3264713287354,20.2111625671387,16.757926940918,12.5934009552002,10.3202886581421,10.8165102005005,10.0247869491577,7.4670033454895,6.91883230209351,6.97691631317139,5.67469882965088,3.07086706161499,2.65772080421448,2.60369491577148,2.63426351547241,2.59921956062317,3.05161094665527,3.25242280960083,3.30466604232788,3.38254451751709
-9999,-9999,-9999,-9999,-9999,-9999,-9999,-9999,-9999,-9999,-9999,-9999,-9999,-9999,-9999,-9999,-9999,-9999,-9999,-9999,-9999,-9999,-9999,-9999,-9999,-9999,-9999,-9999,-9999,-9999,-9999,-9999,-9999,-9999,-9999,-9999,-9999,-9999,-9999,-9999,-9999,-9999,-9999,-9999,-9999,-9999,-9999,-9999,-9999,-9999,-9999,-9999,-9999,-9999,-9999,-9999,-9999,-9999,-9999,-9999,-9999,-9999,-9999,-9999,-9999,-9999,-9999,-9999,-9999,-9999,-9999,-9999,-9999,-9999,-9999,-9999,-9999,-9999,-9999,-9999,-9999,-9999,-9999,-9999,-9999,-9999,-9999,-9999,-9999,-9999,-9999,-9999,-9999,-9999,-9999,-9999,-9999,-9999,-9999,-9999,-9999,-9999,-9999,32.0483741760254,32.0098114013672,31.8917140960693,32.5028076171875,33.2130470275879,34.429859161377,35.4375877380371,29.870491027832,23.2258796691895,15.4166669845581,8.97427463531494,7.85181713104248,7.28608465194702,7.54937362670898,6.85917091369629,4.68492078781128,4.0169849395752,4.30654430389404,3.98057460784912,3.12049674987793,3.07092809677124,3.26939964294434,3.32813692092896,3.21940016746521,3.17941641807556,3.18652534484863,3.02061057090759,2.85642552375793
-9999,-9999,-9999,-9999,-9999,-9999,-9999,-9999,-9999,-9999,-9999,-9999,-9999,-9999,-9999,-9999,-9999,-9999,-9999,-9999,-9999,-9999,-9999,-9999,-9999,-9999,-9999,-9999,-9999,-9999,-9999,-9999,-9999,-9999,-9999,-9999,-9999,-9999,-9999,-9999,-9999,-9999,-9999,-9999,-9999,-9999,-9999,-9999,-9999,-9999,-9999,-9999,-9999,-9999,-9999,-9999,-9999,-9999,-9999,-9999,-9999,-9999,-9999,-9999,-9999,-9999,-9999,-9999,-9999,-9999,-9999,-9999,-9999,-9999,-9999,-9999,-9999,-9999,-9999,-9999,-9999,-9999,-9999,-9999,-9999,-9999,-9999,-9999,-9999,-9999,-9999,-9999,-9999,-9999,-9999,-9999,-9999,-9999,-9999,-9999,-9999,-9999,-9999,31.9127941131592,31.9602851867676,32.033275604248,32.390453338623,32.746883392334,33.8794975280762,34.8970146179199,29.7524795532227,23.3243465423584,13.5530023574829,6.22287845611572,6.65344381332397,6.83465194702148,6.91587209701538,5.95617055892944,3.47893071174622,2.74624395370483,2.86915588378906,3.11002111434937,3.26905202865601,3.25145101547241,3.23480486869812,3.32438230514526,3.19251537322998,2.95839381217957,4.49972248077393,9.49590110778809,15.0173959732056
-9999,-9999,-9999,-9999,-9999,-9999,-9999,-9999,-9999,-9999,-9999,-9999,-9999,-9999,-9999,-9999,-9999,-9999,-9999,-9999,-9999,-9999,-9999,-9999,-9999,-9999,-9999,-9999,-9999,-9999,-9999,-9999,-9999,-9999,-9999,-9999,-9999,-9999,-9999,-9999,-9999,-9999,-9999,-9999,-9999,-9999,-9999,-9999,-9999,-9999,-9999,-9999,-9999,-9999,-9999,-9999,-9999,-9999,-9999,-9999,-9999,-9999,-9999,-9999,-9999,-9999,-9999,-9999,-9999,-9999,-9999,-9999,-9999,-9999,-9999,-9999,-9999,-9999,-9999,-9999,-9999,-9999,-9999,-9999,-9999,-9999,-9999,-9999,-9999,-9999,-9999,-9999,-9999,-9999,-9999,-9999,-9999,-9999,-9999,-9999,-9999,-9999,-9999,-9999,31.9823703765869,32.3133010864258,32.4625930786133,32.5004272460938,33.0574569702148,33.932243347168,29.3601398468018,22.8915977478027,13.3532485961914,6.53832244873047,7.28482437133789,7.68385553359985,7.7734169960022,6.51084327697754,3.71012473106384,2.50975322723389,2.58964323997498,2.71050786972046,2.6719024181366,2.517493724823,2.38327240943909,2.42345094680786,2.33612203598022,2.11332106590271,6.65423202514648,20.1774120330811,30.8268165588379
-9999,-9999,-9999,-9999,-9999,-9999,-9999,-9999,-9999,-9999,-9999,-9999,-9999,-9999,-9999,-9999,-9999,-9999,-9999,-9999,-9999,-9999,-9999,-9999,-9999,-9999,-9999,-9999,-9999,-9999,-9999,-9999,-9999,-9999,-9999,-9999,-9999,-9999,-9999,-9999,-9999,-9999,-9999,-9999,-9999,-9999,-9999,-9999,-9999,-9999,-9999,-9999,-9999,-9999,-9999,-9999,-9999,-9999,-9999,-9999,-9999,-9999,-9999,-9999,-9999,-9999,-9999,-9999,-9999,-9999,-9999,-9999,-9999,-9999,-9999,-9999,-9999,-9999,-9999,-9999,-9999,-9999,-9999,-9999,-9999,-9999,-9999,-9999,-9999,-9999,-9999,-9999,-9999,-9999,-9999,-9999,-9999,-9999,-9999,-9999,-9999,-9999,-9999,-9999,-9999,-9999,32.2203216552734,32.1242294311523,32.6808090209961,33.2404823303223,30.342945098877,25.9073104858398,18.7476425170898,13.3499736785889,11.4709730148315,10.4476318359375,10.8165721893311,9.86498165130615,8.02382946014404,8.80805683135986,10.8563785552979,11.0455484390259,10.5377359390259,12.2269601821899,14.2321681976318,15.6541080474854,16.6121273040771,16.0757217407227,18.3794708251953,26.1991329193115,32.6718559265137
-9999,-9999,-9999,-9999,-9999,-9999,-9999,-9999,-9999,-9999,-9999,-9999,-9999,-9999,-9999,-9999,-9999,-9999,-9999,-9999,-9999,-9999,-9999,-9999,-9999,-9999,-9999,-9999,-9999,-9999,-9999,-9999,-9999,-9999,-9999,-9999,-9999,-9999,-9999,-9999,-9999,-9999,-9999,-9999,-9999,-9999,-9999,-9999,-9999,-9999,-9999,-9999,-9999,-9999,-9999,-9999,-9999,-9999,-9999,-9999,-9999,-9999,-9999,-9999,-9999,-9999,-9999,-9999,-9999,-9999,-9999,-9999,-9999,-9999,-9999,-9999,-9999,-9999,-9999,-9999,-9999,-9999,-9999,-9999,-9999,-9999,-9999,-9999,-9999,-9999,-9999,-9999,-9999,-9999,-9999,-9999,-9999,-9999,-9999,-9999,-9999,-9999,-9999,-9999,-9999,-9999,-9999,-9999,31.9195327758789,32.176872253418,31.8870372772217,31.1826496124268,27.6117687225342,23.1734619140625,17.817066192627,14.6875629425049,15.4550018310547,15.4955768585205,14.4762630462646,17.6609134674072,22.5776748657227,22.8745956420898,22.0265426635742,24.814920425415,27.6559753417969,29.9294891357422,31.587926864624,31.0130615234375,30.6066036224365,30.5799522399902,-9999
-9999,-9999,-9999,-9999,-9999,-9999,-9999,-9999,-9999,-9999,-9999,-9999,-9999,-9999,-9999,-9999,-9999,-9999,-9999,-9999,-9999,-9999,-9999,-9999,-9999,-9999,-9999,-9999,-9999,-9999,-9999,-9999,-9999,-9999,-9999,-9999,-9999,-9999,-9999,-9999,-9999,-9999,-9999,-9999,-9999,-9999,-9999,-9999,-9999,-9999,-9999,-9999,-9999,-9999,-9999,-9999,-9999,-9999,-9999,-9999,-9999,-9999,-9999,-9999,-9999,-9999,-9999,-9999,-9999,-9999,-9999,-9999,-9999,-9999,-9999,-9999,-9999,-9999,-9999,-9999,-9999,-9999,-9999,-9999,-9999,-9999,-9999,-9999,-9999,-9999,-9999,-9999,-9999,-9999,-9999,-9999,-9999,-9999,-9999,-9999,-9999,-9999,-9999,-9999,-9999,-9999,-9999,-9999,-9999,-9999,31.6562652587891,31.4504203796387,29.6334800720215,27.4897174835205,24.5979862213135,22.8315887451172,22.9575805664063,22.780969619751,22.333065032959,23.9953994750977,26.5828590393066,26.7837371826172,26.3842582702637,27.8593826293945,29.4081649780273,30.6918525695801,31.6419467926025,31.254695892334,-9999,-9999,-9999
-9999,-9999,-9999,-9999,-9999,-9999,-9999,-9999,-9999,-9999,-9999,-9999,-9999,-9999,-9999,-9999,-9999,-9999,-9999,-9999,-9999,-9999,-9999,-9999,-9999,-9999,-9999,-9999,-9999,-9999,-9999,-9999,-9999,-9999,-9999,-9999,-9999,-9999,-9999,-9999,-9999,-9999,-9999,-9999,-9999,-9999,-9999,-9999,-9999,-9999,-9999,-9999,-9999,-9999,-9999,-9999,-9999,-9999,-9999,-9999,-9999,-9999,-9999,-9999,-9999,-9999,-9999,-9999,-9999,-9999,-9999,-9999,-9999,-9999,-9999,-9999,-9999,-9999,-9999,-9999,-9999,-9999,-9999,-9999,-9999,-9999,-9999,-9999,-9999,-9999,-9999,-9999,-9999,-9999,-9999,-9999,-9999,-9999,-9999,-9999,-9999,-9999,-9999,-9999,-9999,-9999,-9999,-9999,-9999,-9999,-9999,-9999,-9999,-9999,-9999,-9999,-9999,-9999,-9999,-9999,-9999,-9999,-9999,-9999,-9999,-9999,-9999,-9999,-9999,-9999,-9999
-9999,-9999,-9999,-9999,-9999,-9999,-9999,-9999,-9999,-9999,-9999,-9999,-9999,-9999,-9999,-9999,-9999,-9999,-9999,-9999,-9999,-9999,-9999,-9999,-9999,-9999,-9999,-9999,-9999,-9999,-9999,-9999,-9999,-9999,-9999,-9999,-9999,-9999,-9999,-9999,-9999,-9999,-9999,-9999,-9999,-9999,-9999,-9999,-9999,-9999,-9999,-9999,-9999,-9999,-9999,-9999,-9999,-9999,-9999,-9999,-9999,-9999,-9999,-9999,-9999,-9999,-9999,-9999,-9999,-9999,-9999,-9999,-9999,-9999,-9999,-9999,-9999,-9999,-9999,-9999,-9999,-9999,-9999,-9999,-9999,-9999,-9999,-9999,-9999,-9999,-9999,-9999,-9999,-9999,-9999,-9999,-9999,-9999,-9999,-9999,-9999,-9999,-9999,-9999,-9999,-9999,-9999,-9999,-9999,-9999,-9999,-9999,-9999,-9999,-9999,-9999,-9999,-9999,-9999,-9999,-9999,-9999,-9999,-9999,-9999,-9999,-9999,-9999,-9999,-9999,-9999

Step,253
Year,21.08333
-9999,-9999,-9999,-9999,-9999,-9999,-9999,-9999,-9999,-9999,-9999,-9999,-9999,-9999,-9999,-9999,-9999,-9999,-9999,-9999,-9999,-9999,-9999,-9999,-9999,-9999,-9999,-9999,-9999,-9999,-9999,-9999,-9999,-9999,-9999,-9999,-9999,-9999,-9999,-9999,-9999,-9999,-9999,-9999,-9999,-9999,-9999,-9999,-9999,-9999,-9999,-9999,-9999,-9999,-9999,-9999,-9999,-9999,-9999,-9999,-9999,-9999,-9999,-9999,-9999,-9999,-9999,-9999,-9999,-9999,-9999,-9999,-9999,-9999,-9999,-9999,-9999,-9999,-9999,-9999,-9999,-9999,-9999,-9999,-9999,-9999,-9999,-9999,-9999,-9999,-9999,-9999,-9999,-9999,-9999,-9999,-9999,-9999,-9999,-9999,-9999,-9999,-9999,-9999,-9999,-9999,-9999,-9999,-9999,-9999,-9999,-9999,-9999,-9999,-9999,-9999,-9999,-9999,-9999,-9999,-9999,-9999,-9999,-9999,-9999,-9999,-9999,-9999,-9999,-9999,-9999
-9999,-9999,-9999,-9999,-9999,-9999,-9999,-9999,-9999,-9999,-9999,-9999,-9999,-9999,-9999,-9999,-9999,-9999,-9999,-9999,-9999,-9999,-9999,-9999,-9999,-9999,-9999,-9999,-9999,-9999,-9999,-9999,-9999,-9999,-9999,-9999,-9999,-9999,-9999,-9999,-9999,-9999,-9999,-9999,-9999,-9999,-9999,-9999,-9999,-9999,-9999,-9999,-9999,-9999,-9999,-9999,-9999,-9999,-9999,-9999,-9999,-9999,-9999,-9999,-9999,-9999,-9999,-9999,-9999,-9999,-9999,-9999,-9999,-9999,-9999,-9999,-9999,-9999,-9999,-9999,-9999,-9999,-9999,-9999,-9999,-9999,-9999,-9999,-9999,-9999,-9999,-9999,-9999,-9999,-9999,-9999,-9999,-9999,-9999,-9999,-9999,-9999,-9999,-9999,-9999,-9999,-9999,-9999,-9999,-9999,-9999,-9999,-9999,-9999,-9999,-9999,-9999,-9999,-9999,-9999,-9999,-9999,-9999,-9999,-9999,-9999,-9999,-9999,-9999,-9999,-9999
-9999,-9999,-9999,-9999,-9999,-9999,-9999,-9999,-9999,-9999,-9999,-9999,-9999,-9999,-9999,-9999,-9999,-9999,-9999,-9999,-9999,-9999,-9999,-9999,-9999,-9999,-9999,-9999,-9999,-9999,-9999,-9999,-9999,-9999,-9999,-9999,-9999,-9999,-9999,-9999,-9999,-9999,-9999,-9999,-9999,-9999,-9999,-9999,-9999,-9999,-9999,-9999,-9999,-9999,-9999,-9999,-9999,-9999,-9999,-9999,-9999,-9999,-9999,-9999,-9999,-9999,-9999,-9999,-9999,-9999,-9999,-9999,-9999,-9999,37.3465614318848,37.8015556335449,-9999,-9999,-9999,-9999,-9999,-9999,-9999,-9999,-9999,-9999,-9999,-9999,-9999,-9999,-9999,-9999,-9999,-9999,-9999,-9999,-9999,-9999,-9999,-9999,-9999,-9999,-9999,-9999,-9999,-9999,-9999,-9999,-9999,-9999,-9999,-9999,-9999,-9999,-9999,-9999,-9999,-9999,-9999,-9999,-9999,-9999,-9999,-9999,-9999,-9999,-9999,-9999,-9999,-9999,-9999
-9999,-9999,-9999,-9999,-9999,-9999,-9999,-9999,-9999,-9999,-9999,-9999,-9999,-9999,-9999,-9999,-9999,-9999,-9999,-9999,-9999,-9999,-9999,-9999,-9999,-9999,-9999,-9999,-9999,-9999,-9999,-9999,-9999,-9999,-9999,-9999,-9999,-9999,-9999,-9999,-9999,-9999,-9999,-9999,-9999,-9999,-9999,-9999,-9999,-9999,-9999,-9999,-9999,-9999,-9999,-9999,-9999,-9999,-9999,-9999,-9999,-9999,-9999,-9999,-9999,-9999,-9999,-9999,-9999,-9999,-9999,-9999,-9999,-9999,38.1567649841309,37.6605110168457,-9999,-9999,-9999,-9999,-9999,-9999,-9999,-9999,-9999,-9999,-9999,-9999,-9999,-9999,-9999,-9999,-9999,-9999,-9999,-9999,-9999,-9999,-9999,-9999,-9999,-9999,-9999,-9999,-9999,-9999,-9999,-9999,-9999,-9999,-9999,-9999,-9999,-9999,-9999,-9999,-9999,-9999,-9999,-9999,-9999,-9999,-9999,-9999,-9999,-9999,-9999,-9999,-9999,-9999,-9999
-9999,-9999,-9999,-9999,-9999,-9999,-9999,-9999,-9999,-9999,-9999,-9999,-9999,-9999,-9999,-9999,-9999,-9999,-9999,-9999,-9999,-9999,-9999,-9999,-9999,-9999,-9999,-9999,-9999,-9999,-9999,-9999,-9999,-9999,-9999,-9999,-9999,-9999,-9999,-9999,-9999,-9999,-9999,-9999,-9999,-9999,-9999,-9999,-9999,-9999,-9999,-9999,-9999,-9999,-9999,-9999,6.17496830578046E-13,1.09004512083288E-08,1.08167821366578E-08,1.08016786626308E-08,-9999,-9999,-9999,-9999,-9999,38.6911506652832,38.5847511291504,39.4395141601563,39.8742828369141,37.2833061218262,35.9448089599609,32.6658058166504,32.5171852111816,31.9053916931152,35.5668144226074,34.4468688964844,32.9497833251953,-9999,-9999,25.2058200836182,23.8624248504639,22.9964771270752,23.5922756195068,30.4116401672363,33.5367889404297,35.5098495483398,35.3995552062988,33.1345291137695,24.9995098114014,-9999,-9999,-9999,-9999,-9999,-9999,-9999,-9999,-9999,-9999,-9999,-9999,-9999,-9999,-9999,-9999,-9999,-9999,-9999,-9999,-9999,-9999,-9999,-9999,-9999,-9999,-9999,-9999,-9999,-9999,-9999,-9999,-9999,-9999,-9999,-9999,-9999,-9999,-9999,-9999,-9999,-9999
-9999,-9999,-9999,-9999,-9999,-9999,-9999,-9999,-9999,-9999,-9999,-9999,-9999,-9999,-9999,-9999,-9999,-9999,-9999,-9999,-9999,-9999,-9999,-9999,-9999,-9999,-9999,-9999,-9999,-9999,-9999,-9999,-9999,-9999,-9999,-9999,-9999,-9999,-9999,-9999,-9999,-9999,-9999,-9999,-9999,-9999,-9999,-9999,-9999,-9999,-9999,-9999,-9999,-9999,-9999,7.13180545435649E-13,2.48470950481305E-08,0.000671669084113091,0.000667928718030453,0.000667240936309099,0.00136908935382962,44.7407875061035,-9999,44.0463333129883,42.1396217346191,42.1097412109375,40.8051605224609,40.1185913085938,40.1655960083008,39.3309936523438,36.2078666687012,35.3126182556152,35.99072265625,34.9933776855469,34.6244087219238,35.0501136779785,33.7800903320313,33.4028930664063,32.149845123291,29.6789302825928,26.393913269043,23.6140727996826,26.8439903259277,29.83518409729,34.1315116882324,36.4363403320313,36.3199119567871,34.080451965332,28.5666961669922,22.5188617706299,15.9733037948608,-9999,-9999,-9999,-9999,-9999,-9999,-9999,-9999,-9999,-9999,-9999,-9999,-9999,-9999,-9999,-9999,-9999,-9999,-9999,-9999,-9999,-9999,-9999,-9999,-9999,-9999,-9999,-9999,-9999,-9999,-9999,-9999,-9999,-9999,-9999,-9999,-9999,-9999,-9999,-9999
-9999,-9999,-9999,-9999,-9999,-9999,-9999,-9999,-9999,-9999,-9999,-9999,-9999,-9999,-9999,-9999,-9999,-9999,-9999,-9999,-9999,-9999,-9999,-9999,-9999,-9999,-9999,-9999,-9999,-9999,-9999,-9999,-9999,-9999,-9999,-9999,-9999,-9999,-9999,-9999,-9999,-9999,-9999,-9999,-9999,-9999,-9999,-9999,-9999,-9999,-9999,-9999,-9999,-9999,-9999,1.44827279058291E-08,0.00077241676626727,45.8886413574219,45.8311195373535,45.8819389343262,46.0369186401367,45.3988342285156,44.6265258789063,44.5923767089844,42.3081359863281,42.0709228515625,40.6956939697266,40.3817825317383,40.007698059082,38.41845703125,37.4863510131836,37.1786117553711,36.7880821228027,36.4793701171875,36.1267318725586,35.7247047424316,34.8245010375977,33.6779098510742,31.8337459564209,29.6975173950195,26.6478004455566,24.2657852172852,27.2134895324707,31.8782119750977,35.8829612731934,37.6278495788574,37.3419609069824,35.0094604492188,29.5469245910645,22.8355903625488,15.8912858963013,13.8645477294922,18.0783138275146,-9999,-9999,-9999,-9999,-9999,-9999,-9999,-9999,-9999,29.5184421539307,30.2962512969971,31.9643039703369,-9999,-9999,-9999,-9999,-9999,-9999,-9999,-9999,-9999,-9999,-9999,-9999,-9999,-9999,-9999,-9999,-9999,-9999,-9999,-9999,-9999,-9999,-9999,-9999,-9999,-9999
-9999,-9999,-9999,-9999,-9999,-9999,-9999,-9999,-9999,-9999,-9999,-9999,-9999,-9999,-9999,-9999,-9999,-9999,-9999,-9999,-9999,-9999,-9999,-9999,-9999,-9999,-9999,-9999,-9999,-9999,-9999,39.1572456359863,-9999,-9999,-9999,39.7224388122559,-9999,-9999,-9999,-9999,-9999,-9999,-9999,-9999,-9999,-9999,-9999,-9999,-9999,-9999,-9999,-9999,-9999,-9999,-9999,-9999,-9999,45.456714630127,45.6820983886719,45.7818603515625,-9999,46.1728477478027,45.5863914489746,44.6640853881836,43.2785301208496,41.9074172973633,41.765869140625,40.6385688781738,39.9145164489746,37.631175994873,36.6842803955078,37.8883094787598,38.1433601379395,37.7797813415527,37.0671501159668,36.5755386352539,35.849479675293,34.8684158325195,34.5950202941895,34.7888412475586,32.638370513916,31.2713718414307,34.7411270141602,36.7981414794922,39.5422554016113,40.7899932861328,39.7625350952148,37.4529800415039,32.7108001708984,29.3885498046875,27.2179336547852,22.5353736877441,16.8261871337891,20.0373497009277,-9999,-9999,-9999,-9999,-9999,-9999,-9999,-9999,34.1418151855469,36.5428009033203,35.937442779541,34.5020294189453,33.4648628234863,-9999,-9999,-9999,-9999,-9999,-9999,-9999,-9999,-9999,-9999,-9999,-9999,-9999,-9999,-9999,-9999,-9999,-9999,-9999,-9999,-9999,-9999,-9999,-9999
-9999,-9999,-9999,-9999,-9999,-9999,-9999,-9999,-9999,-9999,-9999,-9999,-9999,-9999,-9999,-9999,-9999,-9999,-9999,-9999,-9999,-9999,-9999,-9999,-9999,-9999,-9999,-9999,-9999,-9999,38.4006385803223,37.981315612793,-9999,-9999,39.725513458252,39.5821838378906,-9999,-9999,35.8602333068848,37.7201156616211,-9999,-9999,-9999,-9999,-9999,41.3942680358887,-9999,-9999,-9999,-9999,-9999,-9999,-9999,-9999,-9999,-9999,-9999,-9999,-9999,-9999,-9999,46.0337448120117,46.5955429077148,44.7758636474609,43.4049835205078,42.4630012512207,40.8200225830078,40.0246620178223,38.7057647705078,36.6402549743652,35.3985557556152,38.4631996154785,40.3191604614258,39.5999145507813,38.6218376159668,37.9425659179688,37.2305679321289,36.2524147033691,37.6245155334473,39.5030174255371,39.729663848877,38.8424110412598,39.7596282958984,40.7253265380859,41.8772125244141,42.317512512207,41.4445495605469,39.7028312683105,36.4560012817383,35.5483894348145,36.5946846008301,30.2862453460693,18.0736503601074,20.0896224975586,24.2890110015869,-9999,-9999,-9999,-9999,-9999,34.7740898132324,35.1999588012695,35.7059898376465,36.0656585693359,36.8250999450684,37.5096664428711,35.6202583312988,32.487174987793,-9999,-9999,-9999,-9999,-9999,-9999,-9999,-9999,-9999,-9999,-9999,-9999,-9999,-9999,-9999,-9999,-9999,-9999,-9999,-9999,-9999,-9999,-9999
-9999,-9999,-9999,-9999,-9999,-9999,-9999,-9999,-9999,-9999,-9999,-9999,-9999,-9999,-9999,-9999,-9999,-9999,-9999,-9999,-9999,-9999,-9999,38.9008712768555,38.9723854064941,-9999,-9999,-9999,-9999,38.0929489135742,38.0363883972168,38.8823127746582,37.7640113830566,39.4985466003418,39.8428382873535,39.2787628173828,36.8139114379883,35.4047241210938,35.9135208129883,-9999,38.4509353637695,40.6320381164551,-9999,-9999,40.9153900146484,41.528751373291,41.9554634094238,42.8950996398926,-9999,-9999,-9999,-9999,-9999,-9999,-9999,-9999,-9999,41.6244087219238,43.9389839172363,-9999,-9999,-9999,44.7367820739746,45.0001220703125,43.9865531921387,41.8287353515625,41.9960250854492,40.9335098266602,39.4690933227539,35.8307495117188,34.4885711669922,37.7041893005371,39.7109031677246,40.329418182373,40.1732025146484,39.2662391662598,38.7942733764648,37.8964767456055,37.7892036437988,39.4735984802246,39.9114608764648,39.9444732666016,40.9727096557617,41.8278656005859,42.2488861083984,42.3883399963379,42.0278167724609,40.9356384277344,38.3494110107422,36.5582313537598,35.6727104187012,31.2164859771729,24.0462112426758,23.4539642333984,24.2171878814697,21.3372001647949,20.7986373901367,22.2787704467773,22.7727222442627,24.8044166564941,29.6572952270508,34.7707366943359,34.9214248657227,35.4336242675781,36.2724800109863,37.4420166015625,37.9647254943848,35.2593154907227,33.0408172607422,33.9955940246582,-9999,-9999,-9999,-9999,-9999,-9999,-9999,-9999,-9999,-9999,-9999,-9999,-9999,-9999,-9999,-9999,-9999,-9999,-9999,-9999,-9999
-9999,-9999,-9999,-9999,-9999,-9999,-9999,-9999,-9999,-9999,-9999,-9999,-9999,-9999,-9999,-9999,-9999,-9999,-9999,-9999,-9999,-9999,38.618335723877,38.0445976257324,37.6382293701172,39.5904273986816,40.3097877502441,37.6307334899902,37.8473014831543,37.9110832214355,37.9357490539551,37.5640411376953,36.9642715454102,37.6760215759277,38.5297966003418,37.088005065918,35.0674247741699,34.8769035339355,35.0529861450195,36.1329383850098,37.3215141296387,39.4085807800293,40.5957298278809,40.8664436340332,41.0564460754395,41.0073852539063,42.6663284301758,43.2551727294922,43.2504844665527,-9999,-9999,-9999,-9999,-9999,-9999,-9999,-9999,39.6776351928711,40.5714340209961,42.3808364868164,-9999,-9999,44.2506332397461,44.7056655883789,45.6210136413574,44.0544242858887,42.6142692565918,40.7188110351563,38.1734046936035,34.8177452087402,33.6444244384766,37.4367485046387,39.1799240112305,40.7359809875488,41.128246307373,40.5329132080078,39.8980293273926,39.3163871765137,39.3319549560547,38.6770782470703,39.8812217712402,41.0300636291504,42.0059127807617,42.7059555053711,42.5629844665527,42.4690322875977,42.4676475524902,41.8300628662109,40.3595237731934,37.9543838500977,34.7171783447266,31.6870574951172,28.5841178894043,25.8641738891602,23.5176429748535,22.2537937164307,21.9017581939697,24.0300197601318,24.233434677124,23.6360206604004,26.0979690551758,32.4089088439941,35.2933959960938,35.9018020629883,36.3727684020996,37.0426788330078,37.7504653930664,38.6614952087402,36.8146095275879,35.1593856811523,-9999,-9999,-9999,-9999,-9999,-9999,-9999,-9999,-9999,-9999,-9999,-9999,-9999,-9999,-9999,-9999,-9999,-9999,-9999,-9999,-9999
-9999,-9999,-9999,-9999,-9999,-9999,-9999,-9999,-9999,-9999,-9999,-9999,-9999,-9999,-9999,-9999,-9999,-9999,-9999,-9999,-9999,-9999,38.7320098876953,37.4692459106445,37.32373046875,39.1814727783203,41.6172943115234,41.4266700744629,36.9455680847168,36.8982353210449,37.9819755554199,37.6571464538574,37.3123893737793,37.1851615905762,36.8755722045898,36.1832313537598,35.1580772399902,34.8651885986328,34.4919624328613,35.5975074768066,36.676628112793,38.7022743225098,40.3165740966797,40.6206665039063,40.6515731811523,41.1529388427734,41.4732780456543,42.5180892944336,43.1750946044922,43.1377983093262,43.0192565917969,-9999,-9999,-9999,-9999,-9999,-9999,-9999,39.475658416748,40.5966682434082,42.4364852905273,42.8433418273926,43.4519081115723,44.3063812255859,44.8617057800293,44.0414810180664,42.0522346496582,38.3317184448242,35.1212348937988,33.2381782531738,34.5082664489746,38.5906677246094,40.656063079834,41.7677192687988,42.1167602539063,42.1723785400391,41.8699951171875,41.4617691040039,40.89453125,40.0723724365234,41.0852508544922,42.0426712036133,42.3666343688965,42.6125030517578,42.5864868164063,42.5711288452148,42.5786209106445,42.0187950134277,40.8011093139648,38.1308937072754,33.5666580200195,32.0170135498047,30.900915145874,25.6692161560059,19.3336486816406,20.3745536804199,21.3252696990967,23.0498695373535,24.2031402587891,23.8260078430176,26.423885345459,33.1024780273438,36.7542610168457,38.466724395752,38.0207901000977,35.8962059020996,36.5807952880859,38.3889808654785,38.1817626953125,36.009162902832,38.4811668395996,-9999,-9999,-9999,-9999,-9999,-9999,-9999,-9999,-9999,-9999,-9999,-9999,-9999,-9999,-9999,-9999,-9999,-9999,-9999,-9999
-9999,-9999,-9999,-9999,-9999,-9999,-9999,-9999,-9999,-9999,-9999,-9999,-9999,-9999,-9999,-9999,-9999,-9999,-9999,-9999,-9999,-9999,39.1111106872559,38.7940635681152,36.325439453125,36.0122375488281,42.1425018310547,44.2612495422363,40.2511520385742,38.5367050170898,38.3244132995605,38.3634033203125,38.0243492126465,37.6872901916504,37.1210632324219,36.6904487609863,36.1791076660156,35.8996353149414,35.711238861084,36.3969993591309,37.0832138061523,38.2902946472168,39.2582740783691,39.7661628723145,39.9977149963379,40.1045913696289,40.487060546875,40.2491607666016,41.2150993347168,42.8583335876465,42.9271850585938,-9999,-9999,-9999,-9999,40.1971702575684,39.581657409668,39.1881713867188,39.2787666320801,39.8038558959961,41.0285758972168,42.3612480163574,43.0086975097656,44.3684768676758,44.6262474060059,42.7000961303711,41.0293579101563,36.5182571411133,33.863639831543,35.2856636047363,36.643970489502,40.0951919555664,42.153736114502,43.1606178283691,43.5233573913574,43.3450813293457,42.9193305969238,42.4008483886719,41.8376998901367,41.2372741699219,41.9763412475586,42.6527633666992,42.5709114074707,42.5176315307617,42.567928314209,42.5970649719238,42.5870056152344,42.1433982849121,41.2035026550293,38.7037048339844,34.6593246459961,34.1830978393555,35.3076477050781,29.3201007843018,20.8043823242188,22.0046539306641,23.1848373413086,24.8124923706055,26.0357151031494,25.718713760376,27.8704605102539,34.0268249511719,37.8587684631348,40.4354553222656,39.4920654296875,36.1486968994141,37.1706008911133,39.4031066894531,40.1313018798828,39.6427230834961,39.027214050293,40.5849189758301,-9999,-9999,-9999,-9999,-9999,-9999,-9999,-9999,-9999,-9999,-9999,-9999,-9999,-9999,-9999,-9999,-9999,-9999,-9999
-9999,-9999,-9999,-9999,-9999,-9999,-9999,-9999,-9999,-9999,-9999,-9999,-9999,-9999,-9999,-9999,-9999,-9999,-9999,-9999,-9999,37.7870216369629,39.0078048706055,38.435115814209,35.8101501464844,35.6221084594727,41.9512977600098,44.5493850708008,43.0298309326172,42.2063102722168,41.7780075073242,41.5364379882813,41.2414245605469,40.9356689453125,40.6713256835938,40.1842079162598,39.7404670715332,39.4735069274902,39.2915458679199,39.4733543395996,39.2090835571289,37.3124618530273,36.8937034606934,38.254322052002,38.83642578125,39.2464904785156,39.3387680053711,39.4703712463379,39.5550994873047,39.938793182373,40.1728897094727,39.8834533691406,39.9942588806152,39.9617652893066,39.6713943481445,39.9861526489258,39.681468963623,38.9984893798828,39.0297050476074,38.9603805541992,38.1371116638184,38.3541603088379,40.0182571411133,42.7212295532227,44.7651519775391,42.6555557250977,40.1859664916992,35.412712097168,35.5368881225586,39.5702590942383,42.2493362426758,43.2082443237305,43.6982498168945,43.7020874023438,43.5654983520508,43.329776763916,43.0314178466797,42.71044921875,42.4144477844238,42.1206893920898,42.2372436523438,42.3610954284668,42.386646270752,42.4138526916504,42.4480476379395,42.4319000244141,42.3203811645508,42.0981178283691,41.7515144348145,40.9222106933594,39.7361793518066,39.741081237793,40.1273918151855,37.7249221801758,33.7503852844238,30.9724884033203,28.885799407959,29.9910163879395,30.9378356933594,31.0079174041748,31.8423404693604,35.2158164978027,38.4100685119629,41.319709777832,41.0937614440918,39.052074432373,41.0465278625488,43.6707878112793,42.1440010070801,39.9924659729004,40.3571891784668,39.9088096618652,38.4828681945801,37.8075332641602,-9999,-9999,-9999,-9999,-9999,-9999,-9999,-9999,-9999,-9999,-9999,-9999,-9999,-9999,-9999,-9999,-9999
-9999,-9999,-9999,-9999,-9999,-9999,-9999,-9999,-9999,-9999,-9999,-9999,-9999,-9999,-9999,-9999,-9999,-9999,-9999,-9999,-9999,35.8848915100098,35.5152740478516,36.7290687561035,35.9837188720703,36.8841285705566,41.4935455322266,43.8034820556641,43.5464248657227,43.1953125,42.6291923522949,42.2684059143066,42.1814613342285,41.8825302124023,41.5834808349609,41.2378692626953,40.8139915466309,40.4897041320801,40.2924842834473,40.3145446777344,39.7957038879395,38.102611541748,37.1385955810547,37.6589012145996,38.1622657775879,38.6741752624512,39.2539596557617,39.7482109069824,39.4361228942871,39.2497100830078,39.2270889282227,39.4702682495117,39.6256523132324,39.6224555969238,39.5616073608398,38.9463386535645,38.4825782775879,37.9677314758301,37.6967239379883,36.7266731262207,36.4325103759766,37.7529716491699,38.8752250671387,39.4500846862793,42.8215827941895,42.2784767150879,41.3888168334961,36.4126167297363,38.0034294128418,42.1961708068848,44.5794868469238,44.383716583252,44.111385345459,43.7433052062988,-9999,-9999,-9999,-9999,-9999,-9999,-9999,42.0750885009766,42.1335182189941,42.1900672912598,42.2387046813965,42.2125091552734,42.0466613769531,41.9276390075684,41.8601150512695,41.8322868347168,41.8313217163086,41.7974548339844,41.7553749084473,41.2013320922852,39.6978225708008,35.6557655334473,32.4256172180176,33.4000434875488,33.7059097290039,32.4949417114258,32.3782615661621,33.8876495361328,36.7587509155273,39.9297714233398,40.8378448486328,40.4743537902832,42.469554901123,44.8080368041992,42.3988418579102,39.0045738220215,39.9946174621582,39.5163536071777,38.6110954284668,36.6124000549316,37.4234161376953,-9999,-9999,-9999,-9999,-9999,-9999,-9999,-9999,-9999,-9999,-9999,-9999,-9999,-9999,-9999,-9999
-9999,-9999,-9999,-9999,-9999,-9999,-9999,-9999,-9999,-9999,-9999,-9999,-9999,-9999,-9999,-9999,-9999,-9999,-9999,33.8242683410645,34.5637359619141,34.0364875793457,33.4709663391113,33.2366981506348,37.080623626709,39.8414077758789,40.7240409851074,41.1003189086914,40.693058013916,40.3521041870117,39.9973831176758,39.8893013000488,39.8427658081055,39.5322113037109,39.234447479248,38.9216270446777,38.5296936035156,38.2884750366211,38.1293983459473,38.1843872070313,38.865608215332,40.9098434448242,41.4817924499512,39.2277641296387,38.5960884094238,39.1526184082031,39.9951286315918,40.9827537536621,39.7488403320313,37.8729019165039,38.1844215393066,38.3086242675781,38.225959777832,38.0384407043457,37.9350929260254,37.1809959411621,35.8927726745605,34.8512191772461,34.381706237793,35.3372955322266,37.6365623474121,40.1242561340332,42.0554237365723,41.6318969726563,41.287712097168,39.5195007324219,40.8730812072754,42.0399017333984,42.1792373657227,43.3449897766113,44.0284423828125,-9999,-9999,-9999,-9999,-9999,-9999,-9999,-9999,-9999,-9999,-9999,-9999,41.7910385131836,41.8983764648438,41.9160308837891,41.7646408081055,41.5783767700195,41.3535270690918,41.0906867980957,40.8014678955078,40.7121353149414,40.6993942260742,40.7686996459961,40.8297119140625,37.3321228027344,33.8252830505371,34.3870582580566,33.8343276977539,29.1367015838623,26.1700572967529,27.6103019714355,30.2173347473145,33.684268951416,37.4067420959473,40.2523727416992,41.5345077514648,42.2999687194824,39.7987213134766,36.6043701171875,38.7323989868164,40.0439720153809,39.9389419555664,35.130973815918,36.3377799987793,-9999,-9999,-9999,-9999,-9999,-9999,-9999,-9999,-9999,-9999,-9999,-9999,-9999,-9999,-9999,-9999
-9999,-9999,-9999,-9999,-9999,-9999,-9999,-9999,-9999,-9999,-9999,-9999,-9999,-9999,-9999,-9999,-9999,-9999,31.7702903747559,32.9503021240234,33.1188926696777,35.0397758483887,33.5792045593262,32.7912940979004,36.9067420959473,39.5690841674805,40.4200744628906,40.7384567260742,40.2155456542969,39.8845825195313,39.6594848632813,39.5477180480957,39.5960884094238,39.4057464599609,38.9812431335449,38.8339767456055,38.6382064819336,38.518928527832,38.3220977783203,38.2999420166016,39.5523338317871,41.9695816040039,42.8297348022461,40.4929313659668,39.4665603637695,39.7743644714355,40.5863952636719,41.4702796936035,39.788158416748,37.047779083252,36.4349365234375,36.0730972290039,35.8022689819336,35.7327194213867,36.7192268371582,36.9473152160645,35.5570449829102,34.3239860534668,34.1510581970215,36.0393028259277,39.2901000976563,41.5392723083496,42.9920692443848,43.2270088195801,43.1290702819824,42.8842964172363,42.5009117126465,43.1318206787109,-9999,-9999,-9999,-9999,-9999,-9999,-9999,-9999,-9999,-9999,-9999,-9999,-9999,-9999,-9999,-9999,-9999,41.5912628173828,41.4721527099609,41.276065826416,40.9948997497559,40.6259613037109,40.1942749023438,40.034595489502,39.9709625244141,40.2701568603516,40.633113861084,38.2647476196289,35.8650169372559,35.0895881652832,33.4339065551758,28.5529708862305,24.808967590332,23.8301334381104,25.097677230835,27.808256149292,32.7741279602051,37.7325325012207,38.6316337585449,38.9516563415527,38.3962860107422,37.6269302368164,38.4777297973633,39.4930000305176,39.2422752380371,36.0269775390625,34.8299369812012,-9999,-9999,-9999,-9999,-9999,-9999,-9999,-9999,-9999,-9999,-9999,-9999,-9999,-9999,-9999,-9999
-9999,-9999,-9999,-9999,-9999,-9999,-9999,-9999,-9999,-9999,-9999,-9999,33.3190994262695,32.066219329834,-9999,31.5826644897461,33.0684928894043,34.5735511779785,33.9628067016602,31.3682079315186,34.0490989685059,36.9634819030762,36.0841064453125,35.0560188293457,35.7586364746094,37.1863555908203,40.7526168823242,42.5075607299805,42.1996040344238,41.9689102172852,41.5994262695313,41.6419868469238,41.7172317504883,41.4659652709961,41.1902389526367,41.1819915771484,41.1698684692383,40.7613182067871,40.8196792602539,40.3298034667969,40.4178085327148,40.8011245727539,41.1313629150391,40.6951789855957,40.5845260620117,40.9429969787598,41.2386856079102,41.4356002807617,39.8433456420898,37.2418556213379,34.7739601135254,32.2694129943848,32.0703659057617,32.4820747375488,35.746509552002,37.4982872009277,36.4696235656738,35.688720703125,36.3303451538086,38.7162055969238,41.4211349487305,42.6394882202148,43.2677001953125,43.3768119812012,43.3613586425781,43.1795082092285,43.0130386352539,-9999,-9999,-9999,-9999,-9999,-9999,-9999,-9999,-9999,-9999,-9999,-9999,-9999,-9999,-9999,-9999,-9999,-9999,-9999,41.1693267822266,41.0139389038086,40.7659492492676,40.4061050415039,39.9676971435547,39.7229537963867,39.5490608215332,39.7218856811523,39.948616027832,39.0653266906738,37.9854202270508,35.3231315612793,32.3739280700684,30.8265781402588,27.9066619873047,22.7226219177246,21.0053691864014,23.1929836273193,27.2367897033691,31.9290103912354,33.5427932739258,34.5714797973633,38.1842155456543,41.2991676330566,39.6248741149902,38.3968505859375,39.1131858825684,37.0983924865723,34.9565505981445,-9999,-9999,-9999,-9999,-9999,-9999,-9999,-9999,-9999,-9999,-9999,-9999,-9999,-9999,-9999,-9999
-9999,-9999,-9999,-9999,-9999,-9999,-9999,-9999,-9999,-9999,30.8273010253906,32.5655288696289,34.3066253662109,31.940149307251,31.685188293457,29.5629348754883,31.6453418731689,36.0681686401367,35.4518775939941,33.1056785583496,35.7734336853027,38.8767967224121,38.3326721191406,37.4981689453125,37.712100982666,37.6217575073242,40.5003700256348,41.898983001709,41.5740089416504,42.1605567932129,43.111873626709,43.3391532897949,43.1297988891602,43.1413345336914,42.8978233337402,42.6451988220215,42.6239395141602,42.5753860473633,42.1708488464355,41.7761077880859,41.5796203613281,41.4981307983398,41.3090057373047,41.3625793457031,41.4444732666016,41.6758880615234,42.0186424255371,42.3037185668945,41.2248573303223,39.5173797607422,36.7736167907715,33.6938323974609,33.4595108032227,33.8994979858398,36.1954612731934,37.8779792785645,37.7493667602539,37.7726821899414,38.2185554504395,39.8614807128906,41.8205833435059,42.5932846069336,42.9106063842773,42.9544258117676,42.9319458007813,42.8464393615723,-9999,-9999,-9999,-9999,-9999,-9999,-9999,-9999,-9999,-9999,-9999,-9999,-9999,-9999,-9999,-9999,-9999,-9999,-9999,-9999,-9999,40.7095184326172,40.4595642089844,40.1204681396484,39.7198028564453,39.4731254577637,39.2817230224609,39.3495254516602,39.458065032959,39.3081588745117,38.8951377868652,36.4077377319336,33.5787200927734,31.9410743713379,29.4139347076416,25.0364952087402,21.6806545257568,20.8553943634033,23.0559482574463,27.0479755401611,30.4741878509521,33.1816101074219,36.9990997314453,40.262809753418,38.0777435302734,36.5493354797363,37.9718170166016,35.380558013916,33.2530670166016,-9999,-9999,-9999,-9999,-9999,-9999,-9999,-9999,-9999,-9999,-9999,-9999,-9999,-9999,-9999,-9999
-9999,-9999,-9999,-9999,-9999,-9999,-9999,-9999,27.6684074401855,28.7793312072754,29.0562019348145,29.1131439208984,30.1636066436768,32.208797454834,31.4446830749512,29.6739940643311,31.7321853637695,36.3282318115234,36.3392333984375,34.9409446716309,37.7018661499023,40.4919052124023,39.9022026062012,39.2954559326172,39.4416809082031,39.0734214782715,39.1616249084473,39.2302551269531,39.0038795471191,40.2824783325195,43.2186050415039,44.2799339294434,44.261043548584,44.1395721435547,44.0778121948242,43.9969596862793,43.6816024780273,43.3917846679688,43.275764465332,43.0713920593262,42.8750305175781,42.6163597106934,42.5206031799316,42.4596328735352,42.379508972168,42.3708419799805,42.4261016845703,42.4586563110352,42.5067596435547,42.5299339294434,40.4918785095215,38.0392150878906,38.0928077697754,38.1057243347168,38.4178924560547,38.4131965637207,38.2619819641113,38.6828460693359,40.2128295898438,41.3795433044434,41.926887512207,42.1886978149414,-9999,-9999,-9999,-9999,-9999,-9999,-9999,-9999,-9999,-9999,-9999,-9999,-9999,-9999,-9999,-9999,-9999,-9999,-9999,-9999,-9999,-9999,-9999,-9999,-9999,-9999,40.1112365722656,39.799488067627,39.4601936340332,39.2533264160156,39.0944862365723,39.0674819946289,39.0608215332031,39.2821807861328,39.3070335388184,37.8400421142578,35.8247451782227,32.5997047424316,30.1356163024902,29.0657444000244,25.8123264312744,20.1988906860352,20.0165481567383,22.681640625,28.2547950744629,33.5814361572266,35.2847137451172,36.6182518005371,35.1696586608887,34.2027854919434,36.4490089416504,34.6036148071289,32.9993782043457,-9999,-9999,-9999,-9999,-9999,-9999,-9999,-9999,-9999,-9999,-9999,-9999,-9999,-9999,-9999,-9999
-9999,-9999,-9999,-9999,-9999,-9999,-9999,-9999,26.3887996673584,27.7142753601074,28.7284507751465,28.2501811981201,28.5690746307373,29.0124588012695,29.6773738861084,30.3632965087891,33.3037147521973,37.865592956543,37.7000923156738,36.9624710083008,37.9086647033691,39.2997512817383,40.3324508666992,41.0036277770996,40.8200416564941,40.5700035095215,40.1998863220215,39.8349494934082,39.5786170959473,40.3252334594727,42.1251373291016,42.6530418395996,42.5050849914551,42.3830986022949,42.1982727050781,41.9923477172852,41.9176940917969,41.7089538574219,41.531982421875,41.2878227233887,41.1890106201172,41.0121765136719,41.2335968017578,41.9749984741211,42.2533187866211,42.2045593261719,42.1071319580078,41.9852676391602,42.1076812744141,42.2378158569336,41.1900672912598,40.0024490356445,40.238655090332,40.3803558349609,40.2529411315918,40.0470924377441,39.7642860412598,40.1001968383789,40.9712677001953,41.5324363708496,41.8383102416992,41.9585571289063,-9999,-9999,-9999,-9999,-9999,-9999,-9999,-9999,-9999,-9999,-9999,-9999,-9999,-9999,-9999,-9999,-9999,-9999,-9999,-9999,-9999,-9999,-9999,-9999,-9999,-9999,-9999,-9999,39.066535949707,38.9008674621582,38.7781257629395,38.7257270812988,38.6814460754395,38.8963737487793,38.9727554321289,38.030876159668,36.789176940918,34.4540596008301,32.3803901672363,30.5044002532959,27.8312854766846,23.5929908752441,21.4089279174805,20.2138938903809,24.9045791625977,29.91916847229,31.1983909606934,32.1706161499023,31.6285133361816,31.4001483917236,34.5855674743652,31.190788269043,30.5168495178223,-9999,-9999,-9999,-9999,-9999,-9999,-9999,-9999,-9999,-9999,-9999,-9999,-9999,-9999,-9999,-9999
-9999,-9999,-9999,-9999,-9999,-9999,20.5908660888672,26.1971015930176,26.1512641906738,26.1390514373779,27.6022453308105,28.4508304595947,28.0106220245361,25.8752098083496,27.1956882476807,32.2347526550293,36.1404342651367,39.004264831543,39.4583396911621,38.5031623840332,37.8757171630859,37.2388000488281,39.9492073059082,42.0518951416016,42.001594543457,41.9207077026367,41.624870300293,41.2502593994141,40.8871994018555,40.6550025939941,40.3717765808105,40.0809326171875,39.749755859375,39.5015869140625,39.3134536743164,39.1347503662109,38.9377822875977,38.8958549499512,38.8487663269043,38.7480926513672,38.640308380127,38.5040626525879,39.232494354248,41.154598236084,41.9538192749023,41.8576469421387,41.5951843261719,41.245189666748,41.0205917358398,40.8107986450195,40.9267234802246,41.066822052002,41.2643280029297,41.4702262878418,41.4728393554688,41.3967742919922,41.1247482299805,40.9738616943359,40.9943084716797,41.2531089782715,41.7007217407227,-9999,-9999,-9999,-9999,-9999,-9999,-9999,-9999,-9999,-9999,-9999,-9999,-9999,-9999,-9999,-9999,-9999,-9999,-9999,-9999,-9999,-9999,-9999,-9999,-9999,-9999,-9999,-9999,-9999,-9999,-9999,-9999,38.3621597290039,38.3013648986816,38.410400390625,38.4444694519043,37.9316139221191,37.3726081848145,36.5615158081055,34.814094543457,31.2629547119141,28.9364776611328,28.2124729156494,24.6642284393311,18.6575584411621,20.5789833068848,24.5859184265137,25.8023548126221,26.9269428253174,27.3197383880615,28.3474769592285,32.1907730102539,30.0175762176514,-9999,-9999,-9999,-9999,-9999,-9999,-9999,-9999,-9999,-9999,-9999,-9999,-9999,-9999,-9999,-9999,-9999
-9999,-9999,-9999,-9999,-9999,-9999,26.1482543945313,26.1673603057861,25.8255176544189,25.8699645996094,26.2224273681641,29.0604953765869,31.4006614685059,32.0307388305664,33.2727317810059,34.7812042236328,37.2748527526855,40.0693511962891,40.1724700927734,39.336540222168,38.8573722839355,38.3206634521484,40.3937034606934,42.0871658325195,42.0725288391113,41.9190979003906,41.7185516357422,41.5230865478516,41.1730842590332,40.8006248474121,40.3606796264648,40.1053237915039,39.8396301269531,39.5435829162598,39.2646865844727,39.4581108093262,39.7035903930664,39.6485939025879,39.5785217285156,39.4304618835449,39.2908401489258,39.2188453674316,39.6021575927734,40.6607131958008,41.1254272460938,41.0695343017578,40.857723236084,40.5494766235352,40.4316139221191,40.3748550415039,40.4980506896973,40.643726348877,40.7376480102539,40.825267791748,40.8682899475098,40.8561630249023,40.6719856262207,40.5512313842773,40.5110168457031,-9999,-9999,-9999,-9999,-9999,-9999,-9999,-9999,-9999,-9999,-9999,-9999,-9999,-9999,-9999,-9999,-9999,-9999,-9999,-9999,-9999,-9999,-9999,-9999,-9999,-9999,-9999,-9999,-9999,-9999,-9999,-9999,-9999,-9999,-9999,37.8963890075684,37.9565467834473,37.9863929748535,37.8081703186035,37.533317565918,36.9763717651367,35.9403533935547,34.0943222045898,31.8088245391846,29.1712455749512,26.3193054199219,22.716739654541,21.4270095825195,21.0504779815674,24.0807399749756,27.4400424957275,28.6607074737549,29.864086151123,31.5870494842529,29.1629753112793,30.0977764129639,27.8102626800537,-9999,-9999,-9999,-9999,-9999,-9999,-9999,-9999,-9999,-9999,-9999,-9999,-9999,-9999,-9999
-9999,-9999,-9999,-9999,25.1446552276611,26.6541843414307,26.1945571899414,26.0132942199707,25.9358520507813,25.8097705841064,26.7952690124512,31.1579208374023,34.7459602355957,37.443042755127,38.3321418762207,37.3298225402832,38.301872253418,40.4996070861816,40.7045364379883,40.1896743774414,39.7119216918945,39.2217407226563,40.3446960449219,41.340202331543,41.4242820739746,41.4745559692383,41.3599548339844,41.2108917236328,41.0223388671875,40.7791900634766,40.495433807373,40.2112655639648,39.9220504760742,39.6098022460938,39.3046226501465,39.8950843811035,40.5765991210938,40.4947280883789,40.3952102661133,40.1899719238281,40.0223693847656,39.9931259155273,40.0031623840332,40.0909042358398,40.1316909790039,40.1334457397461,40.005672454834,39.803882598877,39.8661079406738,40.0020446777344,40.0455703735352,40.0755271911621,40.0571250915527,40.0549964904785,-9999,-9999,-9999,-9999,-9999,-9999,-9999,-9999,-9999,-9999,-9999,-9999,-9999,-9999,-9999,-9999,-9999,-9999,-9999,-9999,-9999,-9999,-9999,-9999,-9999,-9999,-9999,-9999,-9999,-9999,-9999,-9999,-9999,-9999,-9999,-9999,-9999,-9999,-9999,-9999,-9999,37.4973411560059,37.5282096862793,37.6675834655762,37.6499137878418,37.1622848510742,36.8184661865234,36.6103820800781,34.3866195678711,30.0234527587891,27.8215885162354,26.8523902893066,22.9706382751465,17.8613834381104,23.1356811523438,28.1100921630859,29.9148445129395,31.2570896148682,30.9728183746338,22.3630809783936,22.5983219146729,27.6438808441162,28.9591388702393,-9999,-9999,-9999,-9999,-9999,-9999,-9999,-9999,-9999,-9999,-9999,-9999,-9999,-9999
-9999,-9999,-9999,-9999,30.5177001953125,28.2999591827393,27.4312076568604,25.7793216705322,26.2848701477051,28.0024032592773,30.5513706207275,33.5540580749512,36.1397171020508,38.1301155090332,39.1416015625,39.2310066223145,39.672966003418,40.3654098510742,40.1902961730957,39.6979637145996,39.9592781066895,40.3482131958008,40.7453384399414,41.0955238342285,41.1087265014648,41.109188079834,41.0648765563965,40.9873390197754,40.8451461791992,40.6696815490723,40.4576644897461,40.263126373291,40.0843238830566,39.9289436340332,39.7772979736328,39.9831504821777,40.2304229736328,40.0288467407227,39.8177299499512,39.5298118591309,39.2845497131348,39.1734352111816,39.1084060668945,39.1152000427246,39.1150779724121,39.1090774536133,39.0291900634766,-9999,-9999,-9999,-9999,-9999,-9999,-9999,-9999,-9999,-9999,-9999,-9999,-9999,-9999,-9999,-9999,-9999,-9999,-9999,-9999,-9999,-9999,-9999,-9999,-9999,-9999,-9999,-9999,-9999,-9999,-9999,-9999,-9999,-9999,-9999,-9999,-9999,-9999,-9999,-9999,-9999,-9999,-9999,-9999,-9999,-9999,-9999,-9999,-9999,37.133129119873,37.2480506896973,37.2898788452148,37.1207580566406,36.6575164794922,35.6668815612793,33.4045944213867,29.794490814209,27.8466262817383,26.7531337738037,22.2252445220947,16.0214405059814,19.5877838134766,23.577693939209,25.0476779937744,26.5849418640137,27.1712589263916,28.090633392334,21.636079788208,26.3422698974609,24.7021255493164,-9999,-9999,-9999,-9999,-9999,-9999,-9999,-9999,-9999,-9999,-9999,-9999,-9999,-9999
-9999,-9999,-9999,-9999,-9999,30.6703681945801,28.6202754974365,28.7303714752197,27.5905208587646,31.0775241851807,34.1081733703613,35.9527816772461,37.5293312072754,38.753116607666,39.6833648681641,40.3943290710449,40.3669509887695,39.8369522094727,39.506965637207,39.2516326904297,-9999,-9999,-9999,-9999,-9999,-9999,-9999,-9999,-9999,-9999,-9999,-9999,-9999,40.0078201293945,39.9623947143555,39.8517074584961,39.7302551269531,39.4373741149902,-9999,-9999,-9999,-9999,-9999,-9999,-9999,-9999,-9999,-9999,-9999,-9999,-9999,-9999,-9999,-9999,-9999,-9999,-9999,-9999,-9999,-9999,-9999,-9999,-9999,-9999,-9999,-9999,-9999,-9999,-9999,-9999,-9999,-9999,-9999,-9999,-9999,-9999,-9999,-9999,-9999,-9999,-9999,-9999,-9999,-9999,-9999,-9999,-9999,-9999,-9999,-9999,-9999,-9999,-9999,-9999,-9999,-9999,36.7451934814453,36.8565063476563,36.961368560791,37.0584373474121,36.5803298950195,35.0913619995117,33.0325813293457,30.3078937530518,28.3785934448242,26.8461837768555,22.1492156982422,15.929557800293,16.9583339691162,18.8848171234131,20.4858875274658,21.9960422515869,23.4880142211914,24.8395156860352,24.8116607666016,22.1977081298828,-9999,-9999,-9999,-9999,-9999,-9999,-9999,-9999,-9999,-9999,-9999,-9999,-9999,-9999,-9999
-9999,-9999,-9999,-9999,-9999,30.3135871887207,30.3627967834473,31.109806060791,32.478572845459,36.2380790710449,38.9913444519043,39.4232940673828,39.8151626586914,40.4177627563477,40.6762924194336,40.5663642883301,40.1856422424316,39.6074066162109,-9999,-9999,-9999,-9999,-9999,-9999,-9999,-9999,-9999,-9999,-9999,-9999,-9999,-9999,-9999,-9999,-9999,-9999,-9999,-9999,-9999,-9999,-9999,-9999,-9999,-9999,-9999,-9999,-9999,-9999,-9999,-9999,-9999,-9999,-9999,-9999,-9999,-9999,-9999,-9999,-9999,-9999,-9999,-9999,-9999,-9999,-9999,-9999,-9999,-9999,-9999,-9999,-9999,-9999,-9999,-9999,-9999,-9999,-9999,-9999,-9999,-9999,-9999,-9999,-9999,-9999,-9999,-9999,-9999,-9999,-9999,-9999,-9999,-9999,-9999,-9999,-9999,-9999,-9999,36.6160163879395,36.7888298034668,36.8935394287109,36.7984580993652,36.363468170166,35.4359893798828,33.9424438476563,31.2440795898438,27.6410598754883,24.4883861541748,21.353536605835,18.6779975891113,16.0176219940186,19.5240592956543,22.0820999145508,20.5886116027832,20.3920116424561,21.6435832977295,18.9833641052246,-9999,-9999,-9999,-9999,-9999,-9999,-9999,-9999,-9999,-9999,-9999,-9999,-9999,-9999,-9999
-9999,-9999,30.492712020874,30.5079574584961,30.5688247680664,29.9804248809814,30.6660766601563,33.401496887207,36.3658752441406,39.45263671875,41.6170120239258,41.2706413269043,41.0547409057617,41.2870101928711,41.1011199951172,40.4031829833984,39.761833190918,-9999,-9999,-9999,-9999,-9999,-9999,-9999,-9999,-9999,-9999,-9999,-9999,-9999,-9999,-9999,-9999,-9999,-9999,-9999,-9999,-9999,-9999,-9999,-9999,-9999,-9999,-9999,-9999,-9999,-9999,-9999,-9999,-9999,-9999,-9999,-9999,-9999,-9999,-9999,-9999,-9999,-9999,-9999,-9999,-9999,-9999,-9999,-9999,-9999,-9999,-9999,-9999,-9999,-9999,-9999,-9999,-9999,-9999,-9999,-9999,-9999,-9999,-9999,-9999,-9999,-9999,-9999,-9999,-9999,-9999,-9999,-9999,-9999,-9999,-9999,-9999,-9999,-9999,-9999,-9999,36.3548049926758,36.5747108459473,36.6755561828613,36.8390998840332,37.0972328186035,36.9704322814941,36.3925819396973,33.8405952453613,29.7623100280762,27.1063652038574,25.0239753723145,20.6395053863525,15.6809043884277,19.2053527832031,20.9494171142578,17.9538021087646,16.9629287719727,21.142427444458,17.7221260070801,-9999,-9999,-9999,-9999,-9999,-9999,-9999,-9999,-9999,-9999,-9999,-9999,-9999,-9999,-9999
-9999,-9999,-9999,-9999,30.7124099731445,30.2235774993896,30.8085880279541,35.3116569519043,39.043628692627,40.1559295654297,40.800048828125,40.6480255126953,40.5379028320313,40.6416244506836,40.3192405700684,39.4844703674316,-9999,-9999,-9999,-9999,-9999,-9999,-9999,-9999,-9999,-9999,-9999,-9999,-9999,-9999,-9999,-9999,-9999,-9999,-9999,-9999,-9999,-9999,-9999,-9999,-9999,-9999,-9999,-9999,-9999,-9999,-9999,-9999,-9999,-9999,-9999,-9999,-9999,-9999,-9999,-9999,-9999,-9999,-9999,-9999,-9999,-9999,-9999,-9999,-9999,-9999,-9999,-9999,-9999,-9999,-9999,-9999,-9999,-9999,-9999,-9999,-9999,-9999,-9999,-9999,-9999,-9999,-9999,-9999,-9999,-9999,-9999,-9999,-9999,-9999,-9999,-9999,-9999,-9999,-9999,-9999,-9999,36.0515556335449,36.2713279724121,36.3398704528809,36.4918212890625,36.7720756530762,36.9444541931152,36.9744758605957,36.0249938964844,34.3632850646973,30.4538402557373,25.5479469299316,22.9928359985352,20.5658950805664,18.8788394927979,17.2592353820801,16.3054962158203,15.9926595687866,17.4705085754395,18.9627075195313,-9999,-9999,-9999,-9999,-9999,-9999,-9999,-9999,-9999,-9999,-9999,-9999,-9999,-9999,-9999
-9999,-9999,-9999,-9999,30.7695388793945,30.8563671112061,31.2928848266602,36.2649803161621,40.4385452270508,40.4697113037109,40.274772644043,40.3647651672363,40.3479690551758,40.1485328674316,39.6130523681641,-9999,-9999,-9999,-9999,-9999,-9999,-9999,-9999,-9999,-9999,-9999,-9999,-9999,-9999,-9999,-9999,-9999,-9999,-9999,-9999,-9999,-9999,-9999,-9999,-9999,-9999,-9999,-9999,-9999,-9999,-9999,-9999,-9999,-9999,-9999,-9999,-9999,-9999,-9999,-9999,-9999,-9999,-9999,-9999,-9999,-9999,-9999,-9999,-9999,-9999,-9999,-9999,-9999,-9999,-9999,-9999,-9999,-9999,-9999,-9999,-9999,-9999,-9999,-9999,-9999,-9999,-9999,-9999,-9999,-9999,-9999,-9999,-9999,-9999,-9999,-9999,-9999,-9999,-9999,-9999,-9999,-9999,35.7067108154297,35.9348754882813,35.9776000976563,36.0888595581055,36.3003921508789,36.5540161132813,36.8420295715332,36.7531547546387,36.3739700317383,32.1134452819824,25.9553260803223,24.335428237915,23.0045776367188,18.5620861053467,14.4268369674683,15.1150360107422,15.8525543212891,15.9079132080078,16.6730537414551,13.6168117523193,-9999,-9999,-9999,-9999,-9999,-9999,-9999,-9999,-9999,-9999,-9999,-9999,-9999,-9999
-9999,-9999,-9999,-9999,31.1514644622803,30.992395401001,32.3006134033203,36.6968879699707,40.4036979675293,40.4238319396973,40.2315788269043,40.5673141479492,40.5688133239746,39.8658676147461,39.0199661254883,-9999,-9999,-9999,-9999,-9999,-9999,-9999,-9999,-9999,-9999,-9999,-9999,-9999,-9999,-9999,-9999,-9999,-9999,-9999,-9999,-9999,-9999,-9999,-9999,-9999,-9999,-9999,-9999,-9999,-9999,-9999,-9999,-9999,-9999,-9999,-9999,-9999,-9999,-9999,-9999,-9999,-9999,-9999,-9999,-9999,-9999,-9999,-9999,-9999,-9999,-9999,-9999,-9999,-9999,-9999,-9999,-9999,-9999,-9999,-9999,-9999,-9999,-9999,-9999,-9999,-9999,-9999,-9999,-9999,-9999,-9999,-9999,-9999,-9999,-9999,-9999,-9999,-9999,-9999,-9999,-9999,-9999,35.3087539672852,35.5569877624512,35.5832557678223,35.6106185913086,35.6301040649414,35.6744232177734,35.7391128540039,35.7049942016602,35.5789375305176,31.72336769104,26.1519355773926,24.3376712799072,22.8730926513672,17.4765930175781,12.8240032196045,15.1465396881104,16.6581745147705,17.2611503601074,17.8124141693115,18.6841220855713,14.0443210601807,-9999,-9999,-9999,-9999,-9999,-9999,-9999,-9999,-9999,-9999,-9999,-9999,-9999
-9999,-9999,-9999,-9999,26.6765041351318,31.2172584533691,32.2868270874023,35.979808807373,38.9072608947754,39.12451171875,39.196117401123,40.0725021362305,40.3749694824219,39.5403823852539,-9999,-9999,-9999,-9999,-9999,-9999,-9999,-9999,-9999,-9999,-9999,-9999,-9999,-9999,-9999,-9999,-9999,-9999,-9999,-9999,-9999,-9999,-9999,-9999,-9999,-9999,-9999,-9999,-9999,-9999,-9999,-9999,-9999,-9999,-9999,-9999,-9999,-9999,-9999,-9999,-9999,-9999,-9999,-9999,-9999,-9999,-9999,-9999,-9999,-9999,-9999,-9999,-9999,-9999,-9999,-9999,-9999,-9999,-9999,-9999,-9999,-9999,-9999,-9999,-9999,-9999,-9999,-9999,-9999,-9999,-9999,-9999,-9999,-9999,-9999,-9999,-9999,-9999,-9999,-9999,-9999,-9999,-9999,34.8742446899414,35.140682220459,35.1817245483398,35.1788864135742,35.0942802429199,35.0901870727539,35.1643295288086,34.9931030273438,34.6683387756348,32.4674301147461,29.5041828155518,26.3630924224854,22.8991012573242,18.5440368652344,14.6479053497314,15.3607940673828,15.8275604248047,16.5265617370605,17.3312911987305,18.3681468963623,18.8915672302246,16.9822540283203,16.608642578125,-9999,-9999,-9999,-9999,-9999,-9999,-9999,-9999,-9999,-9999,-9999
-9999,-9999,-9999,-9999,29.2068710327148,31.3822574615479,32.6598281860352,34.3048858642578,35.9914741516113,36.6460800170898,37.3164329528809,39.029727935791,39.8637657165527,39.1833992004395,-9999,-9999,-9999,-9999,-9999,-9999,-9999,-9999,-9999,-9999,-9999,-9999,-9999,-9999,-9999,-9999,-9999,-9999,-9999,-9999,-9999,-9999,-9999,-9999,-9999,-9999,-9999,-9999,-9999,-9999,-9999,-9999,-9999,-9999,-9999,-9999,-9999,-9999,-9999,-9999,-9999,-9999,-9999,-9999,-9999,-9999,-9999,-9999,-9999,-9999,-9999,-9999,-9999,-9999,-9999,-9999,-9999,-9999,-9999,-9999,-9999,-9999,-9999,-9999,-9999,-9999,-9999,-9999,-9999,-9999,-9999,-9999,-9999,-9999,-9999,-9999,-9999,-9999,-9999,-9999,-9999,-9999,-9999,-9999,34.6925735473633,34.7732315063477,34.7815132141113,34.6649055480957,34.7425079345703,35.0093841552734,34.5555114746094,33.6369819641113,33.9436149597168,34.5343360900879,29.5814990997314,23.1478748321533,21.0303726196289,19.0414562225342,15.6980848312378,13.6705026626587,14.1413326263428,15.5304431915283,17.7587413787842,18.6916675567627,18.7527866363525,-9999,-9999,-9999,-9999,-9999,-9999,-9999,-9999,-9999,-9999,-9999,-9999
-9999,-9999,-9999,-9999,28.6596374511719,30.6982650756836,30.5190906524658,31.2192287445068,32.7191925048828,34.7367706298828,36.8937568664551,38.2736968994141,38.9628410339355,38.7342758178711,-9999,-9999,-9999,-9999,-9999,-9999,-9999,-9999,-9999,-9999,-9999,-9999,-9999,-9999,-9999,-9999,-9999,-9999,-9999,-9999,-9999,-9999,-9999,-9999,-9999,-9999,-9999,-9999,-9999,-9999,-9999,-9999,-9999,-9999,-9999,-9999,-9999,-9999,-9999,-9999,-9999,-9999,-9999,-9999,-9999,-9999,-9999,-9999,-9999,-9999,-9999,-9999,-9999,-9999,-9999,-9999,-9999,-9999,-9999,-9999,-9999,-9999,-9999,-9999,-9999,-9999,-9999,-9999,-9999,-9999,-9999,-9999,-9999,-9999,-9999,-9999,-9999,-9999,-9999,-9999,-9999,-9999,-9999,-9999,34.2842788696289,34.380428314209,34.401985168457,34.2958717346191,34.423656463623,34.7725028991699,34.5311889648438,33.9212799072266,34.7854995727539,35.9645309448242,30.6212978363037,23.351354598999,22.0171394348145,20.095085144043,15.4960670471191,12.2571220397949,12.5039148330688,13.8361835479736,16.8819580078125,23.4262390136719,31.7181758880615,29.8363399505615,34.4460220336914,-9999,-9999,-9999,-9999,-9999,-9999,-9999,-9999,-9999,-9999
-9999,-9999,-9999,-9999,-9999,22.0848407745361,28.0156574249268,29.2370491027832,28.6860427856445,33.1669158935547,36.8261871337891,37.4902305603027,37.8515510559082,38.2369194030762,-9999,-9999,-9999,-9999,-9999,-9999,-9999,-9999,-9999,-9999,-9999,-9999,-9999,-9999,-9999,-9999,-9999,-9999,-9999,-9999,-9999,-9999,-9999,-9999,-9999,-9999,-9999,-9999,-9999,-9999,-9999,-9999,-9999,-9999,-9999,-9999,-9999,-9999,-9999,-9999,-9999,-9999,-9999,-9999,-9999,-9999,-9999,-9999,-9999,-9999,-9999,-9999,-9999,-9999,-9999,-9999,-9999,-9999,-9999,-9999,-9999,-9999,-9999,-9999,-9999,-9999,-9999,-9999,-9999,-9999,-9999,-9999,-9999,-9999,-9999,-9999,-9999,-9999,-9999,-9999,-9999,-9999,-9999,-9999,33.8899230957031,33.9913864135742,34.0275077819824,33.9549446105957,34.1170501708984,34.4975471496582,34.6908493041992,34.7629508972168,35.4282035827637,36.1130142211914,30.7855358123779,23.7788715362549,22.0440578460693,19.8787288665771,14.96799659729,10.9604291915894,10.6282529830933,12.235034942627,16.1604709625244,23.0928573608398,31.6815605163574,34.4625549316406,35.4906234741211,32.1271209716797,-9999,-9999,-9999,-9999,-9999,-9999,-9999,-9999,-9999
-9999,-9999,-9999,-9999,-9999,25.1298122406006,26.440486907959,26.2245635986328,27.6611213684082,32.9331588745117,36.8094100952148,37.169979095459,37.5504455566406,38.0390319824219,-9999,-9999,-9999,-9999,-9999,-9999,-9999,-9999,-9999,-9999,-9999,-9999,-9999,-9999,-9999,-9999,-9999,-9999,-9999,-9999,-9999,-9999,-9999,-9999,-9999,-9999,-9999,-9999,-9999,-9999,-9999,-9999,-9999,-9999,-9999,-9999,-9999,-9999,-9999,-9999,-9999,-9999,-9999,-9999,-9999,-9999,-9999,-9999,-9999,-9999,-9999,-9999,-9999,-9999,-9999,-9999,-9999,-9999,-9999,-9999,-9999,-9999,-9999,-9999,-9999,-9999,-9999,-9999,-9999,-9999,-9999,-9999,-9999,-9999,-9999,-9999,-9999,-9999,-9999,-9999,-9999,-9999,-9999,-9999,33.5023765563965,33.6116409301758,33.6663513183594,33.637996673584,33.7804565429688,34.0767707824707,34.2809524536133,34.4137878417969,35.1190490722656,35.836784362793,30.7824363708496,24.0415134429932,22.3465309143066,20.1056079864502,14.6863279342651,10.9508857727051,11.5739431381226,13.4745416641235,16.9688491821289,22.4165172576904,28.8974380493164,33.20654296875,37.1490135192871,38.0131759643555,-9999,-9999,-9999,-9999,-9999,-9999,-9999,-9999,-9999
-9999,-9999,-9999,-9999,-9999,25.1059722900391,25.1578540802002,26.072021484375,27.4189720153809,32.7785148620605,36.8896598815918,37.1181564331055,37.4206085205078,37.9047431945801,-9999,-9999,-9999,-9999,-9999,-9999,-9999,-9999,-9999,-9999,-9999,-9999,-9999,-9999,-9999,-9999,-9999,-9999,-9999,-9999,-9999,-9999,-9999,-9999,-9999,-9999,-9999,-9999,-9999,-9999,-9999,-9999,-9999,-9999,-9999,-9999,-9999,-9999,-9999,-9999,-9999,-9999,-9999,-9999,-9999,-9999,-9999,-9999,-9999,-9999,-9999,-9999,-9999,-9999,-9999,-9999,-9999,-9999,-9999,-9999,-9999,-9999,-9999,-9999,-9999,-9999,-9999,-9999,-9999,-9999,-9999,-9999,-9999,-9999,-9999,-9999,-9999,-9999,-9999,-9999,-9999,-9999,-9999,-9999,-9999,33.2293243408203,33.3044357299805,33.3244667053223,33.4355621337891,33.6241607666016,33.7460708618164,33.8049583435059,34.6414413452148,35.513355255127,30.7185974121094,24.2996673583984,22.6337947845459,20.2912616729736,14.7015562057495,10.8826913833618,13.0812463760376,15.4092569351196,18.4017295837402,21.9663314819336,25.9679527282715,31.3607406616211,36.8159523010254,38.3197326660156,-9999,-9999,-9999,-9999,-9999,-9999,-9999,-9999,-9999
-9999,-9999,-9999,-9999,-9999,-9999,24.2704029083252,24.8399543762207,25.6449947357178,31.9803276062012,36.3979187011719,36.8403854370117,37.1703491210938,-9999,-9999,-9999,-9999,-9999,-9999,-9999,-9999,-9999,-9999,-9999,-9999,-9999,-9999,-9999,-9999,-9999,-9999,-9999,-9999,-9999,-9999,-9999,-9999,-9999,-9999,-9999,-9999,-9999,-9999,-9999,-9999,-9999,-9999,-9999,-9999,-9999,-9999,-9999,-9999,-9999,-9999,-9999,-9999,-9999,-9999,-9999,-9999,-9999,-9999,-9999,-9999,-9999,-9999,-9999,-9999,-9999,-9999,-9999,-9999,-9999,-9999,-9999,-9999,-9999,-9999,-9999,-9999,-9999,-9999,-9999,-9999,-9999,-9999,-9999,-9999,-9999,-9999,-9999,-9999,-9999,-9999,-9999,-9999,-9999,-9999,32.95947265625,33.0599212646484,33.1201820373535,33.2197380065918,33.3474006652832,33.6686706542969,34.0820236206055,34.6042594909668,35.0046501159668,30.4706935882568,24.5794944763184,22.9742565155029,21.081090927124,17.8788089752197,14.9435787200928,13.8153305053711,13.3696746826172,14.9063310623169,19.4143161773682,25.5082530975342,29.4969940185547,33.0561485290527,34.2744407653809,-9999,-9999,-9999,-9999,-9999,-9999,-9999,-9999,-9999
-9999,-9999,-9999,-9999,-9999,-9999,22.8016719818115,22.596019744873,24.7590103149414,31.2923545837402,36.0476303100586,36.5544586181641,36.9060707092285,-9999,-9999,-9999,-9999,-9999,-9999,-9999,-9999,-9999,-9999,-9999,-9999,-9999,-9999,-9999,-9999,-9999,-9999,-9999,-9999,-9999,-9999,-9999,-9999,-9999,-9999,-9999,-9999,-9999,-9999,-9999,-9999,-9999,-9999,-9999,-9999,-9999,-9999,-9999,-9999,-9999,-9999,-9999,-9999,-9999,-9999,-9999,-9999,-9999,-9999,-9999,-9999,-9999,-9999,-9999,-9999,-9999,-9999,-9999,-9999,-9999,-9999,-9999,-9999,-9999,-9999,-9999,-9999,-9999,-9999,-9999,-9999,-9999,-9999,-9999,-9999,-9999,-9999,-9999,-9999,-9999,-9999,-9999,-9999,-9999,-9999,32.7031898498535,32.8261909484863,32.9174194335938,33.0052528381348,33.0822830200195,33.5908584594727,34.3324508666992,34.552864074707,34.5076675415039,30.2496223449707,24.8342742919922,23.3544521331787,21.8449649810791,20.6881351470947,18.5684337615967,14.0320158004761,11.325138092041,11.4545812606812,16.4872436523438,25.1668262481689,27.5818157196045,28.0314388275146,23.9569969177246,17.5890464782715,15.9782953262329,-9999,-9999,-9999,-9999,-9999,-9999,-9999
-9999,-9999,-9999,-9999,-9999,-9999,21.5608100891113,21.8476066589355,23.0535774230957,30.2430591583252,35.2841033935547,36.0108108520508,36.6264572143555,-9999,-9999,-9999,-9999,-9999,-9999,-9999,-9999,-9999,-9999,-9999,-9999,-9999,-9999,-9999,-9999,-9999,-9999,-9999,-9999,-9999,-9999,-9999,-9999,-9999,-9999,-9999,-9999,-9999,-9999,-9999,-9999,-9999,-9999,-9999,-9999,-9999,-9999,-9999,-9999,-9999,-9999,-9999,-9999,-9999,-9999,-9999,-9999,-9999,-9999,-9999,-9999,-9999,-9999,-9999,-9999,-9999,-9999,-9999,-9999,-9999,-9999,-9999,-9999,-9999,-9999,-9999,-9999,-9999,-9999,-9999,-9999,-9999,-9999,-9999,-9999,-9999,-9999,-9999,-9999,-9999,-9999,-9999,-9999,-9999,-9999,32.5693130493164,32.6628570556641,32.6877021789551,32.7482223510742,32.8319244384766,33.3209648132324,34.0310020446777,34.2593612670898,34.2688522338867,30.1618766784668,24.9708442687988,23.6086025238037,22.2222881317139,20.955322265625,18.7452850341797,13.9535703659058,11.6204710006714,12.976300239563,15.9047861099243,20.8464813232422,21.7485446929932,21.4976139068604,19.6004981994629,17.1408214569092,13.5598459243774,8.15826225280762,-9999,-9999,-9999,-9999,-9999,-9999
-9999,-9999,-9999,-9999,-9999,-9999,-9999,-9999,-9999,-9999,-9999,-9999,-9999,-9999,-9999,-9999,-9999,-9999,-9999,-9999,-9999,-9999,-9999,-9999,-9999,-9999,-9999,-9999,-9999,-9999,-9999,-9999,-9999,-9999,-9999,-9999,-9999,-9999,-9999,-9999,-9999,-9999,-9999,-9999,-9999,-9999,-9999,-9999,-9999,-9999,-9999,-9999,-9999,-9999,-9999,-9999,-9999,-9999,-9999,-9999,-9999,-9999,-9999,-9999,-9999,-9999,-9999,-9999,-9999,-9999,-9999,-9999,-9999,-9999,-9999,-9999,-9999,-9999,-9999,-9999,-9999,-9999,-9999,-9999,-9999,-9999,-9999,-9999,-9999,-9999,-9999,-9999,-9999,-9999,-9999,-9999,-9999,-9999,-9999,-9999,32.4878730773926,32.4580001831055,32.5015754699707,32.6039390563965,33.086799621582,33.777416229248,33.9936561584473,33.9829711914063,30.5935440063477,26.3880100250244,24.4792671203613,22.5656452178955,21.2534809112549,18.9068870544434,13.7944688796997,11.4795799255371,13.6454486846924,15.1489915847778,16.3062782287598,15.8081178665161,14.7457113265991,14.8550586700439,15.9687538146973,9.98919868469238,7.64880800247192,3.05041122436523,-9999,-9999,-9999,-9999,-9999
-9999,-9999,-9999,-9999,-9999,-9999,-9999,-9999,-9999,-9999,-9999,-9999,-9999,-9999,-9999,-9999,-9999,-9999,-9999,-9999,-9999,-9999,-9999,-9999,-9999,-9999,-9999,-9999,-9999,-9999,-9999,-9999,-9999,-9999,-9999,-9999,-9999,-9999,-9999,-9999,-9999,-9999,-9999,-9999,-9999,-9999,-9999,-9999,-9999,-9999,-9999,-9999,-9999,-9999,-9999,-9999,-9999,-9999,-9999,-9999,-9999,-9999,-9999,-9999,-9999,-9999,-9999,-9999,-9999,-9999,-9999,-9999,-9999,-9999,-9999,-9999,-9999,-9999,-9999,-9999,-9999,-9999,-9999,-9999,-9999,-9999,-9999,-9999,-9999,-9999,-9999,-9999,-9999,-9999,-9999,-9999,-9999,-9999,-9999,-9999,32.2765998840332,32.2353439331055,32.3039588928223,32.4698905944824,32.992561340332,33.7070579528809,33.8784141540527,33.8129348754883,33.0313148498535,32.0416870117188,27.430513381958,22.8284320831299,21.5777969360352,19.1949291229248,13.9440841674805,11.4713754653931,13.2209320068359,13.6504230499268,13.3838863372803,12.0709438323975,10.2447080612183,9.89462852478027,9.81535625457764,6.84013748168945,3.18505072593689,3.25762701034546,2.76936960220337,-9999,-9999,-9999,-9999
-9999,-9999,-9999,-9999,-9999,-9999,-9999,-9999,-9999,-9999,-9999,-9999,-9999,-9999,-9999,-9999,-9999,-9999,-9999,-9999,-9999,-9999,-9999,-9999,-9999,-9999,-9999,-9999,-9999,-9999,-9999,-9999,-9999,-9999,-9999,-9999,-9999,-9999,-9999,-9999,-9999,-9999,-9999,-9999,-9999,-9999,-9999,-9999,-9999,-9999,-9999,-9999,-9999,-9999,-9999,-9999,-9999,-9999,-9999,-9999,-9999,-9999,-9999,-9999,-9999,-9999,-9999,-9999,-9999,-9999,-9999,-9999,-9999,-9999,-9999,-9999,-9999,-9999,-9999,-9999,-9999,-9999,-9999,-9999,-9999,-9999,-9999,-9999,-9999,-9999,-9999,-9999,-9999,-9999,-9999,-9999,-9999,-9999,-9999,-9999,32.0835494995117,32.0547370910645,32.1454238891602,32.3581657409668,32.7987289428711,33.3610153198242,33.6156463623047,33.702751159668,34.5354690551758,35.2510147094727,29.270751953125,23.060791015625,21.8530120849609,19.4150505065918,14.1267242431641,11.53053855896,12.5415668487549,12.3458938598633,10.9433679580688,9.16222763061523,7.32990026473999,6.17109775543213,5.08448123931885,4.27797842025757,3.48370409011841,2.73035407066345,2.5138635635376,-9999,-9999,-9999,-9999
-9999,-9999,-9999,-9999,-9999,-9999,-9999,-9999,-9999,-9999,-9999,-9999,-9999,-9999,-9999,-9999,-9999,-9999,-9999,-9999,-9999,-9999,-9999,-9999,-9999,-9999,-9999,-9999,-9999,-9999,-9999,-9999,-9999,-9999,-9999,-9999,-9999,-9999,-9999,-9999,-9999,-9999,-9999,-9999,-9999,-9999,-9999,-9999,-9999,-9999,-9999,-9999,-9999,-9999,-9999,-9999,-9999,-9999,-9999,-9999,-9999,-9999,-9999,-9999,-9999,-9999,-9999,-9999,-9999,-9999,-9999,-9999,-9999,-9999,-9999,-9999,-9999,-9999,-9999,-9999,-9999,-9999,-9999,-9999,-9999,-9999,-9999,-9999,-9999,-9999,-9999,-9999,-9999,-9999,-9999,-9999,-9999,-9999,-9999,-9999,-9999,31.9518852233887,32.0712089538574,32.2940406799316,32.414794921875,32.4727821350098,33.0562782287598,33.6966209411621,34.5985298156738,35.3174285888672,29.4078006744385,23.2809963226318,22.1680507659912,19.9331741333008,14.5753412246704,11.6278991699219,12.42271900177,11.5861530303955,9.53830718994141,8.45947074890137,7.97079467773438,6.32150363922119,3.81727266311646,3.36374068260193,2.8760347366333,2.50893497467041,2.26251673698425,-9999,-9999,3.34093689918518,3.34643864631653
-9999,-9999,-9999,-9999,-9999,-9999,-9999,-9999,-9999,-9999,-9999,-9999,-9999,-9999,-9999,-9999,-9999,-9999,-9999,-9999,-9999,-9999,-9999,-9999,-9999,-9999,-9999,-9999,-9999,-9999,-9999,-9999,-9999,-9999,-9999,-9999,-9999,-9999,-9999,-9999,-9999,-9999,-9999,-9999,-9999,-9999,-9999,-9999,-9999,-9999,-9999,-9999,-9999,-9999,-9999,-9999,-9999,-9999,-9999,-9999,-9999,-9999,-9999,-9999,-9999,-9999,-9999,-9999,-9999,-9999,-9999,-9999,-9999,-9999,-9999,-9999,-9999,-9999,-9999,-9999,-9999,-9999,-9999,-9999,-9999,-9999,-9999,-9999,-9999,-9999,-9999,-9999,-9999,-9999,-9999,-9999,-9999,-9999,-9999,-9999,-9999,-9999,32.0150680541992,32.1911392211914,32.1466636657715,31.9602718353271,32.6810111999512,33.5652275085449,34.5620651245117,35.3622283935547,29.5813865661621,23.3084716796875,20.2114906311035,16.7558994293213,12.5981645584106,10.1714859008789,10.8650989532471,9.76308345794678,7.57660722732544,6.89552021026611,7.05176305770874,5.60627460479736,3.08287048339844,3.01125931739807,2.81474184989929,2.70286226272583,2.70578050613403,3.12991809844971,3.36760687828064,3.30365872383118,3.37436175346375
-9999,-9999,-9999,-9999,-9999,-9999,-9999,-9999,-9999,-9999,-9999,-9999,-9999,-9999,-9999,-9999,-9999,-9999,-9999,-9999,-9999,-9999,-9999,-9999,-9999,-9999,-9999,-9999,-9999,-9999,-9999,-9999,-9999,-9999,-9999,-9999,-9999,-9999,-9999,-9999,-9999,-9999,-9999,-9999,-9999,-9999,-9999,-9999,-9999,-9999,-9999,-9999,-9999,-9999,-9999,-9999,-9999,-9999,-9999,-9999,-9999,-9999,-9999,-9999,-9999,-9999,-9999,-9999,-9999,-9999,-9999,-9999,-9999,-9999,-9999,-9999,-9999,-9999,-9999,-9999,-9999,-9999,-9999,-9999,-9999,-9999,-9999,-9999,-9999,-9999,-9999,-9999,-9999,-9999,-9999,-9999,-9999,-9999,-9999,-9999,-9999,-9999,-9999,32.0478706359863,32.0094566345215,31.891414642334,32.5030517578125,33.2139587402344,34.4305000305176,35.4385108947754,29.876895904541,23.2290744781494,15.386079788208,8.95007419586182,7.85038042068481,7.32848882675171,7.63165807723999,6.75758695602417,4.71118402481079,4.04471683502197,4.2277889251709,3.71625757217407,3.3472728729248,3.3587760925293,3.39682745933533,3.35048770904541,3.26037430763245,3.25225615501404,3.17542767524719,2.99070620536804,2.79212355613708
-9999,-9999,-9999,-9999,-9999,-9999,-9999,-9999,-9999,-9999,-9999,-9999,-9999,-9999,-9999,-9999,-9999,-9999,-9999,-9999,-9999,-9999,-9999,-9999,-9999,-9999,-9999,-9999,-9999,-9999,-9999,-9999,-9999,-9999,-9999,-9999,-9999,-9999,-9999,-9999,-9999,-9999,-9999,-9999,-9999,-9999,-9999,-9999,-9999,-9999,-9999,-9999,-9999,-9999,-9999,-9999,-9999,-9999,-9999,-9999,-9999,-9999,-9999,-9999,-9999,-9999,-9999,-9999,-9999,-9999,-9999,-9999,-9999,-9999,-9999,-9999,-9999,-9999,-9999,-9999,-9999,-9999,-9999,-9999,-9999,-9999,-9999,-9999,-9999,-9999,-9999,-9999,-9999,-9999,-9999,-9999,-9999,-9999,-9999,-9999,-9999,-9999,-9999,31.91237449646,31.9597873687744,32.033088684082,32.390209197998,32.7469635009766,33.8796348571777,34.8976020812988,29.7538719177246,23.3315200805664,13.6527528762817,6.19204998016357,6.62360763549805,6.75785636901855,6.92899894714355,5.9939284324646,3.53055572509766,2.77367639541626,2.87999582290649,3.17303609848022,3.15172910690308,3.25647163391113,3.29446458816528,3.30449390411377,3.29227924346924,2.94793200492859,4.49601173400879,9.47702312469482,15.0137062072754
-9999,-9999,-9999,-9999,-9999,-9999,-9999,-9999,-9999,-9999,-9999,-9999,-9999,-9999,-9999,-9999,-9999,-9999,-9999,-9999,-9999,-9999,-9999,-9999,-9999,-9999,-9999,-9999,-9999,-9999,-9999,-9999,-9999,-9999,-9999,-9999,-9999,-9999,-9999,-9999,-9999,-9999,-9999,-9999,-9999,-9999,-9999,-9999,-9999,-9999,-9999,-9999,-9999,-9999,-9999,-9999,-9999,-9999,-9999,-9999,-9999,-9999,-9999,-9999,-9999,-9999,-9999,-9999,-9999,-9999,-9999,-9999,-9999,-9999,-9999,-9999,-9999,-9999,-9999,-9999,-9999,-9999,-9999,-9999,-9999,-9999,-9999,-9999,-9999,-9999,-9999,-9999,-9999,-9999,-9999,-9999,-9999,-9999,-9999,-9999,-9999,-9999,-9999,-9999,31.9819355010986,32.3128356933594,32.462028503418,32.5006713867188,33.0580596923828,33.9276351928711,29.3589630126953,22.9577922821045,13.3169794082642,6.51196050643921,7.27131509780884,7.34243202209473,7.57591819763184,6.64484357833862,3.78173685073853,2.56420564651489,2.65456223487854,2.65556788444519,2.72127342224121,2.46645355224609,2.47539067268372,2.47210621833801,2.41541314125061,2.11966061592102,6.64839315414429,20.1769523620605,30.8262729644775
-9999,-9999,-9999,-9999,-9999,-9999,-9999,-9999,-9999,-9999,-9999,-9999,-9999,-9999,-9999,-9999,-9999,-9999,-9999,-9999,-9999,-9999,-9999,-9999,-9999,-9999,-9999,-9999,-9999,-9999,-9999,-9999,-9999,-9999,-9999,-9999,-9999,-9999,-9999,-9999,-9999,-9999,-9999,-9999,-9999,-9999,-9999,-9999,-9999,-9999,-9999,-9999,-9999,-9999,-9999,-9999,-9999,-9999,-9999,-9999,-9999,-9999,-9999,-9999,-9999,-9999,-9999,-9999,-9999,-9999,-9999,-9999,-9999,-9999,-9999,-9999,-9999,-9999,-9999,-9999,-9999,-9999,-9999,-9999,-9999,-9999,-9999,-9999,-9999,-9999,-9999,-9999,-9999,-9999,-9999,-9999,-9999,-9999,-9999,-9999,-9999,-9999,-9999,-9999,-9999,-9999,32.219841003418,32.1249237060547,32.6804504394531,33.238826751709,30.3463191986084,25.8059577941895,18.7948246002197,13.2978000640869,11.558611869812,10.5234975814819,10.7014694213867,9.77842807769775,8.08430576324463,8.66506767272949,11.0292940139771,11.2017498016357,10.4261846542358,12.1580924987793,14.2222166061401,15.6513338088989,16.6094207763672,16.0748710632324,18.3786869049072,26.1986198425293,32.67138671875
-9999,-9999,-9999,-9999,-9999,-9999,-9999,-9999,-9999,-9999,-9999,-9999,-9999,-9999,-9999,-9999,-9999,-9999,-9999,-9999,-9999,-9999,-9999,-9999,-9999,-9999,-9999,-9999,-9999,-9999,-9999,-9999,-9999,-9999,-9999,-9999,-9999,-9999,-9999,-9999,-9999,-9999,-9999,-9999,-9999,-9999,-9999,-9999,-9999,-9999,-9999,-9999,-9999,-9999,-9999,-9999,-9999,-9999,-9999,-9999,-9999,-9999,-9999,-9999,-9999,-9999,-9999,-9999,-9999,-9999,-9999,-9999,-9999,-9999,-9999,-9999,-9999,-9999,-9999,-9999,-9999,-9999,-9999,-9999,-9999,-9999,-9999,-9999,-9999,-9999,-9999,-9999,-9999,-9999,-9999,-9999,-9999,-9999,-9999,-9999,-9999,-9999,-9999,-9999,-9999,-9999,-9999,-9999,31.9202423095703,32.1757850646973,31.8862915039063,31.1844520568848,27.6095294952393,23.1732406616211,17.7361087799072,14.8100700378418,15.3759822845459,15.4836454391479,14.4700269699097,17.6567211151123,22.5828113555908,22.8829536437988,22.0358047485352,24.8086738586426,27.6539726257324,29.9282112121582,31.587459564209,31.0125598907471,30.6061401367188,30.5794944763184,-9999
-9999,-9999,-9999,-9999,-9999,-9999,-9999,-9999,-9999,-9999,-9999,-9999,-9999,-9999,-9999,-9999,-9999,-9999,-9999,-9999,-9999,-9999,-9999,-9999,-9999,-9999,-9999,-9999,-9999,-9999,-9999,-9999,-9999,-9999,-9999,-9999,-9999,-9999,-9999,-9999,-9999,-9999,-9999,-9999,-9999,-9999,-9999,-9999,-9999,-9999,-9999,-9999,-9999,-9999,-9999,-9999,-9999,-9999,-9999,-9999,-9999,-9999,-9999,-9999,-9999,-9999,-9999,-9999,-9999,-9999,-9999,-9999,-9999,-9999,-9999,-9999,-9999,-9999,-9999,-9999,-9999,-9999,-9999,-9999,-9999,-9999,-9999,-9999,-9999,-9999,-9999,-9999,-9999,-9999,-9999,-9999,-9999,-9999,-9999,-9999,-9999,-9999,-9999,-9999,-9999,-9999,-9999,-9999,-9999,-9999,31.6556663513184,31.4529342651367,29.6281318664551,27.4883499145508,24.587516784668,22.8282051086426,22.9557723999023,22.7789840698242,22.3317527770996,23.9943180084229,26.5822658538818,26.7832984924316,26.383918762207,27.8584842681885,29.4075298309326,30.6913089752197,31.6414604187012,31.2542457580566,-9999,-9999,-9999
-9999,-9999,-9999,-9999,-9999,-9999,-9999,-9999,-9999,-9999,-9999,-9999,-9999,-9999,-9999,-9999,-9999,-9999,-9999,-9999,-9999,-9999,-9999,-9999,-9999,-9999,-9999,-9999,-9999,-9999,-9999,-9999,-9999,-9999,-9999,-9999,-9999,-9999,-9999,-9999,-9999,-9999,-9999,-9999,-9999,-9999,-9999,-9999,-9999,-9999,-9999,-9999,-9999,-9999,-9999,-9999,-9999,-9999,-9999,-9999,-9999,-9999,-9999,-9999,-9999,-9999,-9999,-9999,-9999,-9999,-9999,-9999,-9999,-9999,-9999,-9999,-9999,-9999,-9999,-9999,-9999,-9999,-9999,-9999,-9999,-9999,-9999,-9999,-9999,-9999,-9999,-9999,-9999,-9999,-9999,-9999,-9999,-9999,-9999,-9999,-9999,-9999,-9999,-9999,-9999,-9999,-9999,-9999,-9999,-9999,-9999,-9999,-9999,-9999,-9999,-9999,-9999,-9999,-9999,-9999,-9999,-9999,-9999,-9999,-9999,-9999,-9999,-9999,-9999,-9999,-9999
-9999,-9999,-9999,-9999,-9999,-9999,-9999,-9999,-9999,-9999,-9999,-9999,-9999,-9999,-9999,-9999,-9999,-9999,-9999,-9999,-9999,-9999,-9999,-9999,-9999,-9999,-9999,-9999,-9999,-9999,-9999,-9999,-9999,-9999,-9999,-9999,-9999,-9999,-9999,-9999,-9999,-9999,-9999,-9999,-9999,-9999,-9999,-9999,-9999,-9999,-9999,-9999,-9999,-9999,-9999,-9999,-9999,-9999,-9999,-9999,-9999,-9999,-9999,-9999,-9999,-9999,-9999,-9999,-9999,-9999,-9999,-9999,-9999,-9999,-9999,-9999,-9999,-9999,-9999,-9999,-9999,-9999,-9999,-9999,-9999,-9999,-9999,-9999,-9999,-9999,-9999,-9999,-9999,-9999,-9999,-9999,-9999,-9999,-9999,-9999,-9999,-9999,-9999,-9999,-9999,-9999,-9999,-9999,-9999,-9999,-9999,-9999,-9999,-9999,-9999,-9999,-9999,-9999,-9999,-9999,-9999,-9999,-9999,-9999,-9999,-9999,-9999,-9999,-9999,-9999,-9999

Step,265
Year,22.08333
-9999,-9999,-9999,-9999,-9999,-9999,-9999,-9999,-9999,-9999,-9999,-9999,-9999,-9999,-9999,-9999,-9999,-9999,-9999,-9999,-9999,-9999,-9999,-9999,-9999,-9999,-9999,-9999,-9999,-9999,-9999,-9999,-9999,-9999,-9999,-9999,-9999,-9999,-9999,-9999,-9999,-9999,-9999,-9999,-9999,-9999,-9999,-9999,-9999,-9999,-9999,-9999,-9999,-9999,-9999,-9999,-9999,-9999,-9999,-9999,-9999,-9999,-9999,-9999,-9999,-9999,-9999,-9999,-9999,-9999,-9999,-9999,-9999,-9999,-9999,-9999,-9999,-9999,-9999,-9999,-9999,-9999,-9999,-9999,-9999,-9999,-9999,-9999,-9999,-9999,-9999,-9999,-9999,-9999,-9999,-9999,-9999,-9999,-9999,-9999,-9999,-9999,-9999,-9999,-9999,-9999,-9999,-9999,-9999,-9999,-9999,-9999,-9999,-9999,-9999,-9999,-9999,-9999,-9999,-9999,-9999,-9999,-9999,-9999,-9999,-9999,-9999,-9999,-9999,-9999,-9999
-9999,-9999,-9999,-9999,-9999,-9999,-9999,-9999,-9999,-9999,-9999,-9999,-9999,-9999,-9999,-9999,-9999,-9999,-9999,-9999,-9999,-9999,-9999,-9999,-9999,-9999,-9999,-9999,-9999,-9999,-9999,-9999,-9999,-9999,-9999,-9999,-9999,-9999,-9999,-9999,-9999,-9999,-9999,-9999,-9999,-9999,-9999,-9999,-9999,-9999,-9999,-9999,-9999,-9999,-9999,-9999,-9999,-9999,-9999,-9999,-9999,-9999,-9999,-9999,-9999,-9999,-9999,-9999,-9999,-9999,-9999,-9999,-9999,-9999,-9999,-9999,-9999,-9999,-9999,-9999,-9999,-9999,-9999,-9999,-9999,-9999,-9999,-9999,-9999,-9999,-9999,-9999,-9999,-9999,-9999,-9999,-9999,-9999,-9999,-9999,-9999,-9999,-9999,-9999,-9999,-9999,-9999,-9999,-9999,-9999,-9999,-9999,-9999,-9999,-9999,-9999,-9999,-9999,-9999,-9999,-9999,-9999,-9999,-9999,-9999,-9999,-9999,-9999,-9999,-9999,-9999
-9999,-9999,-9999,-9999,-9999,-9999,-9999,-9999,-9999,-9999,-9999,-9999,-9999,-9999,-9999,-9999,-9999,-9999,-9999,-9999,-9999,-9999,-9999,-9999,-9999,-9999,-9999,-9999,-9999,-9999,-9999,-9999,-9999,-9999,-9999,-9999,-9999,-9999,-9999,-9999,-9999,-9999,-9999,-9999,-9999,-9999,-9999,-9999,-9999,-9999,-9999,-9999,-9999,-9999,-9999,-9999,-9999,-9999,-9999,-9999,-9999,-9999,-9999,-9999,-9999,-9999,-9999,-9999,-9999,-9999,-9999,-9999,-9999,-9999,37.1457061767578,37.8743019104004,-9999,-9999,-9999,-9999,-9999,-9999,-9999,-9999,-9999,-9999,-9999,-9999,-9999,-9999,-9999,-9999,-9999,-9999,-9999,-9999,-9999,-9999,-9999,-9999,-9999,-9999,-9999,-9999,-9999,-9999,-9999,-9999,-9999,-9999,-9999,-9999,-9999,-9999,-9999,-9999,-9999,-9999,-9999,-9999,-9999,-9999,-9999,-9999,-9999,-9999,-9999,-9999,-9999,-9999,-9999
-9999,-9999,-9999,-9999,-9999,-9999,-9999,-9999,-9999,-9999,-9999,-9999,-9999,-9999,-9999,-9999,-9999,-9999,-9999,-9999,-9999,-9999,-9999,-9999,-9999,-9999,-9999,-9999,-9999,-9999,-9999,-9999,-9999,-9999,-9999,-9999,-9999,-9999,-9999,-9999,-9999,-9999,-9999,-9999,-9999,-9999,-9999,-9999,-9999,-9999,-9999,-9999,-9999,-9999,-9999,-9999,-9999,-9999,-9999,-9999,-9999,-9999,-9999,-9999,-9999,-9999,-9999,-9999,-9999,-9999,-9999,-9999,-9999,-9999,38.2045974731445,37.7551956176758,-9999,-9999,-9999,-9999,-9999,-9999,-9999,-9999,-9999,-9999,-9999,-9999,-9999,-9999,-9999,-9999,-9999,-9999,-9999,-9999,-9999,-9999,-9999,-9999,-9999,-9999,-9999,-9999,-9999,-9999,-9999,-9999,-9999,-9999,-9999,-9999,-9999,-9999,-9999,-9999,-9999,-9999,-9999,-9999,-9999,-9999,-9999,-9999,-9999,-9999,-9999,-9999,-9999,-9999,-9999
-9999,-9999,-9999,-9999,-9999,-9999,-9999,-9999,-9999,-9999,-9999,-9999,-9999,-9999,-9999,-9999,-9999,-9999,-9999,-9999,-9999,-9999,-9999,-9999,-9999,-9999,-9999,-9999,-9999,-9999,-9999,-9999,-9999,-9999,-9999,-9999,-9999,-9999,-9999,-9999,-9999,-9999,-9999,-9999,-9999,-9999,-9999,-9999,-9999,-9999,-9999,-9999,-9999,-9999,-9999,-9999,6.17486368027081E-13,1.09003179815659E-08,1.08167936829773E-08,1.08019353461941E-08,-9999,-9999,-9999,-9999,-9999,38.6632118225098,38.5323677062988,39.4510726928711,39.5475006103516,37.3699607849121,35.8245048522949,32.7012405395508,32.453197479248,31.9583015441895,35.5705833435059,34.4325180053711,32.9502487182617,-9999,-9999,25.2123279571533,23.8640842437744,23.0260047912598,23.6111068725586,30.3949317932129,33.5369338989258,35.5166091918945,35.4546165466309,33.1480979919434,24.9464073181152,-9999,-9999,-9999,-9999,-9999,-9999,-9999,-9999,-9999,-9999,-9999,-9999,-9999,-9999,-9999,-9999,-9999,-9999,-9999,-9999,-9999,-9999,-9999,-9999,-9999,-9999,-9999,-9999,-9999,-9999,-9999,-9999,-9999,-9999,-9999,-9999,-9999,-9999,-9999,-9999,-9999,-9999
-9999,-9999,-9999,-9999,-9999,-9999,-9999,-9999,-9999,-9999,-9999,-9999,-9999,-9999,-9999,-9999,-9999,-9999,-9999,-9999,-9999,-9999,-9999,-9999,-9999,-9999,-9999,-9999,-9999,-9999,-9999,-9999,-9999,-9999,-9999,-9999,-9999,-9999,-9999,-9999,-9999,-9999,-9999,-9999,-9999,-9999,-9999,-9999,-9999,-9999,-9999,-9999,-9999,-9999,-9999,7.13166938698384E-13,2.48466953678417E-08,0.000671663321554661,0.000667931279167533,0.000667256070300937,0.00136913475580513,44.7414283752441,-9999,44.0498657226563,42.2497825622559,41.7433204650879,41.429630279541,40.1612319946289,40.205207824707,39.5095634460449,36.2036437988281,35.3044548034668,36.012508392334,34.9679489135742,34.5947799682617,35.0479736328125,33.7636909484863,33.380184173584,32.1569900512695,29.6397399902344,26.4538383483887,23.6689834594727,26.6772842407227,29.831298828125,34.1002426147461,36.3605346679688,36.1903076171875,34.1474876403809,28.5909042358398,22.5144557952881,15.9376983642578,-9999,-9999,-9999,-9999,-9999,-9999,-9999,-9999,-9999,-9999,-9999,-9999,-9999,-9999,-9999,-9999,-9999,-9999,-9999,-9999,-9999,-9999,-9999,-9999,-9999,-9999,-9999,-9999,-9999,-9999,-9999,-9999,-9999,-9999,-9999,-9999,-9999,-9999,-9999,-9999
-9999,-9999,-9999,-9999,-9999,-9999,-9999,-9999,-9999,-9999,-9999,-9999,-9999,-9999,-9999,-9999,-9999,-9999,-9999,-9999,-9999,-9999,-9999,-9999,-9999,-9999,-9999,-9999,-9999,-9999,-9999,-9999,-9999,-9999,-9999,-9999,-9999,-9999,-9999,-9999,-9999,-9999,-9999,-9999,-9999,-9999,-9999,-9999,-9999,-9999,-9999,-9999,-9999,-9999,-9999,1.44824889858342E-08,0.000772408675402403,45.8885498046875,45.831371307373,45.8824043273926,46.0376091003418,45.3996353149414,44.6274566650391,44.5884742736816,42.6813201904297,41.8875350952148,40.7732162475586,40.4560089111328,39.8225135803223,38.452995300293,37.4402885437012,37.0808372497559,36.7782783508301,36.4931945800781,36.0748825073242,35.7146377563477,34.8220176696777,33.6584281921387,31.9486217498779,29.5753650665283,26.6813468933105,23.9121932983398,27.3161697387695,31.9547691345215,35.9432029724121,38.0925140380859,37.3290672302246,34.8098411560059,29.083158493042,22.8500137329102,15.8983268737793,13.8656921386719,18.0821647644043,-9999,-9999,-9999,-9999,-9999,-9999,-9999,-9999,-9999,29.6690425872803,30.8337459564209,32.8090286254883,-9999,-9999,-9999,-9999,-9999,-9999,-9999,-9999,-9999,-9999,-9999,-9999,-9999,-9999,-9999,-9999,-9999,-9999,-9999,-9999,-9999,-9999,-9999,-9999,-9999,-9999
-9999,-9999,-9999,-9999,-9999,-9999,-9999,-9999,-9999,-9999,-9999,-9999,-9999,-9999,-9999,-9999,-9999,-9999,-9999,-9999,-9999,-9999,-9999,-9999,-9999,-9999,-9999,-9999,-9999,-9999,-9999,39.0477714538574,-9999,-9999,-9999,40.1967353820801,-9999,-9999,-9999,-9999,-9999,-9999,-9999,-9999,-9999,-9999,-9999,-9999,-9999,-9999,-9999,-9999,-9999,-9999,-9999,-9999,-9999,45.4568862915039,45.6825714111328,45.7825393676758,-9999,46.1737670898438,45.5879020690918,44.6212463378906,43.3457336425781,41.9063453674316,41.4082450866699,40.8065452575684,39.9977531433105,37.6405334472656,36.8177108764648,38.0842170715332,38.3164749145508,37.7128143310547,37.1036758422852,36.5603675842285,35.9077529907227,34.8410453796387,34.575309753418,34.4920310974121,32.6361503601074,31.5598373413086,34.747200012207,36.7991714477539,39.5427780151367,40.7842903137207,39.7787208557129,37.4754600524902,32.9861221313477,29.4789962768555,27.3149738311768,22.6752586364746,16.8565120697021,20.0899696350098,-9999,-9999,-9999,-9999,-9999,-9999,-9999,-9999,34.3208885192871,36.173095703125,36.2535095214844,34.5751037597656,33.5355072021484,-9999,-9999,-9999,-9999,-9999,-9999,-9999,-9999,-9999,-9999,-9999,-9999,-9999,-9999,-9999,-9999,-9999,-9999,-9999,-9999,-9999,-9999,-9999,-9999
-9999,-9999,-9999,-9999,-9999,-9999,-9999,-9999,-9999,-9999,-9999,-9999,-9999,-9999,-9999,-9999,-9999,-9999,-9999,-9999,-9999,-9999,-9999,-9999,-9999,-9999,-9999,-9999,-9999,-9999,38.6674041748047,38.4925079345703,-9999,-9999,39.7947540283203,40.1577072143555,-9999,-9999,36.35595703125,38.2443504333496,-9999,-9999,-9999,-9999,-9999,41.3911666870117,-9999,-9999,-9999,-9999,-9999,-9999,-9999,-9999,-9999,-9999,-9999,-9999,-9999,-9999,-9999,46.0356140136719,46.6008186340332,44.8449401855469,43.4096832275391,42.2596626281738,40.5485877990723,39.7816200256348,38.6904983520508,36.5936546325684,35.3720245361328,38.6443061828613,40.207160949707,39.2656555175781,38.5336799621582,38.0194320678711,37.109302520752,36.1847915649414,37.8750915527344,39.199951171875,39.7177200317383,38.8318138122559,39.76025390625,40.7296257019043,41.8751983642578,42.3182601928711,41.44482421875,39.6985321044922,36.4535064697266,35.4594306945801,36.6006889343262,29.9546451568604,18.0555534362793,19.921028137207,24.2934436798096,-9999,-9999,-9999,-9999,-9999,34.7286682128906,34.9809379577637,35.5263595581055,35.6331481933594,36.9010810852051,37.8017501831055,35.8857307434082,32.7175521850586,-9999,-9999,-9999,-9999,-9999,-9999,-9999,-9999,-9999,-9999,-9999,-9999,-9999,-9999,-9999,-9999,-9999,-9999,-9999,-9999,-9999,-9999,-9999
-9999,-9999,-9999,-9999,-9999,-9999,-9999,-9999,-9999,-9999,-9999,-9999,-9999,-9999,-9999,-9999,-9999,-9999,-9999,-9999,-9999,-9999,-9999,38.597282409668,39.3020477294922,-9999,-9999,-9999,-9999,38.5544509887695,38.7481460571289,38.6918067932129,38.5229797363281,39.903621673584,39.7370796203613,39.965518951416,37.0327033996582,35.9095726013184,35.914794921875,-9999,38.9658432006836,40.9432792663574,-9999,-9999,40.9489707946777,41.4420127868652,41.945426940918,42.8888206481934,-9999,-9999,-9999,-9999,-9999,-9999,-9999,-9999,-9999,41.6672439575195,43.3308334350586,-9999,-9999,-9999,44.9118156433105,45.0244903564453,44.1065826416016,42.0299987792969,41.9902420043945,40.8339385986328,39.4489936828613,35.7872161865234,34.5142860412598,37.7234497070313,39.7739868164063,40.5823593139648,39.8104782104492,39.4837417602539,38.6670036315918,37.8105850219727,37.8186225891113,39.4386405944824,39.9089393615723,39.9413833618164,40.9712562561035,41.8306655883789,42.2457160949707,42.3905296325684,42.0215835571289,40.9362030029297,38.3476028442383,36.686336517334,35.8232231140137,31.1780681610107,23.9784984588623,23.4115447998047,24.2326431274414,21.2936096191406,20.8178539276123,22.2524032592773,22.8139057159424,24.8622074127197,29.5873508453369,34.9505157470703,35.0232238769531,35.5034942626953,36.4118690490723,37.4479866027832,38.0957489013672,35.2880897521973,33.7929039001465,34.4153022766113,-9999,-9999,-9999,-9999,-9999,-9999,-9999,-9999,-9999,-9999,-9999,-9999,-9999,-9999,-9999,-9999,-9999,-9999,-9999,-9999,-9999
-9999,-9999,-9999,-9999,-9999,-9999,-9999,-9999,-9999,-9999,-9999,-9999,-9999,-9999,-9999,-9999,-9999,-9999,-9999,-9999,-9999,-9999,38.7690734863281,38.3517608642578,37.9876823425293,40.0670967102051,40.958179473877,37.9478721618652,37.9921760559082,37.4308166503906,38.5781211853027,37.4173927307129,37.4930458068848,38.284797668457,39.0043525695801,37.3037261962891,35.4404487609863,35.1013412475586,35.4717559814453,35.9363441467285,37.5655517578125,39.6273651123047,40.7700462341309,41.1687545776367,41.2331314086914,41.3763656616211,42.6757392883301,43.2417297363281,43.0567817687988,-9999,-9999,-9999,-9999,-9999,-9999,-9999,-9999,39.5132713317871,40.0587882995605,42.7020492553711,-9999,-9999,43.907413482666,44.9712562561035,45.3069725036621,44.5039329528809,42.5279769897461,40.7517318725586,38.1716270446777,34.9145584106445,33.5522613525391,37.4583549499512,39.305118560791,40.6796112060547,41.2855796813965,40.3557815551758,39.7581100463867,39.3012046813965,39.2994194030762,38.6711769104004,39.8869895935059,41.0279541015625,42.0075988769531,42.7021064758301,42.5630569458008,42.4713134765625,42.4684600830078,41.8379516601563,40.3597259521484,37.9524002075195,34.4992523193359,31.9513168334961,28.5588130950928,25.8875827789307,23.4996280670166,22.2978000640869,21.9295215606689,24.0066719055176,24.2309455871582,23.6991329193115,26.0720500946045,32.3745956420898,35.3484573364258,35.7924919128418,36.4351959228516,37.1217269897461,37.9035186767578,38.5353660583496,36.6785316467285,35.0171356201172,-9999,-9999,-9999,-9999,-9999,-9999,-9999,-9999,-9999,-9999,-9999,-9999,-9999,-9999,-9999,-9999,-9999,-9999,-9999,-9999,-9999
-9999,-9999,-9999,-9999,-9999,-9999,-9999,-9999,-9999,-9999,-9999,-9999,-9999,-9999,-9999,-9999,-9999,-9999,-9999,-9999,-9999,-9999,39.3184700012207,38.174259185791,37.882625579834,39.191722869873,42.1703720092773,41.6411552429199,36.8649368286133,37.6474418640137,37.4910926818848,37.9867210388184,37.3827056884766,37.7259254455566,37.7110290527344,36.4830017089844,35.2493209838867,34.9888687133789,34.9460678100586,35.6642379760742,36.6544418334961,38.8657875061035,40.1700248718262,40.5282287597656,40.5161743164063,41.4398574829102,41.4947204589844,42.777229309082,42.835033416748,43.0395050048828,42.9713935852051,-9999,-9999,-9999,-9999,-9999,-9999,-9999,39.2139320373535,40.5718841552734,42.2377128601074,42.7972717285156,43.4579238891602,44.435676574707,45.1704254150391,43.5257453918457,42.0447769165039,38.429126739502,35.0683784484863,33.4865264892578,34.501392364502,38.5660781860352,40.6871185302734,41.7929229736328,42.1384468078613,42.1815338134766,41.8598251342773,41.4520263671875,40.8965950012207,40.0743713378906,41.0807838439941,42.0420570373535,42.3685646057129,42.6125602722168,42.5865097045898,42.5687713623047,42.5781173706055,42.0181694030762,40.8029365539551,38.1321830749512,33.561149597168,31.6930866241455,30.8445434570313,25.6730346679688,19.3128490447998,20.393310546875,21.2557468414307,23.0655555725098,24.268741607666,23.7872371673584,26.408483505249,33.0272026062012,36.6877632141113,38.5082473754883,38.0064735412598,35.9171676635742,36.5505752563477,38.4377670288086,38.4069671630859,36.1847877502441,38.4834213256836,-9999,-9999,-9999,-9999,-9999,-9999,-9999,-9999,-9999,-9999,-9999,-9999,-9999,-9999,-9999,-9999,-9999,-9999,-9999,-9999
-9999,-9999,-9999,-9999,-9999,-9999,-9999,-9999,-9999,-9999,-9999,-9999,-9999,-9999,-9999,-9999,-9999,-9999,-9999,-9999,-9999,-9999,39.3347358703613,38.7707214355469,36.5552520751953,35.7928276062012,42.3560638427734,44.1734809875488,40.2670593261719,38.2998580932617,38.7881507873535,38.5878944396973,37.9935607910156,37.6330680847168,37.385440826416,36.7317695617676,36.2105026245117,35.8535842895508,35.7607650756836,36.3215255737305,37.0458297729492,38.315746307373,39.222297668457,39.7129821777344,40.0347595214844,40.0005874633789,40.2753219604492,40.4868965148926,41.284595489502,42.7527656555176,42.5780487060547,-9999,-9999,-9999,-9999,40.0328750610352,39.6384773254395,39.2381591796875,38.9560661315918,39.9540252685547,41.1456413269043,42.0469818115234,43.0154457092285,44.2094116210938,44.2351913452148,42.2451705932617,41.0569801330566,36.3793640136719,33.8282241821289,35.3643989562988,36.6579704284668,40.085262298584,42.1587066650391,43.1625823974609,43.5247192382813,43.3366737365723,42.9191207885742,42.4067459106445,41.8364562988281,41.2410125732422,41.9747161865234,42.6532707214355,42.5709381103516,42.5162200927734,42.5681686401367,42.5970840454102,42.5870208740234,42.1442909240723,41.2036361694336,38.7052803039551,34.662769317627,34.1897811889648,35.3738975524902,29.3458023071289,20.9150352478027,22.2224540710449,23.160982131958,24.7321968078613,25.8774299621582,25.6227245330811,28.181079864502,34.0419311523438,37.9250259399414,40.4760932922363,39.4891052246094,36.1168441772461,37.2364921569824,39.4681587219238,40.0420150756836,39.635627746582,39.0091667175293,40.057315826416,-9999,-9999,-9999,-9999,-9999,-9999,-9999,-9999,-9999,-9999,-9999,-9999,-9999,-9999,-9999,-9999,-9999,-9999,-9999
-9999,-9999,-9999,-9999,-9999,-9999,-9999,-9999,-9999,-9999,-9999,-9999,-9999,-9999,-9999,-9999,-9999,-9999,-9999,-9999,-9999,37.7165145874023,39.0899620056152,38.4153594970703,35.8754463195801,35.6803512573242,41.8267402648926,44.4516868591309,43.1654472351074,42.2153930664063,41.7978782653809,41.5774192810059,41.3207702636719,41.0103073120117,40.6013031005859,40.260669708252,39.7663307189941,39.4642219543457,39.2772178649902,39.4701347351074,39.1961975097656,37.351432800293,36.8603897094727,38.2949523925781,38.8457221984863,39.2071876525879,39.3845443725586,39.3772811889648,39.6472702026367,39.9269714355469,40.5422668457031,40.036865234375,40.0642356872559,40.171272277832,40.2430953979492,39.8029327392578,39.210823059082,39.1096992492676,39.1025199890137,38.9240913391113,38.1062202453613,38.5177803039551,40.0030097961426,42.6306266784668,44.4167442321777,42.8347434997559,40.0087890625,35.1972770690918,35.5806312561035,39.5730819702148,42.251335144043,43.2008285522461,43.6936492919922,43.7093544006348,43.573616027832,43.3290061950684,43.0311546325684,42.7108268737793,42.4146766662598,42.1216163635254,42.2390975952148,42.3611526489258,42.3867263793945,42.4139556884766,42.4481925964355,42.4319267272949,42.3199996948242,42.0982360839844,41.7509346008301,40.9185104370117,39.7368545532227,39.7422828674316,40.1224899291992,37.7108306884766,33.7835121154785,31.0345726013184,29.0387363433838,30.1060276031494,30.9438781738281,30.923454284668,32.1340942382813,35.3132743835449,38.4564552307129,41.3292503356934,41.1455497741699,39.0228958129883,41.0222091674805,43.6601676940918,42.3436431884766,40.2392539978027,40.0811538696289,39.7457160949707,38.7924118041992,37.7706909179688,-9999,-9999,-9999,-9999,-9999,-9999,-9999,-9999,-9999,-9999,-9999,-9999,-9999,-9999,-9999,-9999,-9999
-9999,-9999,-9999,-9999,-9999,-9999,-9999,-9999,-9999,-9999,-9999,-9999,-9999,-9999,-9999,-9999,-9999,-9999,-9999,-9999,-9999,35.8832588195801,35.5209045410156,36.6922340393066,36.1693077087402,36.8909454345703,41.5196571350098,43.7868766784668,43.5376091003418,43.2198181152344,42.6061248779297,42.253547668457,42.1860961914063,41.9163970947266,41.5552406311035,41.2499961853027,40.7949905395508,40.4896621704102,40.3240203857422,40.307861328125,39.8067817687988,38.0132522583008,37.1047134399414,37.6322288513184,38.1060447692871,38.7071342468262,39.246768951416,39.787052154541,39.4250831604004,39.0723724365234,39.3934364318848,39.5111694335938,39.5661010742188,39.6508865356445,39.6670227050781,39.0823593139648,38.5003242492676,38.0119400024414,37.6759834289551,36.7824630737305,36.6265258789063,37.8749885559082,38.6129493713379,39.4213371276855,42.7534408569336,42.0923843383789,40.9287643432617,35.9250946044922,37.9831809997559,42.189811706543,44.5816688537598,44.3830184936523,44.1103439331055,43.7431793212891,-9999,-9999,-9999,-9999,-9999,-9999,-9999,42.075122833252,42.133544921875,42.1900787353516,42.238712310791,42.2128486633301,42.0466575622559,41.9276008605957,41.859977722168,41.8322715759277,41.8312530517578,41.790958404541,41.7604675292969,41.1994171142578,39.7307815551758,35.6892547607422,32.3001136779785,33.0834655761719,33.6294136047363,32.214542388916,31.8845329284668,33.8214569091797,36.5458183288574,39.9211082458496,40.8667373657227,40.4538764953613,42.5038642883301,44.8044586181641,42.3026275634766,38.8389053344727,39.884765625,38.9636459350586,38.1115036010742,36.9582824707031,37.2069244384766,-9999,-9999,-9999,-9999,-9999,-9999,-9999,-9999,-9999,-9999,-9999,-9999,-9999,-9999,-9999,-9999
-9999,-9999,-9999,-9999,-9999,-9999,-9999,-9999,-9999,-9999,-9999,-9999,-9999,-9999,-9999,-9999,-9999,-9999,-9999,33.8531684875488,34.5768165588379,34.0454216003418,33.4282150268555,33.2535209655762,37.1072998046875,39.837028503418,40.7043037414551,41.1324577331543,40.7115020751953,40.372859954834,39.9741859436035,39.877368927002,39.8408660888672,39.484504699707,39.1828956604004,38.9242286682129,38.5312767028809,38.2954559326172,38.0875244140625,38.0971298217773,38.7559356689453,40.9972801208496,41.494197845459,39.2813529968262,38.4833183288574,39.1705932617188,40.056453704834,40.9795341491699,39.7520065307617,37.8138389587402,38.1608352661133,38.3539428710938,38.1510200500488,38.0737609863281,37.7461929321289,37.2488021850586,35.882022857666,34.9210205078125,34.404956817627,35.2660102844238,37.833324432373,40.1392974853516,42.0548782348633,41.6200561523438,41.0577812194824,39.5554847717285,40.8145599365234,42.0304756164551,42.1792869567871,43.3450813293457,44.0284233093262,-9999,-9999,-9999,-9999,-9999,-9999,-9999,-9999,-9999,-9999,-9999,-9999,41.7910461425781,41.8983764648438,41.9160308837891,41.7646369934082,41.5783500671387,41.3534774780273,41.0906219482422,40.8005447387695,40.7090644836426,40.6988220214844,40.7691879272461,40.8341026306152,37.3304252624512,33.8631248474121,34.4304389953613,34.0227661132813,29.1090393066406,26.1398944854736,27.8962020874023,30.1545524597168,33.6630363464355,37.0847511291504,40.323787689209,41.4938125610352,42.312931060791,39.7751922607422,36.6102828979492,38.3644409179688,40.2481079101563,39.8698310852051,34.7043151855469,36.1474571228027,-9999,-9999,-9999,-9999,-9999,-9999,-9999,-9999,-9999,-9999,-9999,-9999,-9999,-9999,-9999,-9999
-9999,-9999,-9999,-9999,-9999,-9999,-9999,-9999,-9999,-9999,-9999,-9999,-9999,-9999,-9999,-9999,-9999,-9999,31.7859306335449,32.9502754211426,33.0892906188965,35.0350189208984,33.5866737365723,32.7716979980469,36.8670997619629,39.5138206481934,40.4164237976074,40.7723350524902,40.2555961608887,39.8371429443359,39.6907958984375,39.5900039672852,39.5960388183594,39.3032341003418,39.0139961242676,38.8594245910645,38.5908317565918,38.4294128417969,38.2156944274902,38.1953773498535,39.0929756164551,41.9249038696289,42.6165351867676,40.4302597045898,39.3263206481934,39.8301315307617,40.5614242553711,41.4612197875977,39.8286437988281,37.1838531494141,36.3723831176758,36.0933418273926,35.8200531005859,35.7272262573242,36.7192687988281,37.003833770752,35.5128593444824,34.4420776367188,34.0312652587891,36.1206550598145,39.2524871826172,41.5370330810547,42.993724822998,43.2317810058594,43.1180038452148,42.8862533569336,42.5018730163574,43.1317329406738,-9999,-9999,-9999,-9999,-9999,-9999,-9999,-9999,-9999,-9999,-9999,-9999,-9999,-9999,-9999,-9999,-9999,41.5912551879883,41.4721450805664,41.2760467529297,40.9949951171875,40.6257591247559,40.1942405700684,40.0330047607422,39.9746208190918,40.2697982788086,40.6353645324707,38.2639389038086,35.8594131469727,35.0815582275391,33.4374122619629,28.5777702331543,24.9762210845947,23.693920135498,24.776554107666,27.6887359619141,32.974723815918,37.7048225402832,38.6524276733398,38.942798614502,38.4385070800781,37.5931205749512,38.582389831543,39.633903503418,38.7602844238281,35.7516059875488,34.8782386779785,-9999,-9999,-9999,-9999,-9999,-9999,-9999,-9999,-9999,-9999,-9999,-9999,-9999,-9999,-9999,-9999
-9999,-9999,-9999,-9999,-9999,-9999,-9999,-9999,-9999,-9999,-9999,-9999,33.2829360961914,32.1607818603516,-9999,31.600269317627,33.0688323974609,34.6085433959961,33.9671325683594,31.3601913452148,34.1132316589355,37.0120086669922,36.0731620788574,35.2149314880371,35.7959518432617,37.1179428100586,40.6354904174805,42.4067916870117,42.2952003479004,41.8303337097168,41.6676445007324,41.6472625732422,41.7689514160156,41.5275650024414,41.3310585021973,41.2300262451172,40.9762992858887,41.3437652587891,40.4873085021973,40.6043167114258,40.2590484619141,40.966194152832,41.4915008544922,40.7061538696289,40.7294387817383,41.1683616638184,41.3228721618652,41.6006355285645,39.7927131652832,37.1186790466309,34.7883796691895,32.2776565551758,32.0034637451172,32.4160423278809,35.6758346557617,37.5116996765137,36.4439353942871,35.8008003234863,36.1776390075684,38.7266998291016,41.4195671081543,42.6432647705078,43.2686309814453,43.3673210144043,43.3618812561035,43.1807823181152,43.0135345458984,-9999,-9999,-9999,-9999,-9999,-9999,-9999,-9999,-9999,-9999,-9999,-9999,-9999,-9999,-9999,-9999,-9999,-9999,-9999,41.1693077087402,41.013916015625,40.7659225463867,40.4060440063477,39.9676628112793,39.7229194641113,39.5497131347656,39.7202682495117,39.94677734375,39.0653381347656,37.9758262634277,35.3181838989258,32.4256706237793,30.841609954834,27.9398765563965,22.7302188873291,20.8607521057129,22.9123764038086,27.1613578796387,31.8446674346924,33.5994262695313,34.6127471923828,38.178050994873,41.2680931091309,39.5007209777832,38.4269180297852,39.210865020752,36.8076477050781,34.244384765625,-9999,-9999,-9999,-9999,-9999,-9999,-9999,-9999,-9999,-9999,-9999,-9999,-9999,-9999,-9999,-9999
-9999,-9999,-9999,-9999,-9999,-9999,-9999,-9999,-9999,-9999,30.7928295135498,32.8835334777832,34.2151336669922,32.0650825500488,31.6668510437012,29.5527000427246,31.6892242431641,36.0328025817871,35.4529113769531,33.0240020751953,35.5735740661621,38.7145004272461,38.7041320800781,37.4881553649902,37.1728973388672,37.9584617614746,40.3389091491699,41.8792877197266,41.7647361755371,42.0144653320313,43.0734405517578,43.2346458435059,43.1808242797852,43.0871734619141,42.8847236633301,42.4782180786133,42.5699882507324,42.3465156555176,42.1130180358887,42.0308952331543,41.6418762207031,41.3617210388184,41.4355125427246,41.395809173584,41.488037109375,41.8945960998535,42.014030456543,42.2951164245605,41.2394371032715,39.5786666870117,36.7861175537109,33.7453765869141,33.4169311523438,33.8135108947754,36.3319244384766,37.9937477111816,37.5274276733398,37.6996879577637,38.2185134887695,39.8593139648438,41.8220481872559,42.5935974121094,42.910285949707,42.9544219970703,42.9344711303711,42.8465423583984,-9999,-9999,-9999,-9999,-9999,-9999,-9999,-9999,-9999,-9999,-9999,-9999,-9999,-9999,-9999,-9999,-9999,-9999,-9999,-9999,-9999,40.7094879150391,40.4595375061035,40.1204147338867,39.7197113037109,39.473014831543,39.2815704345703,39.349609375,39.4579391479492,39.3085708618164,38.8944664001465,36.4057502746582,33.5796394348145,31.9387512207031,29.3916206359863,25.0536575317383,21.9325141906738,20.8755149841309,23.5152893066406,27.2890167236328,30.6587371826172,33.1801261901855,36.9899940490723,40.2452087402344,38.1912689208984,36.5583190917969,37.9176712036133,35.7052192687988,33.1166763305664,-9999,-9999,-9999,-9999,-9999,-9999,-9999,-9999,-9999,-9999,-9999,-9999,-9999,-9999,-9999,-9999
-9999,-9999,-9999,-9999,-9999,-9999,-9999,-9999,27.7361068725586,28.848747253418,29.1864929199219,29.1243782043457,30.1349105834961,32.2099342346191,31.467191696167,29.6386165618896,31.8270740509033,36.2663726806641,36.1543807983398,34.8667831420898,37.7780723571777,40.3764801025391,40.1078338623047,39.6756858825684,39.3005332946777,38.9728202819824,39.2480392456055,39.2626914978027,39.0465660095215,40.3160018920898,43.1672821044922,44.3059539794922,44.2762031555176,44.1273078918457,44.085033416748,43.9169540405273,43.7097129821777,43.376335144043,43.3581237792969,43.1280899047852,42.8379135131836,42.6524429321289,42.4813957214355,42.4346313476563,42.3744506835938,42.3749923706055,42.3924751281738,42.4222717285156,42.5172729492188,42.5444526672363,40.4997291564941,37.9000587463379,38.1123352050781,38.1498641967773,38.6611366271973,38.4948387145996,38.1216812133789,38.6731605529785,40.2134475708008,41.3800964355469,41.9269256591797,42.1887321472168,-9999,-9999,-9999,-9999,-9999,-9999,-9999,-9999,-9999,-9999,-9999,-9999,-9999,-9999,-9999,-9999,-9999,-9999,-9999,-9999,-9999,-9999,-9999,-9999,-9999,-9999,40.111198425293,39.7994346618652,39.4601249694824,39.2532577514648,39.0937232971191,39.0677833557129,39.0611991882324,39.2837448120117,39.3064079284668,37.8406753540039,35.8272933959961,32.5917930603027,30.1374378204346,29.0338611602783,25.8761157989502,20.2460422515869,19.9989280700684,22.6052207946777,28.1821594238281,33.5426635742188,35.317569732666,36.5992813110352,35.1192054748535,34.2504692077637,36.6038665771484,34.328441619873,33.3496551513672,-9999,-9999,-9999,-9999,-9999,-9999,-9999,-9999,-9999,-9999,-9999,-9999,-9999,-9999,-9999,-9999
-9999,-9999,-9999,-9999,-9999,-9999,-9999,-9999,26.2033748626709,27.6324119567871,28.7104682922363,28.2815055847168,28.5286827087402,29.0822505950928,29.5763702392578,30.5162982940674,33.3774185180664,37.6236724853516,37.7227821350098,36.690071105957,37.7603645324707,39.3976287841797,40.3173828125,40.9731750488281,40.8281631469727,40.5419425964355,40.2035980224609,39.822624206543,39.5455665588379,40.3370513916016,42.1225357055664,42.662036895752,42.5055503845215,42.4008407592773,42.2163925170898,41.9939765930176,41.903694152832,41.6893081665039,41.5259780883789,41.2859840393066,41.184440612793,41.0109672546387,41.2260360717773,41.9846267700195,42.2631607055664,42.199146270752,42.118480682373,41.9794692993164,42.0994415283203,42.2480926513672,41.1895484924316,40.0054550170898,40.2453002929688,40.3855133056641,40.2600364685059,40.0612030029297,39.7650413513184,40.091178894043,40.9789733886719,41.5326385498047,41.838321685791,41.958568572998,-9999,-9999,-9999,-9999,-9999,-9999,-9999,-9999,-9999,-9999,-9999,-9999,-9999,-9999,-9999,-9999,-9999,-9999,-9999,-9999,-9999,-9999,-9999,-9999,-9999,-9999,-9999,-9999,39.0664749145508,38.900806427002,38.7780494689941,38.7256393432617,38.681583404541,38.8962669372559,38.9713096618652,38.0286140441895,36.7899322509766,34.4576759338379,32.3808860778809,30.4967994689941,27.7912940979004,23.6348628997803,21.4296112060547,20.1644439697266,24.7932548522949,30.1218872070313,31.2639198303223,32.2477569580078,31.6314544677734,31.4838104248047,34.4744415283203,31.1238441467285,30.2531433105469,-9999,-9999,-9999,-9999,-9999,-9999,-9999,-9999,-9999,-9999,-9999,-9999,-9999,-9999,-9999,-9999
-9999,-9999,-9999,-9999,-9999,-9999,20.7741355895996,26.0355529785156,26.2936210632324,26.1454010009766,27.4929103851318,28.5005664825439,27.8556861877441,26.2032833099365,27.4008560180664,31.8901557922363,35.8881683349609,39.4019546508789,39.2679061889648,38.3896675109863,37.8814430236816,37.2509765625,39.9062347412109,42.0398826599121,41.9888877868652,41.9226722717285,41.6456298828125,41.2526550292969,40.8903961181641,40.6503105163574,40.3797225952148,40.0793266296387,39.7520866394043,39.499340057373,39.3207740783691,39.1397666931152,38.9460601806641,38.9096450805664,38.861083984375,38.7476501464844,38.6423606872559,38.5035057067871,39.2349472045898,41.1567878723145,41.9608459472656,41.8540000915527,41.5967254638672,41.2376976013184,41.0193099975586,40.8073120117188,40.9201164245605,41.0666275024414,41.2709999084473,41.4712829589844,41.4699325561523,41.3978729248047,41.1229476928711,40.9744338989258,40.9934005737305,41.2530746459961,41.7007217407227,-9999,-9999,-9999,-9999,-9999,-9999,-9999,-9999,-9999,-9999,-9999,-9999,-9999,-9999,-9999,-9999,-9999,-9999,-9999,-9999,-9999,-9999,-9999,-9999,-9999,-9999,-9999,-9999,-9999,-9999,-9999,-9999,38.3620796203613,38.3014526367188,38.4104995727539,38.4439811706543,37.9316444396973,37.3726806640625,36.5621337890625,34.8153915405273,31.2638206481934,28.9633502960205,28.3419494628906,24.6618671417236,18.7032165527344,20.559741973877,24.2936553955078,25.9477233886719,26.903636932373,27.3973655700684,28.3513679504395,32.1197280883789,30.1421566009521,-9999,-9999,-9999,-9999,-9999,-9999,-9999,-9999,-9999,-9999,-9999,-9999,-9999,-9999,-9999,-9999,-9999
-9999,-9999,-9999,-9999,-9999,-9999,26.067907333374,26.1697216033936,25.9303340911865,25.918909072876,26.0219993591309,29.367317199707,31.3929138183594,32.0114822387695,33.1955413818359,34.9833030700684,37.2157554626465,40.0442848205566,40.170238494873,39.3397483825684,38.8584289550781,38.3193473815918,40.3980598449707,42.0966682434082,42.072380065918,41.9203262329102,41.7197723388672,41.5179061889648,41.1645545959473,40.7985572814941,40.3685455322266,40.1053199768066,39.8429069519043,39.5512428283691,39.2659454345703,39.460147857666,39.6985778808594,39.647533416748,39.5843696594238,39.4313659667969,39.288158416748,39.2176132202148,39.6032829284668,40.6672058105469,41.1267280578613,41.0665588378906,40.8555793762207,40.544979095459,40.4270629882813,40.3754501342773,40.4989013671875,40.6421546936035,40.7355499267578,40.8242607116699,40.8705596923828,40.8553504943848,40.6718482971191,40.5513458251953,40.5109558105469,-9999,-9999,-9999,-9999,-9999,-9999,-9999,-9999,-9999,-9999,-9999,-9999,-9999,-9999,-9999,-9999,-9999,-9999,-9999,-9999,-9999,-9999,-9999,-9999,-9999,-9999,-9999,-9999,-9999,-9999,-9999,-9999,-9999,-9999,-9999,37.8962821960449,37.956428527832,37.986255645752,37.8081398010254,37.5332145690918,36.9765625,35.9405708312988,34.0983619689941,31.8105926513672,29.15505027771,26.2612648010254,22.6676502227783,21.6977977752686,21.2189521789551,24.2049808502197,27.3883037567139,28.6306571960449,29.8122959136963,31.5438690185547,29.3944606781006,30.1173706054688,27.9568252563477,-9999,-9999,-9999,-9999,-9999,-9999,-9999,-9999,-9999,-9999,-9999,-9999,-9999,-9999,-9999
-9999,-9999,-9999,-9999,25.0537624359131,26.818395614624,26.2034492492676,25.8958415985107,25.87721824646,25.9243812561035,26.8346481323242,31.2667007446289,34.6651039123535,37.4506759643555,38.337043762207,37.3294677734375,38.3177185058594,40.5006561279297,40.712818145752,40.1797180175781,39.7125396728516,39.2228813171387,40.3392639160156,41.3383941650391,41.4280281066895,41.4734802246094,41.3594360351563,41.2105941772461,41.0302314758301,40.7785110473633,40.4988327026367,40.2115821838379,39.920726776123,39.6089744567871,39.3054885864258,39.8897857666016,40.5809478759766,40.4965972900391,40.3947525024414,40.1894416809082,40.0209808349609,39.9926567077637,40.0051536560059,40.0886611938477,40.1301918029785,40.1292037963867,40.0063133239746,39.8043823242188,39.8672752380371,40.0022964477539,40.0456924438477,40.075569152832,40.0566024780273,40.0547027587891,-9999,-9999,-9999,-9999,-9999,-9999,-9999,-9999,-9999,-9999,-9999,-9999,-9999,-9999,-9999,-9999,-9999,-9999,-9999,-9999,-9999,-9999,-9999,-9999,-9999,-9999,-9999,-9999,-9999,-9999,-9999,-9999,-9999,-9999,-9999,-9999,-9999,-9999,-9999,-9999,-9999,37.497200012207,37.5280876159668,37.6667633056641,37.6497001647949,37.1620025634766,36.8172340393066,36.6102447509766,34.3862037658691,30.0251903533936,27.8217144012451,26.7334136962891,22.9170112609863,17.6991119384766,23.023120880127,28.1414279937744,29.9020023345947,31.3200531005859,30.9320755004883,22.2375926971436,22.4601764678955,27.9888935089111,28.8656692504883,-9999,-9999,-9999,-9999,-9999,-9999,-9999,-9999,-9999,-9999,-9999,-9999,-9999,-9999
-9999,-9999,-9999,-9999,30.4245738983154,28.3007144927979,27.4502277374268,25.7542858123779,26.2989349365234,28.0643539428711,30.2491493225098,33.5613441467285,36.1434288024902,38.1303176879883,39.1504096984863,39.2264556884766,39.6669120788574,40.365852355957,40.1893539428711,39.6911735534668,39.9587097167969,40.3477439880371,40.7454490661621,41.0953598022461,41.1086235046387,41.1090354919434,41.0643615722656,40.9866333007813,40.8451957702637,40.6697158813477,40.4579200744629,40.2637176513672,40.084342956543,39.9295082092285,39.7771186828613,39.9811325073242,40.2303161621094,40.0297927856445,39.8176879882813,39.5298767089844,39.284538269043,39.1733207702637,39.1083374023438,39.115177154541,39.1150856018066,39.1091423034668,39.0298233032227,-9999,-9999,-9999,-9999,-9999,-9999,-9999,-9999,-9999,-9999,-9999,-9999,-9999,-9999,-9999,-9999,-9999,-9999,-9999,-9999,-9999,-9999,-9999,-9999,-9999,-9999,-9999,-9999,-9999,-9999,-9999,-9999,-9999,-9999,-9999,-9999,-9999,-9999,-9999,-9999,-9999,-9999,-9999,-9999,-9999,-9999,-9999,-9999,-9999,37.1329689025879,37.2479019165039,37.2897148132324,37.1206016540527,36.661979675293,35.6675415039063,33.4059143066406,29.798267364502,27.852710723877,26.7039337158203,22.331859588623,16.1494388580322,19.6270389556885,23.4757442474365,25.0216693878174,26.5236301422119,27.1705436706543,28.112865447998,21.5336856842041,26.7865333557129,24.7725982666016,-9999,-9999,-9999,-9999,-9999,-9999,-9999,-9999,-9999,-9999,-9999,-9999,-9999,-9999
-9999,-9999,-9999,-9999,-9999,30.6487350463867,28.6124935150146,28.8504695892334,27.4667911529541,31.3121929168701,34.0956230163574,35.9525871276855,37.5322189331055,38.7561721801758,39.6909599304199,40.3933219909668,40.3695182800293,39.8369331359863,39.5069847106934,39.2527351379395,-9999,-9999,-9999,-9999,-9999,-9999,-9999,-9999,-9999,-9999,-9999,-9999,-9999,40.0077896118164,39.9628067016602,39.8520240783691,39.7319374084473,39.4373550415039,-9999,-9999,-9999,-9999,-9999,-9999,-9999,-9999,-9999,-9999,-9999,-9999,-9999,-9999,-9999,-9999,-9999,-9999,-9999,-9999,-9999,-9999,-9999,-9999,-9999,-9999,-9999,-9999,-9999,-9999,-9999,-9999,-9999,-9999,-9999,-9999,-9999,-9999,-9999,-9999,-9999,-9999,-9999,-9999,-9999,-9999,-9999,-9999,-9999,-9999,-9999,-9999,-9999,-9999,-9999,-9999,-9999,-9999,36.7450141906738,36.8563346862793,36.9612121582031,37.0578689575195,36.579418182373,35.0915145874023,33.0327529907227,30.3091239929199,28.3792781829834,26.853084564209,22.1710433959961,15.8396053314209,16.8391094207764,19.0222492218018,20.4886093139648,22.0133037567139,23.4664497375488,24.6369247436523,24.6758728027344,22.3068199157715,-9999,-9999,-9999,-9999,-9999,-9999,-9999,-9999,-9999,-9999,-9999,-9999,-9999,-9999,-9999
-9999,-9999,-9999,-9999,-9999,30.3463802337646,30.2831726074219,30.9480361938477,32.5180549621582,36.243465423584,38.9933471679688,39.4235191345215,39.8142509460449,40.4173126220703,40.6753616333008,40.5662612915039,40.1855773925781,39.6070022583008,-9999,-9999,-9999,-9999,-9999,-9999,-9999,-9999,-9999,-9999,-9999,-9999,-9999,-9999,-9999,-9999,-9999,-9999,-9999,-9999,-9999,-9999,-9999,-9999,-9999,-9999,-9999,-9999,-9999,-9999,-9999,-9999,-9999,-9999,-9999,-9999,-9999,-9999,-9999,-9999,-9999,-9999,-9999,-9999,-9999,-9999,-9999,-9999,-9999,-9999,-9999,-9999,-9999,-9999,-9999,-9999,-9999,-9999,-9999,-9999,-9999,-9999,-9999,-9999,-9999,-9999,-9999,-9999,-9999,-9999,-9999,-9999,-9999,-9999,-9999,-9999,-9999,-9999,-9999,36.6158180236816,36.7886390686035,36.8933143615723,36.7983093261719,36.3634414672852,35.4362640380859,33.9422264099121,31.2449951171875,27.6386222839355,24.4857387542725,21.4316234588623,18.644193649292,16.015832901001,19.5818176269531,22.0715370178223,20.5178413391113,20.5364398956299,21.5828018188477,19.0969123840332,-9999,-9999,-9999,-9999,-9999,-9999,-9999,-9999,-9999,-9999,-9999,-9999,-9999,-9999,-9999
-9999,-9999,30.6236801147461,30.50732421875,30.6459350585938,30.0606079101563,30.6266822814941,33.5861053466797,36.3988990783691,39.4593544006348,41.6242294311523,41.2744407653809,41.0549697875977,41.2873153686523,41.1009979248047,40.4030723571777,39.7617340087891,-9999,-9999,-9999,-9999,-9999,-9999,-9999,-9999,-9999,-9999,-9999,-9999,-9999,-9999,-9999,-9999,-9999,-9999,-9999,-9999,-9999,-9999,-9999,-9999,-9999,-9999,-9999,-9999,-9999,-9999,-9999,-9999,-9999,-9999,-9999,-9999,-9999,-9999,-9999,-9999,-9999,-9999,-9999,-9999,-9999,-9999,-9999,-9999,-9999,-9999,-9999,-9999,-9999,-9999,-9999,-9999,-9999,-9999,-9999,-9999,-9999,-9999,-9999,-9999,-9999,-9999,-9999,-9999,-9999,-9999,-9999,-9999,-9999,-9999,-9999,-9999,-9999,-9999,-9999,-9999,36.3546028137207,36.5744972229004,36.6753845214844,36.8389015197754,37.0971832275391,36.9707183837891,36.3934516906738,33.8417282104492,29.7625064849854,27.1286106109619,24.9458198547363,20.6428337097168,15.6443367004395,19.0857067108154,21.0196475982666,17.9438190460205,16.9447708129883,21.100040435791,17.6035022735596,-9999,-9999,-9999,-9999,-9999,-9999,-9999,-9999,-9999,-9999,-9999,-9999,-9999,-9999,-9999
-9999,-9999,-9999,-9999,30.6629848480225,30.1611747741699,30.8841209411621,34.9334678649902,39.0871353149414,40.1567115783691,40.800178527832,40.6437454223633,40.5378341674805,40.6415481567383,40.3191452026367,39.4843597412109,-9999,-9999,-9999,-9999,-9999,-9999,-9999,-9999,-9999,-9999,-9999,-9999,-9999,-9999,-9999,-9999,-9999,-9999,-9999,-9999,-9999,-9999,-9999,-9999,-9999,-9999,-9999,-9999,-9999,-9999,-9999,-9999,-9999,-9999,-9999,-9999,-9999,-9999,-9999,-9999,-9999,-9999,-9999,-9999,-9999,-9999,-9999,-9999,-9999,-9999,-9999,-9999,-9999,-9999,-9999,-9999,-9999,-9999,-9999,-9999,-9999,-9999,-9999,-9999,-9999,-9999,-9999,-9999,-9999,-9999,-9999,-9999,-9999,-9999,-9999,-9999,-9999,-9999,-9999,-9999,-9999,36.0513343811035,36.2710800170898,36.339599609375,36.4916305541992,36.7718772888184,36.9470481872559,36.9753036499023,36.0255432128906,34.3640403747559,30.4575634002686,25.5501708984375,22.9991016387939,20.5837421417236,18.830207824707,17.3565311431885,16.2683715820313,15.9436683654785,17.4680309295654,18.9951992034912,-9999,-9999,-9999,-9999,-9999,-9999,-9999,-9999,-9999,-9999,-9999,-9999,-9999,-9999,-9999
-9999,-9999,-9999,-9999,30.8178958892822,30.8527679443359,31.6490001678467,36.4190330505371,40.4426383972168,40.4813385009766,40.2757453918457,40.3648529052734,40.3486251831055,40.1484260559082,39.6129150390625,-9999,-9999,-9999,-9999,-9999,-9999,-9999,-9999,-9999,-9999,-9999,-9999,-9999,-9999,-9999,-9999,-9999,-9999,-9999,-9999,-9999,-9999,-9999,-9999,-9999,-9999,-9999,-9999,-9999,-9999,-9999,-9999,-9999,-9999,-9999,-9999,-9999,-9999,-9999,-9999,-9999,-9999,-9999,-9999,-9999,-9999,-9999,-9999,-9999,-9999,-9999,-9999,-9999,-9999,-9999,-9999,-9999,-9999,-9999,-9999,-9999,-9999,-9999,-9999,-9999,-9999,-9999,-9999,-9999,-9999,-9999,-9999,-9999,-9999,-9999,-9999,-9999,-9999,-9999,-9999,-9999,-9999,35.706485748291,35.9346466064453,35.9774169921875,36.0886077880859,36.3001861572266,36.5538673400879,36.8408355712891,36.7532997131348,36.3737716674805,32.1143074035645,25.9533634185791,24.282958984375,23.2820014953613,18.4994602203369,14.3484554290771,15.124568939209,15.848762512207,15.9330320358276,16.5835475921631,13.6373128890991,-9999,-9999,-9999,-9999,-9999,-9999,-9999,-9999,-9999,-9999,-9999,-9999,-9999,-9999
-9999,-9999,-9999,-9999,31.1515522003174,31.0401382446289,32.0881843566895,36.4939155578613,40.4093780517578,40.4247703552246,40.2296905517578,40.5674285888672,40.5689888000488,39.8657455444336,39.019832611084,-9999,-9999,-9999,-9999,-9999,-9999,-9999,-9999,-9999,-9999,-9999,-9999,-9999,-9999,-9999,-9999,-9999,-9999,-9999,-9999,-9999,-9999,-9999,-9999,-9999,-9999,-9999,-9999,-9999,-9999,-9999,-9999,-9999,-9999,-9999,-9999,-9999,-9999,-9999,-9999,-9999,-9999,-9999,-9999,-9999,-9999,-9999,-9999,-9999,-9999,-9999,-9999,-9999,-9999,-9999,-9999,-9999,-9999,-9999,-9999,-9999,-9999,-9999,-9999,-9999,-9999,-9999,-9999,-9999,-9999,-9999,-9999,-9999,-9999,-9999,-9999,-9999,-9999,-9999,-9999,-9999,-9999,35.3085136413574,35.5567512512207,35.5829696655273,35.610408782959,35.629825592041,35.6742858886719,35.7391891479492,35.7054100036621,35.578426361084,31.7222023010254,26.1560745239258,24.3256912231445,22.9498348236084,17.5285205841064,12.7908611297607,15.0450077056885,16.6820602416992,17.2075977325439,17.8022689819336,18.7820777893066,14.159125328064,-9999,-9999,-9999,-9999,-9999,-9999,-9999,-9999,-9999,-9999,-9999,-9999,-9999
-9999,-9999,-9999,-9999,26.7284755706787,31.2376708984375,32.1216125488281,35.7031059265137,38.9167518615723,39.1223793029785,39.1924591064453,40.0763702392578,40.3748397827148,39.5402488708496,-9999,-9999,-9999,-9999,-9999,-9999,-9999,-9999,-9999,-9999,-9999,-9999,-9999,-9999,-9999,-9999,-9999,-9999,-9999,-9999,-9999,-9999,-9999,-9999,-9999,-9999,-9999,-9999,-9999,-9999,-9999,-9999,-9999,-9999,-9999,-9999,-9999,-9999,-9999,-9999,-9999,-9999,-9999,-9999,-9999,-9999,-9999,-9999,-9999,-9999,-9999,-9999,-9999,-9999,-9999,-9999,-9999,-9999,-9999,-9999,-9999,-9999,-9999,-9999,-9999,-9999,-9999,-9999,-9999,-9999,-9999,-9999,-9999,-9999,-9999,-9999,-9999,-9999,-9999,-9999,-9999,-9999,-9999,34.8740005493164,35.1404647827148,35.1814804077148,35.178638458252,35.094051361084,35.0899467468262,35.1642875671387,34.9935455322266,34.6690139770508,32.4666290283203,29.5052242279053,26.3699245452881,22.8387145996094,18.574951171875,14.6952095031738,15.3183479309082,15.9852352142334,16.5182609558105,17.3821239471436,18.2588024139404,18.9160118103027,17.0169696807861,16.6838893890381,-9999,-9999,-9999,-9999,-9999,-9999,-9999,-9999,-9999,-9999,-9999
-9999,-9999,-9999,-9999,29.2199001312256,31.4615116119385,32.5925559997559,34.4076156616211,36.1277809143066,36.6420745849609,37.3182640075684,39.031909942627,39.8636016845703,39.1826133728027,-9999,-9999,-9999,-9999,-9999,-9999,-9999,-9999,-9999,-9999,-9999,-9999,-9999,-9999,-9999,-9999,-9999,-9999,-9999,-9999,-9999,-9999,-9999,-9999,-9999,-9999,-9999,-9999,-9999,-9999,-9999,-9999,-9999,-9999,-9999,-9999,-9999,-9999,-9999,-9999,-9999,-9999,-9999,-9999,-9999,-9999,-9999,-9999,-9999,-9999,-9999,-9999,-9999,-9999,-9999,-9999,-9999,-9999,-9999,-9999,-9999,-9999,-9999,-9999,-9999,-9999,-9999,-9999,-9999,-9999,-9999,-9999,-9999,-9999,-9999,-9999,-9999,-9999,-9999,-9999,-9999,-9999,-9999,-9999,34.6923179626465,34.7729377746582,34.7813034057617,34.6646308898926,34.7422332763672,35.0091438293457,34.5556182861328,33.637336730957,33.9446334838867,34.5377082824707,29.6098327636719,23.1241836547852,21.1560955047607,19.0258884429932,15.8489274978638,13.5993947982788,14.2866640090942,15.5242252349854,17.6473503112793,18.6823348999023,18.91823387146,-9999,-9999,-9999,-9999,-9999,-9999,-9999,-9999,-9999,-9999,-9999,-9999
-9999,-9999,-9999,-9999,28.6655731201172,30.6782245635986,30.5624961853027,31.4674167633057,32.4309005737305,34.7345390319824,36.8937530517578,38.2744560241699,38.961311340332,38.7341232299805,-9999,-9999,-9999,-9999,-9999,-9999,-9999,-9999,-9999,-9999,-9999,-9999,-9999,-9999,-9999,-9999,-9999,-9999,-9999,-9999,-9999,-9999,-9999,-9999,-9999,-9999,-9999,-9999,-9999,-9999,-9999,-9999,-9999,-9999,-9999,-9999,-9999,-9999,-9999,-9999,-9999,-9999,-9999,-9999,-9999,-9999,-9999,-9999,-9999,-9999,-9999,-9999,-9999,-9999,-9999,-9999,-9999,-9999,-9999,-9999,-9999,-9999,-9999,-9999,-9999,-9999,-9999,-9999,-9999,-9999,-9999,-9999,-9999,-9999,-9999,-9999,-9999,-9999,-9999,-9999,-9999,-9999,-9999,-9999,34.2840118408203,34.3801345825195,34.4017372131348,34.2956848144531,34.4233474731445,34.7722015380859,34.5313606262207,33.9218521118164,34.7858657836914,35.9652252197266,30.6105728149414,23.4362049102783,21.8251113891602,20.0013122558594,15.4777631759644,12.2404565811157,12.3778209686279,13.7818927764893,17.0685005187988,23.520092010498,31.8487548828125,29.8848743438721,34.4011421203613,-9999,-9999,-9999,-9999,-9999,-9999,-9999,-9999,-9999,-9999
-9999,-9999,-9999,-9999,-9999,22.081413269043,27.9914817810059,29.2654685974121,28.8205299377441,33.2142448425293,36.8236656188965,37.4889755249023,37.8521995544434,38.2368927001953,-9999,-9999,-9999,-9999,-9999,-9999,-9999,-9999,-9999,-9999,-9999,-9999,-9999,-9999,-9999,-9999,-9999,-9999,-9999,-9999,-9999,-9999,-9999,-9999,-9999,-9999,-9999,-9999,-9999,-9999,-9999,-9999,-9999,-9999,-9999,-9999,-9999,-9999,-9999,-9999,-9999,-9999,-9999,-9999,-9999,-9999,-9999,-9999,-9999,-9999,-9999,-9999,-9999,-9999,-9999,-9999,-9999,-9999,-9999,-9999,-9999,-9999,-9999,-9999,-9999,-9999,-9999,-9999,-9999,-9999,-9999,-9999,-9999,-9999,-9999,-9999,-9999,-9999,-9999,-9999,-9999,-9999,-9999,-9999,33.8896446228027,33.991138458252,34.0272254943848,33.9546356201172,34.1167831420898,34.4973030090332,34.6906623840332,34.7630386352539,35.4215049743652,36.1166458129883,30.7524890899658,23.7545585632324,22.1372509002686,19.9060859680176,14.9243612289429,10.9506273269653,10.7742328643799,12.2541351318359,16.1310863494873,23.0760021209717,31.5333290100098,34.1925010681152,35.1318893432617,32.194019317627,-9999,-9999,-9999,-9999,-9999,-9999,-9999,-9999,-9999
-9999,-9999,-9999,-9999,-9999,25.1633415222168,26.4552536010742,26.1736373901367,27.716947555542,32.9330215454102,36.7761077880859,37.1695251464844,37.5516586303711,38.0389289855957,-9999,-9999,-9999,-9999,-9999,-9999,-9999,-9999,-9999,-9999,-9999,-9999,-9999,-9999,-9999,-9999,-9999,-9999,-9999,-9999,-9999,-9999,-9999,-9999,-9999,-9999,-9999,-9999,-9999,-9999,-9999,-9999,-9999,-9999,-9999,-9999,-9999,-9999,-9999,-9999,-9999,-9999,-9999,-9999,-9999,-9999,-9999,-9999,-9999,-9999,-9999,-9999,-9999,-9999,-9999,-9999,-9999,-9999,-9999,-9999,-9999,-9999,-9999,-9999,-9999,-9999,-9999,-9999,-9999,-9999,-9999,-9999,-9999,-9999,-9999,-9999,-9999,-9999,-9999,-9999,-9999,-9999,-9999,-9999,33.5021018981934,33.6112899780273,33.6660766601563,33.6376876831055,33.7801513671875,34.0765228271484,34.2806396484375,34.4138984680176,35.1188621520996,35.8375854492188,30.7833061218262,24.047966003418,22.292573928833,20.0048675537109,14.7028217315674,10.9990472793579,11.6020469665527,13.5241575241089,17.0461769104004,22.5731945037842,29.0350246429443,33.348876953125,37.2596893310547,37.9856185913086,-9999,-9999,-9999,-9999,-9999,-9999,-9999,-9999,-9999
-9999,-9999,-9999,-9999,-9999,25.0818176269531,25.2453098297119,26.0938816070557,27.3885612487793,32.9682579040527,36.8502426147461,37.1119232177734,37.4202308654785,37.9044418334961,-9999,-9999,-9999,-9999,-9999,-9999,-9999,-9999,-9999,-9999,-9999,-9999,-9999,-9999,-9999,-9999,-9999,-9999,-9999,-9999,-9999,-9999,-9999,-9999,-9999,-9999,-9999,-9999,-9999,-9999,-9999,-9999,-9999,-9999,-9999,-9999,-9999,-9999,-9999,-9999,-9999,-9999,-9999,-9999,-9999,-9999,-9999,-9999,-9999,-9999,-9999,-9999,-9999,-9999,-9999,-9999,-9999,-9999,-9999,-9999,-9999,-9999,-9999,-9999,-9999,-9999,-9999,-9999,-9999,-9999,-9999,-9999,-9999,-9999,-9999,-9999,-9999,-9999,-9999,-9999,-9999,-9999,-9999,-9999,-9999,33.2290267944336,33.3041381835938,33.3241691589355,33.4352798461914,33.6238174438477,33.7458343505859,33.8051452636719,34.6415939331055,35.5201988220215,30.7193260192871,24.3035488128662,22.6364707946777,20.3462066650391,14.6778907775879,11.0056295394897,12.8430795669556,15.3205757141113,18.3722496032715,21.9441204071045,25.8813724517822,31.352991104126,36.6357498168945,38.535041809082,-9999,-9999,-9999,-9999,-9999,-9999,-9999,-9999,-9999
-9999,-9999,-9999,-9999,-9999,-9999,24.3050365447998,24.6772956848145,25.96901512146,32.0871276855469,36.4012489318848,36.8394203186035,37.1717376708984,-9999,-9999,-9999,-9999,-9999,-9999,-9999,-9999,-9999,-9999,-9999,-9999,-9999,-9999,-9999,-9999,-9999,-9999,-9999,-9999,-9999,-9999,-9999,-9999,-9999,-9999,-9999,-9999,-9999,-9999,-9999,-9999,-9999,-9999,-9999,-9999,-9999,-9999,-9999,-9999,-9999,-9999,-9999,-9999,-9999,-9999,-9999,-9999,-9999,-9999,-9999,-9999,-9999,-9999,-9999,-9999,-9999,-9999,-9999,-9999,-9999,-9999,-9999,-9999,-9999,-9999,-9999,-9999,-9999,-9999,-9999,-9999,-9999,-9999,-9999,-9999,-9999,-9999,-9999,-9999,-9999,-9999,-9999,-9999,-9999,-9999,32.9591674804688,33.0595016479492,33.119873046875,33.2193946838379,33.3470497131348,33.6684265136719,34.0819892883301,34.6037902832031,35.0040130615234,30.4697570800781,24.580696105957,22.9763317108154,21.0247631072998,17.8087787628174,15.0365648269653,13.7176666259766,13.4399900436401,14.8414268493652,19.2636680603027,25.6126251220703,29.8848514556885,32.6685409545898,34.3095245361328,-9999,-9999,-9999,-9999,-9999,-9999,-9999,-9999,-9999
-9999,-9999,-9999,-9999,-9999,-9999,22.8121147155762,22.5641822814941,24.34326171875,31.4045715332031,36.0453491210938,36.5475769042969,36.9046211242676,-9999,-9999,-9999,-9999,-9999,-9999,-9999,-9999,-9999,-9999,-9999,-9999,-9999,-9999,-9999,-9999,-9999,-9999,-9999,-9999,-9999,-9999,-9999,-9999,-9999,-9999,-9999,-9999,-9999,-9999,-9999,-9999,-9999,-9999,-9999,-9999,-9999,-9999,-9999,-9999,-9999,-9999,-9999,-9999,-9999,-9999,-9999,-9999,-9999,-9999,-9999,-9999,-9999,-9999,-9999,-9999,-9999,-9999,-9999,-9999,-9999,-9999,-9999,-9999,-9999,-9999,-9999,-9999,-9999,-9999,-9999,-9999,-9999,-9999,-9999,-9999,-9999,-9999,-9999,-9999,-9999,-9999,-9999,-9999,-9999,-9999,32.7028656005859,32.8258399963379,32.9170761108398,33.0048904418945,33.0819511413574,33.5905570983887,34.3323364257813,34.552848815918,34.5079460144043,30.2499618530273,24.8347225189209,23.3578491210938,21.8446922302246,20.6827812194824,18.6613254547119,14.2430610656738,11.4036293029785,11.2718334197998,16.5600662231445,25.0616798400879,27.4442138671875,28.1808128356934,24.2459144592285,17.7109222412109,15.8220586776733,-9999,-9999,-9999,-9999,-9999,-9999,-9999
-9999,-9999,-9999,-9999,-9999,-9999,21.455680847168,21.9131202697754,22.8841533660889,30.2428073883057,35.2833290100098,36.0116119384766,36.6264190673828,-9999,-9999,-9999,-9999,-9999,-9999,-9999,-9999,-9999,-9999,-9999,-9999,-9999,-9999,-9999,-9999,-9999,-9999,-9999,-9999,-9999,-9999,-9999,-9999,-9999,-9999,-9999,-9999,-9999,-9999,-9999,-9999,-9999,-9999,-9999,-9999,-9999,-9999,-9999,-9999,-9999,-9999,-9999,-9999,-9999,-9999,-9999,-9999,-9999,-9999,-9999,-9999,-9999,-9999,-9999,-9999,-9999,-9999,-9999,-9999,-9999,-9999,-9999,-9999,-9999,-9999,-9999,-9999,-9999,-9999,-9999,-9999,-9999,-9999,-9999,-9999,-9999,-9999,-9999,-9999,-9999,-9999,-9999,-9999,-9999,-9999,32.5689888000488,32.6625137329102,32.6873550415039,32.7479019165039,32.8315696716309,33.320686340332,34.0308837890625,34.2594413757324,34.2691459655762,30.1621761322021,24.9746589660645,23.6091003417969,22.2229099273682,20.911003112793,18.8169784545898,13.7583208084106,11.5681381225586,12.7834482192993,15.9797334671021,20.6281127929688,21.9089546203613,21.450122833252,19.5371742248535,17.405237197876,13.459641456604,8.08345031738281,-9999,-9999,-9999,-9999,-9999,-9999
-9999,-9999,-9999,-9999,-9999,-9999,-9999,-9999,-9999,-9999,-9999,-9999,-9999,-9999,-9999,-9999,-9999,-9999,-9999,-9999,-9999,-9999,-9999,-9999,-9999,-9999,-9999,-9999,-9999,-9999,-9999,-9999,-9999,-9999,-9999,-9999,-9999,-9999,-9999,-9999,-9999,-9999,-9999,-9999,-9999,-9999,-9999,-9999,-9999,-9999,-9999,-9999,-9999,-9999,-9999,-9999,-9999,-9999,-9999,-9999,-9999,-9999,-9999,-9999,-9999,-9999,-9999,-9999,-9999,-9999,-9999,-9999,-9999,-9999,-9999,-9999,-9999,-9999,-9999,-9999,-9999,-9999,-9999,-9999,-9999,-9999,-9999,-9999,-9999,-9999,-9999,-9999,-9999,-9999,-9999,-9999,-9999,-9999,-9999,-9999,32.4875335693359,32.4576606750488,32.5012893676758,32.6035652160645,33.0864944458008,33.7772445678711,33.9938087463379,33.9832801818848,30.5939178466797,26.3957576751709,24.4781379699707,22.5642700195313,21.2514247894287,18.9137840270996,13.7281293869019,11.5804500579834,13.7996664047241,15.3301944732666,16.4053955078125,15.8787708282471,14.6292409896851,15.0449552536011,15.7459363937378,9.92261409759521,7.60638952255249,3.0203549861908,-9999,-9999,-9999,-9999,-9999
-9999,-9999,-9999,-9999,-9999,-9999,-9999,-9999,-9999,-9999,-9999,-9999,-9999,-9999,-9999,-9999,-9999,-9999,-9999,-9999,-9999,-9999,-9999,-9999,-9999,-9999,-9999,-9999,-9999,-9999,-9999,-9999,-9999,-9999,-9999,-9999,-9999,-9999,-9999,-9999,-9999,-9999,-9999,-9999,-9999,-9999,-9999,-9999,-9999,-9999,-9999,-9999,-9999,-9999,-9999,-9999,-9999,-9999,-9999,-9999,-9999,-9999,-9999,-9999,-9999,-9999,-9999,-9999,-9999,-9999,-9999,-9999,-9999,-9999,-9999,-9999,-9999,-9999,-9999,-9999,-9999,-9999,-9999,-9999,-9999,-9999,-9999,-9999,-9999,-9999,-9999,-9999,-9999,-9999,-9999,-9999,-9999,-9999,-9999,-9999,32.276252746582,32.2349281311035,32.3035316467285,32.4695777893066,32.9922828674316,33.706916809082,33.8786087036133,33.8132247924805,33.0314178466797,32.0391120910645,27.4299087524414,22.8255729675293,21.5328025817871,19.19921875,13.8332033157349,11.4505939483643,12.9460105895996,13.7664308547974,13.3900690078735,12.0999393463135,10.2545862197876,9.7599573135376,9.65001964569092,6.82850646972656,3.40833330154419,3.29467964172363,2.7764036655426,-9999,-9999,-9999,-9999
-9999,-9999,-9999,-9999,-9999,-9999,-9999,-9999,-9999,-9999,-9999,-9999,-9999,-9999,-9999,-9999,-9999,-9999,-9999,-9999,-9999,-9999,-9999,-9999,-9999,-9999,-9999,-9999,-9999,-9999,-9999,-9999,-9999,-9999,-9999,-9999,-9999,-9999,-9999,-9999,-9999,-9999,-9999,-9999,-9999,-9999,-9999,-9999,-9999,-9999,-9999,-9999,-9999,-9999,-9999,-9999,-9999,-9999,-9999,-9999,-9999,-9999,-9999,-9999,-9999,-9999,-9999,-9999,-9999,-9999,-9999,-9999,-9999,-9999,-9999,-9999,-9999,-9999,-9999,-9999,-9999,-9999,-9999,-9999,-9999,-9999,-9999,-9999,-9999,-9999,-9999,-9999,-9999,-9999,-9999,-9999,-9999,-9999,-9999,-9999,32.0831871032715,32.0544052124023,32.1450576782227,32.3578071594238,32.7984504699707,33.3608589172363,33.6159858703613,33.7030715942383,34.5352668762207,35.2494049072266,29.2787284851074,23.0605392456055,21.8481826782227,19.5103454589844,14.1348171234131,11.3526029586792,12.4538555145264,12.3384418487549,10.919303894043,9.24041271209717,7.30262470245361,6.22214651107788,5.24405717849731,4.1576075553894,3.45248985290527,2.78491687774658,2.52121520042419,-9999,-9999,-9999,-9999
-9999,-9999,-9999,-9999,-9999,-9999,-9999,-9999,-9999,-9999,-9999,-9999,-9999,-9999,-9999,-9999,-9999,-9999,-9999,-9999,-9999,-9999,-9999,-9999,-9999,-9999,-9999,-9999,-9999,-9999,-9999,-9999,-9999,-9999,-9999,-9999,-9999,-9999,-9999,-9999,-9999,-9999,-9999,-9999,-9999,-9999,-9999,-9999,-9999,-9999,-9999,-9999,-9999,-9999,-9999,-9999,-9999,-9999,-9999,-9999,-9999,-9999,-9999,-9999,-9999,-9999,-9999,-9999,-9999,-9999,-9999,-9999,-9999,-9999,-9999,-9999,-9999,-9999,-9999,-9999,-9999,-9999,-9999,-9999,-9999,-9999,-9999,-9999,-9999,-9999,-9999,-9999,-9999,-9999,-9999,-9999,-9999,-9999,-9999,-9999,-9999,31.9515171051025,32.0708503723145,32.2936477661133,32.4144821166992,32.4726295471191,33.0566062927246,33.6971702575684,34.5988655090332,35.3174781799316,29.4082145690918,23.2814292907715,22.1683177947998,19.9342193603516,14.586799621582,11.5933952331543,12.3984670639038,11.6045446395874,9.39643478393555,8.40879821777344,7.87827968597412,6.25865077972412,3.80833029747009,3.22453665733337,2.96835947036743,2.55548238754272,2.26472282409668,-9999,-9999,3.30919885635376,3.34618949890137
-9999,-9999,-9999,-9999,-9999,-9999,-9999,-9999,-9999,-9999,-9999,-9999,-9999,-9999,-9999,-9999,-9999,-9999,-9999,-9999,-9999,-9999,-9999,-9999,-9999,-9999,-9999,-9999,-9999,-9999,-9999,-9999,-9999,-9999,-9999,-9999,-9999,-9999,-9999,-9999,-9999,-9999,-9999,-9999,-9999,-9999,-9999,-9999,-9999,-9999,-9999,-9999,-9999,-9999,-9999,-9999,-9999,-9999,-9999,-9999,-9999,-9999,-9999,-9999,-9999,-9999,-9999,-9999,-9999,-9999,-9999,-9999,-9999,-9999,-9999,-9999,-9999,-9999,-9999,-9999,-9999,-9999,-9999,-9999,-9999,-9999,-9999,-9999,-9999,-9999,-9999,-9999,-9999,-9999,-9999,-9999,-9999,-9999,-9999,-9999,-9999,-9999,32.0146865844727,32.1907348632813,32.1464004516602,31.9601993560791,32.6814422607422,33.5656852722168,34.5623550415039,35.3624382019043,29.5878410339355,23.3295936584473,20.2156639099121,16.7552585601807,12.5909309387207,10.3279933929443,10.8781061172485,9.74254894256592,7.54293537139893,6.93290138244629,6.98166179656982,5.50132751464844,3.07374358177185,2.90012526512146,2.78438854217529,2.69863224029541,2.61641335487366,2.97677159309387,3.26883172988892,3.26660466194153,3.40544438362122
-9999,-9999,-9999,-9999,-9999,-9999,-9999,-9999,-9999,-9999,-9999,-9999,-9999,-9999,-9999,-9999,-9999,-9999,-9999,-9999,-9999,-9999,-9999,-9999,-9999,-9999,-9999,-9999,-9999,-9999,-9999,-9999,-9999,-9999,-9999,-9999,-9999,-9999,-9999,-9999,-9999,-9999,-9999,-9999,-9999,-9999,-9999,-9999,-9999,-9999,-9999,-9999,-9999,-9999,-9999,-9999,-9999,-9999,-9999,-9999,-9999,-9999,-9999,-9999,-9999,-9999,-9999,-9999,-9999,-9999,-9999,-9999,-9999,-9999,-9999,-9999,-9999,-9999,-9999,-9999,-9999,-9999,-9999,-9999,-9999,-9999,-9999,-9999,-9999,-9999,-9999,-9999,-9999,-9999,-9999,-9999,-9999,-9999,-9999,-9999,-9999,-9999,-9999,32.0474700927734,32.0091400146484,31.8914909362793,32.5031814575195,33.2146148681641,34.4303321838379,35.4386444091797,29.8663368225098,23.2271175384521,15.4317674636841,8.95680618286133,7.83862161636353,7.23628807067871,7.51943397521973,6.6473822593689,4.61956739425659,4.03310489654541,4.25843620300293,3.82524347305298,3.39764928817749,3.29813313484192,3.26053977012634,3.20001602172852,3.17887568473816,3.19043827056885,3.15827679634094,3.06287050247192,2.87067651748657
-9999,-9999,-9999,-9999,-9999,-9999,-9999,-9999,-9999,-9999,-9999,-9999,-9999,-9999,-9999,-9999,-9999,-9999,-9999,-9999,-9999,-9999,-9999,-9999,-9999,-9999,-9999,-9999,-9999,-9999,-9999,-9999,-9999,-9999,-9999,-9999,-9999,-9999,-9999,-9999,-9999,-9999,-9999,-9999,-9999,-9999,-9999,-9999,-9999,-9999,-9999,-9999,-9999,-9999,-9999,-9999,-9999,-9999,-9999,-9999,-9999,-9999,-9999,-9999,-9999,-9999,-9999,-9999,-9999,-9999,-9999,-9999,-9999,-9999,-9999,-9999,-9999,-9999,-9999,-9999,-9999,-9999,-9999,-9999,-9999,-9999,-9999,-9999,-9999,-9999,-9999,-9999,-9999,-9999,-9999,-9999,-9999,-9999,-9999,-9999,-9999,-9999,-9999,31.9119625091553,31.9593563079834,32.0331115722656,32.3905487060547,32.7466735839844,33.8798980712891,34.8967628479004,29.7574920654297,23.3299026489258,13.6790475845337,6.11274909973145,6.62620830535889,6.83871221542358,6.89097833633423,5.96045017242432,3.56221199035645,2.75063824653625,2.90039801597595,3.07503938674927,3.24865484237671,3.21766901016235,3.25539541244507,3.24268674850464,3.20021891593933,2.90032625198364,4.4798641204834,9.50611114501953,15.0196056365967
-9999,-9999,-9999,-9999,-9999,-9999,-9999,-9999,-9999,-9999,-9999,-9999,-9999,-9999,-9999,-9999,-9999,-9999,-9999,-9999,-9999,-9999,-9999,-9999,-9999,-9999,-9999,-9999,-9999,-9999,-9999,-9999,-9999,-9999,-9999,-9999,-9999,-9999,-9999,-9999,-9999,-9999,-9999,-9999,-9999,-9999,-9999,-9999,-9999,-9999,-9999,-9999,-9999,-9999,-9999,-9999,-9999,-9999,-9999,-9999,-9999,-9999,-9999,-9999,-9999,-9999,-9999,-9999,-9999,-9999,-9999,-9999,-9999,-9999,-9999,-9999,-9999,-9999,-9999,-9999,-9999,-9999,-9999,-9999,-9999,-9999,-9999,-9999,-9999,-9999,-9999,-9999,-9999,-9999,-9999,-9999,-9999,-9999,-9999,-9999,-9999,-9999,-9999,-9999,31.9815006256104,32.3123741149902,32.4613761901855,32.5005531311035,33.057544708252,33.9344024658203,29.348201751709,22.8063869476318,13.3309726715088,6.45757150650024,7.26617908477783,7.69222784042358,7.67789745330811,6.45402050018311,3.70072865486145,2.57489800453186,2.59131526947021,2.71277093887329,2.78784871101379,2.44970870018005,2.44893383979797,2.40055060386658,2.38530898094177,2.11247682571411,6.64743709564209,20.176700592041,30.8258361816406
-9999,-9999,-9999,-9999,-9999,-9999,-9999,-9999,-9999,-9999,-9999,-9999,-9999,-9999,-9999,-9999,-9999,-9999,-9999,-9999,-9999,-9999,-9999,-9999,-9999,-9999,-9999,-9999,-9999,-9999,-9999,-9999,-9999,-9999,-9999,-9999,-9999,-9999,-9999,-9999,-9999,-9999,-9999,-9999,-9999,-9999,-9999,-9999,-9999,-9999,-9999,-9999,-9999,-9999,-9999,-9999,-9999,-9999,-9999,-9999,-9999,-9999,-9999,-9999,-9999,-9999,-9999,-9999,-9999,-9999,-9999,-9999,-9999,-9999,-9999,-9999,-9999,-9999,-9999,-9999,-9999,-9999,-9999,-9999,-9999,-9999,-9999,-9999,-9999,-9999,-9999,-9999,-9999,-9999,-9999,-9999,-9999,-9999,-9999,-9999,-9999,-9999,-9999,-9999,-9999,-9999,32.2193603515625,32.1246490478516,32.6798973083496,33.2415351867676,30.3382511138916,25.9514312744141,18.8236255645752,13.264594078064,11.6090660095215,10.4062623977661,10.7499732971191,9.90703582763672,7.96912956237793,8.76350975036621,10.9140014648438,11.1737747192383,10.5803623199463,12.0781831741333,14.216028213501,15.6490440368652,16.6104831695557,16.0742168426514,18.3778400421143,26.197961807251,32.6709136962891
-9999,-9999,-9999,-9999,-9999,-9999,-9999,-9999,-9999,-9999,-9999,-9999,-9999,-9999,-9999,-9999,-9999,-9999,-9999,-9999,-9999,-9999,-9999,-9999,-9999,-9999,-9999,-9999,-9999,-9999,-9999,-9999,-9999,-9999,-9999,-9999,-9999,-9999,-9999,-9999,-9999,-9999,-9999,-9999,-9999,-9999,-9999,-9999,-9999,-9999,-9999,-9999,-9999,-9999,-9999,-9999,-9999,-9999,-9999,-9999,-9999,-9999,-9999,-9999,-9999,-9999,-9999,-9999,-9999,-9999,-9999,-9999,-9999,-9999,-9999,-9999,-9999,-9999,-9999,-9999,-9999,-9999,-9999,-9999,-9999,-9999,-9999,-9999,-9999,-9999,-9999,-9999,-9999,-9999,-9999,-9999,-9999,-9999,-9999,-9999,-9999,-9999,-9999,-9999,-9999,-9999,-9999,-9999,31.9196853637695,32.1748657226563,31.886287689209,31.1811256408691,27.6067390441895,23.1702728271484,17.8507843017578,14.8400201797485,15.3886575698853,15.4889326095581,14.4730234146118,17.6659927368164,22.5830059051514,22.8731803894043,22.0307579040527,24.8062992095947,27.6532516479492,29.9275341033936,31.5869293212891,31.0119934082031,30.6056003570557,30.5789318084717,-9999
-9999,-9999,-9999,-9999,-9999,-9999,-9999,-9999,-9999,-9999,-9999,-9999,-9999,-9999,-9999,-9999,-9999,-9999,-9999,-9999,-9999,-9999,-9999,-9999,-9999,-9999,-9999,-9999,-9999,-9999,-9999,-9999,-9999,-9999,-9999,-9999,-9999,-9999,-9999,-9999,-9999,-9999,-9999,-9999,-9999,-9999,-9999,-9999,-9999,-9999,-9999,-9999,-9999,-9999,-9999,-9999,-9999,-9999,-9999,-9999,-9999,-9999,-9999,-9999,-9999,-9999,-9999,-9999,-9999,-9999,-9999,-9999,-9999,-9999,-9999,-9999,-9999,-9999,-9999,-9999,-9999,-9999,-9999,-9999,-9999,-9999,-9999,-9999,-9999,-9999,-9999,-9999,-9999,-9999,-9999,-9999,-9999,-9999,-9999,-9999,-9999,-9999,-9999,-9999,-9999,-9999,-9999,-9999,-9999,-9999,31.6537418365479,31.4518814086914,29.6318340301514,27.4845123291016,24.5921688079834,22.8283958435059,22.9506568908691,22.7777042388916,22.3308696746826,23.9937381744385,26.5813827514648,26.7821350097656,26.3830986022949,27.8578567504883,29.4069137573242,30.6907444000244,31.6409473419189,31.2537250518799,-9999,-9999,-9999
-9999,-9999,-9999,-9999,-9999,-9999,-9999,-9999,-9999,-9999,-9999,-9999,-9999,-9999,-9999,-9999,-9999,-9999,-9999,-9999,-9999,-9999,-9999,-9999,-9999,-9999,-9999,-9999,-9999,-9999,-9999,-9999,-9999,-9999,-9999,-9999,-9999,-9999,-9999,-9999,-9999,-9999,-9999,-9999,-9999,-9999,-9999,-9999,-9999,-9999,-9999,-9999,-9999,-9999,-9999,-9999,-9999,-9999,-9999,-9999,-9999,-9999,-9999,-9999,-9999,-9999,-9999,-9999,-9999,-9999,-9999,-9999,-9999,-9999,-9999,-9999,-9999,-9999,-9999,-9999,-9999,-9999,-9999,-9999,-9999,-9999,-9999,-9999,-9999,-9999,-9999,-9999,-9999,-9999,-9999,-9999,-9999,-9999,-9999,-9999,-9999,-9999,-9999,-9999,-9999,-9999,-9999,-9999,-9999,-9999,-9999,-9999,-9999,-9999,-9999,-9999,-9999,-9999,-9999,-9999,-9999,-9999,-9999,-9999,-9999,-9999,-9999,-9999,-9999,-9999,-9999
-9999,-9999,-9999,-9999,-9999,-9999,-9999,-9999,-9999,-9999,-9999,-9999,-9999,-9999,-9999,-9999,-9999,-9999,-9999,-9999,-9999,-9999,-9999,-9999,-9999,-9999,-9999,-9999,-9999,-9999,-9999,-9999,-9999,-9999,-9999,-9999,-9999,-9999,-9999,-9999,-9999,-9999,-9999,-9999,-9999,-9999,-9999,-9999,-9999,-9999,-9999,-9999,-9999,-9999,-9999,-9999,-9999,-9999,-9999,-9999,-9999,-9999,-9999,-9999,-9999,-9999,-9999,-9999,-9999,-9999,-9999,-9999,-9999,-9999,-9999,-9999,-9999,-9999,-9999,-9999,-9999,-9999,-9999,-9999,-9999,-9999,-9999,-9999,-9999,-9999,-9999,-9999,-9999,-9999,-9999,-9999,-9999,-9999,-9999,-9999,-9999,-9999,-9999,-9999,-9999,-9999,-9999,-9999,-9999,-9999,-9999,-9999,-9999,-9999,-9999,-9999,-9999,-9999,-9999,-9999,-9999,-9999,-9999,-9999,-9999,-9999,-9999,-9999,-9999,-9999,-9999

Step,277
Year,23.08333
-9999,-9999,-9999,-9999,-9999,-9999,-9999,-9999,-9999,-9999,-9999,-9999,-9999,-9999,-9999,-9999,-9999,-9999,-9999,-9999,-9999,-9999,-9999,-9999,-9999,-9999,-9999,-9999,-9999,-9999,-9999,-9999,-9999,-9999,-9999,-9999,-9999,-9999,-9999,-9999,-9999,-9999,-9999,-9999,-9999,-9999,-9999,-9999,-9999,-9999,-9999,-9999,-9999,-9999,-9999,-9999,-9999,-9999,-9999,-9999,-9999,-9999,-9999,-9999,-9999,-9999,-9999,-9999,-9999,-9999,-9999,-9999,-9999,-9999,-9999,-9999,-9999,-9999,-9999,-9999,-9999,-9999,-9999,-9999,-9999,-9999,-9999,-9999,-9999,-9999,-9999,-9999,-9999,-9999,-9999,-9999,-9999,-9999,-9999,-9999,-9999,-9999,-9999,-9999,-9999,-9999,-9999,-9999,-9999,-9999,-9999,-9999,-9999,-9999,-9999,-9999,-9999,-9999,-9999,-9999,-9999,-9999,-9999,-9999,-9999,-9999,-9999,-9999,-9999,-9999,-9999
-9999,-9999,-9999,-9999,-9999,-9999,-9999,-9999,-9999,-9999,-9999,-9999,-9999,-9999,-9999,-9999,-9999,-9999,-9999,-9999,-9999,-9999,-9999,-9999,-9999,-9999,-9999,-9999,-9999,-9999,-9999,-9999,-9999,-9999,-9999,-9999,-9999,-9999,-9999,-9999,-9999,-9999,-9999,-9999,-9999,-9999,-9999,-9999,-9999,-9999,-9999,-9999,-9999,-9999,-9999,-9999,-9999,-9999,-9999,-9999,-9999,-9999,-9999,-9999,-9999,-9999,-9999,-9999,-9999,-9999,-9999,-9999,-9999,-9999,-9999,-9999,-9999,-9999,-9999,-9999,-9999,-9999,-9999,-9999,-9999,-9999,-9999,-9999,-9999,-9999,-9999,-9999,-9999,-9999,-9999,-9999,-9999,-9999,-9999,-9999,-9999,-9999,-9999,-9999,-9999,-9999,-9999,-9999,-9999,-9999,-9999,-9999,-9999,-9999,-9999,-9999,-9999,-9999,-9999,-9999,-9999,-9999,-9999,-9999,-9999,-9999,-9999,-9999,-9999,-9999,-9999
-9999,-9999,-9999,-9999,-9999,-9999,-9999,-9999,-9999,-9999,-9999,-9999,-9999,-9999,-9999,-9999,-9999,-9999,-9999,-9999,-9999,-9999,-9999,-9999,-9999,-9999,-9999,-9999,-9999,-9999,-9999,-9999,-9999,-9999,-9999,-9999,-9999,-9999,-9999,-9999,-9999,-9999,-9999,-9999,-9999,-9999,-9999,-9999,-9999,-9999,-9999,-9999,-9999,-9999,-9999,-9999,-9999,-9999,-9999,-9999,-9999,-9999,-9999,-9999,-9999,-9999,-9999,-9999,-9999,-9999,-9999,-9999,-9999,-9999,37.2983551025391,37.7831268310547,-9999,-9999,-9999,-9999,-9999,-9999,-9999,-9999,-9999,-9999,-9999,-9999,-9999,-9999,-9999,-9999,-9999,-9999,-9999,-9999,-9999,-9999,-9999,-9999,-9999,-9999,-9999,-9999,-9999,-9999,-9999,-9999,-9999,-9999,-9999,-9999,-9999,-9999,-9999,-9999,-9999,-9999,-9999,-9999,-9999,-9999,-9999,-9999,-9999,-9999,-9999,-9999,-9999,-9999,-9999
-9999,-9999,-9999,-9999,-9999,-9999,-9999,-9999,-9999,-9999,-9999,-9999,-9999,-9999,-9999,-9999,-9999,-9999,-9999,-9999,-9999,-9999,-9999,-9999,-9999,-9999,-9999,-9999,-9999,-9999,-9999,-9999,-9999,-9999,-9999,-9999,-9999,-9999,-9999,-9999,-9999,-9999,-9999,-9999,-9999,-9999,-9999,-9999,-9999,-9999,-9999,-9999,-9999,-9999,-9999,-9999,-9999,-9999,-9999,-9999,-9999,-9999,-9999,-9999,-9999,-9999,-9999,-9999,-9999,-9999,-9999,-9999,-9999,-9999,38.1219177246094,37.6480026245117,-9999,-9999,-9999,-9999,-9999,-9999,-9999,-9999,-9999,-9999,-9999,-9999,-9999,-9999,-9999,-9999,-9999,-9999,-9999,-9999,-9999,-9999,-9999,-9999,-9999,-9999,-9999,-9999,-9999,-9999,-9999,-9999,-9999,-9999,-9999,-9999,-9999,-9999,-9999,-9999,-9999,-9999,-9999,-9999,-9999,-9999,-9999,-9999,-9999,-9999,-9999,-9999,-9999,-9999,-9999
-9999,-9999,-9999,-9999,-9999,-9999,-9999,-9999,-9999,-9999,-9999,-9999,-9999,-9999,-9999,-9999,-9999,-9999,-9999,-9999,-9999,-9999,-9999,-9999,-9999,-9999,-9999,-9999,-9999,-9999,-9999,-9999,-9999,-9999,-9999,-9999,-9999,-9999,-9999,-9999,-9999,-9999,-9999,-9999,-9999,-9999,-9999,-9999,-9999,-9999,-9999,-9999,-9999,-9999,-9999,-9999,6.17493144290659E-13,1.09004538728641E-08,1.08170645773953E-08,1.08022550904252E-08,-9999,-9999,-9999,-9999,-9999,38.6179122924805,38.5760231018066,39.4530372619629,39.4144592285156,37.185375213623,35.8321990966797,32.7500343322754,32.4359970092773,31.8619804382324,35.5529937744141,34.3874893188477,32.974967956543,-9999,-9999,25.2605857849121,23.8998260498047,22.9922313690186,23.6257381439209,30.4096336364746,33.4700622558594,35.481086730957,35.4488296508789,33.1586952209473,25.0129089355469,-9999,-9999,-9999,-9999,-9999,-9999,-9999,-9999,-9999,-9999,-9999,-9999,-9999,-9999,-9999,-9999,-9999,-9999,-9999,-9999,-9999,-9999,-9999,-9999,-9999,-9999,-9999,-9999,-9999,-9999,-9999,-9999,-9999,-9999,-9999,-9999,-9999,-9999,-9999,-9999,-9999,-9999
-9999,-9999,-9999,-9999,-9999,-9999,-9999,-9999,-9999,-9999,-9999,-9999,-9999,-9999,-9999,-9999,-9999,-9999,-9999,-9999,-9999,-9999,-9999,-9999,-9999,-9999,-9999,-9999,-9999,-9999,-9999,-9999,-9999,-9999,-9999,-9999,-9999,-9999,-9999,-9999,-9999,-9999,-9999,-9999,-9999,-9999,-9999,-9999,-9999,-9999,-9999,-9999,-9999,-9999,-9999,7.13173660751854E-13,2.48469635977244E-08,0.000671670597512275,0.000667943735606968,0.000667268526740372,0.00136916409246624,44.7409744262695,-9999,44.0487861633301,42.4498825073242,42.0368957519531,41.2309875488281,40.4318084716797,39.9385871887207,39.4269104003906,36.2603454589844,35.3631477355957,35.9534225463867,34.9891929626465,34.6001510620117,35.0647430419922,33.8022804260254,33.3911514282227,32.1737174987793,29.6416873931885,26.377326965332,23.6173610687256,26.7515773773193,29.8680591583252,34.1148414611816,36.4438438415527,36.3618621826172,34.0218391418457,28.5631866455078,22.4525890350342,15.9251775741577,-9999,-9999,-9999,-9999,-9999,-9999,-9999,-9999,-9999,-9999,-9999,-9999,-9999,-9999,-9999,-9999,-9999,-9999,-9999,-9999,-9999,-9999,-9999,-9999,-9999,-9999,-9999,-9999,-9999,-9999,-9999,-9999,-9999,-9999,-9999,-9999,-9999,-9999,-9999,-9999
-9999,-9999,-9999,-9999,-9999,-9999,-9999,-9999,-9999,-9999,-9999,-9999,-9999,-9999,-9999,-9999,-9999,-9999,-9999,-9999,-9999,-9999,-9999,-9999,-9999,-9999,-9999,-9999,-9999,-9999,-9999,-9999,-9999,-9999,-9999,-9999,-9999,-9999,-9999,-9999,-9999,-9999,-9999,-9999,-9999,-9999,-9999,-9999,-9999,-9999,-9999,-9999,-9999,-9999,-9999,1.44826124426345E-08,0.000772415427491069,45.888744354248,45.8314399719238,45.8820724487305,46.0371551513672,45.3990859985352,44.6272239685059,44.5788993835449,42.7162551879883,42.0838928222656,40.8356742858887,40.3963966369629,39.7998542785645,38.4962882995605,37.4664192199707,37.0547294616699,36.7573127746582,36.5286102294922,36.1442184448242,35.6844291687012,34.81201171875,33.7077140808105,31.8036632537842,29.5929908752441,26.6774463653564,24.0789833068848,27.2329063415527,31.9326171875,36.0409736633301,37.8982772827148,37.5116996765137,34.916805267334,29.417631149292,23.0024547576904,15.8869714736938,13.8404731750488,18.0591354370117,-9999,-9999,-9999,-9999,-9999,-9999,-9999,-9999,-9999,29.6931667327881,30.742338180542,32.4040603637695,-9999,-9999,-9999,-9999,-9999,-9999,-9999,-9999,-9999,-9999,-9999,-9999,-9999,-9999,-9999,-9999,-9999,-9999,-9999,-9999,-9999,-9999,-9999,-9999,-9999,-9999
-9999,-9999,-9999,-9999,-9999,-9999,-9999,-9999,-9999,-9999,-9999,-9999,-9999,-9999,-9999,-9999,-9999,-9999,-9999,-9999,-9999,-9999,-9999,-9999,-9999,-9999,-9999,-9999,-9999,-9999,-9999,39.3455848693848,-9999,-9999,-9999,40.4018516540527,-9999,-9999,-9999,-9999,-9999,-9999,-9999,-9999,-9999,-9999,-9999,-9999,-9999,-9999,-9999,-9999,-9999,-9999,-9999,-9999,-9999,45.457218170166,45.6827697753906,45.7818374633789,-9999,46.1735572814941,45.5906143188477,44.6759452819824,43.2778205871582,42.0992469787598,41.3068428039551,40.8488883972168,40.0536193847656,37.4990043640137,36.7321624755859,37.9818458557129,38.137451171875,37.6275978088379,37.0645370483398,36.6124877929688,35.8134117126465,34.9154319763184,34.646785736084,34.6842193603516,32.7662200927734,31.683780670166,34.746639251709,36.7880477905273,39.5500564575195,40.7879028320313,39.7930679321289,37.4850425720215,32.822624206543,29.418514251709,27.1895389556885,22.6414184570313,16.8221454620361,20.077974319458,-9999,-9999,-9999,-9999,-9999,-9999,-9999,-9999,34.0295753479004,36.7283744812012,35.958984375,34.6972312927246,33.5050506591797,-9999,-9999,-9999,-9999,-9999,-9999,-9999,-9999,-9999,-9999,-9999,-9999,-9999,-9999,-9999,-9999,-9999,-9999,-9999,-9999,-9999,-9999,-9999,-9999
-9999,-9999,-9999,-9999,-9999,-9999,-9999,-9999,-9999,-9999,-9999,-9999,-9999,-9999,-9999,-9999,-9999,-9999,-9999,-9999,-9999,-9999,-9999,-9999,-9999,-9999,-9999,-9999,-9999,-9999,38.8076629638672,38.5992851257324,-9999,-9999,40.286491394043,40.1038780212402,-9999,-9999,36.0733489990234,38.5519866943359,-9999,-9999,-9999,-9999,-9999,41.3890266418457,-9999,-9999,-9999,-9999,-9999,-9999,-9999,-9999,-9999,-9999,-9999,-9999,-9999,-9999,-9999,46.0377655029297,46.6265335083008,44.7789154052734,43.5061645507813,42.4795761108398,40.9726829528809,39.8177032470703,38.7172508239746,36.6117477416992,35.3506088256836,38.7752990722656,39.7070274353027,39.6315956115723,38.552303314209,38.0636405944824,37.2064170837402,36.2682228088379,37.7040596008301,39.2647018432617,39.7333679199219,38.8298835754395,39.7597885131836,40.729606628418,41.8781852722168,42.3178672790527,41.4419631958008,39.7028541564941,36.4529113769531,35.5811805725098,36.751033782959,30.1537609100342,18.0081253051758,20.047456741333,24.3355274200439,-9999,-9999,-9999,-9999,-9999,34.8771705627441,35.1611595153809,35.5425491333008,35.8327102661133,36.5625419616699,37.3679695129395,35.353630065918,32.6865425109863,-9999,-9999,-9999,-9999,-9999,-9999,-9999,-9999,-9999,-9999,-9999,-9999,-9999,-9999,-9999,-9999,-9999,-9999,-9999,-9999,-9999,-9999,-9999
-9999,-9999,-9999,-9999,-9999,-9999,-9999,-9999,-9999,-9999,-9999,-9999,-9999,-9999,-9999,-9999,-9999,-9999,-9999,-9999,-9999,-9999,-9999,38.6793174743652,38.9591102600098,-9999,-9999,-9999,-9999,38.4105949401855,38.7475280761719,38.6933059692383,38.6858444213867,39.3567085266113,39.9380264282227,40.0224838256836,37.4853134155273,35.8697700500488,36.2402877807617,-9999,38.8822364807129,41.012825012207,-9999,-9999,40.9867286682129,41.0622863769531,41.9359397888184,42.8872413635254,-9999,-9999,-9999,-9999,-9999,-9999,-9999,-9999,-9999,41.6706428527832,43.8874359130859,-9999,-9999,-9999,44.9653244018555,44.7831382751465,44.1512336730957,42.4673080444336,42.0153770446777,41.0346031188965,39.4733505249023,35.8416557312012,34.5362129211426,37.8986053466797,39.7125396728516,40.3028411865234,39.9091949462891,39.4905624389648,38.6714057922363,37.6848335266113,37.8666191101074,39.4597854614258,39.9141998291016,39.9344215393066,40.9711265563965,41.8294372558594,42.247615814209,42.3889350891113,42.0291519165039,40.9292106628418,38.3479385375977,36.6205978393555,35.786003112793,31.2179756164551,23.9414024353027,23.4072818756104,24.201488494873,21.2931785583496,20.8359718322754,22.2806663513184,22.8159580230713,24.8079719543457,29.6102180480957,34.9080772399902,34.9899978637695,35.6634521484375,36.2872505187988,37.4561653137207,38.0641822814941,35.3179130554199,33.5889434814453,34.618824005127,-9999,-9999,-9999,-9999,-9999,-9999,-9999,-9999,-9999,-9999,-9999,-9999,-9999,-9999,-9999,-9999,-9999,-9999,-9999,-9999,-9999
-9999,-9999,-9999,-9999,-9999,-9999,-9999,-9999,-9999,-9999,-9999,-9999,-9999,-9999,-9999,-9999,-9999,-9999,-9999,-9999,-9999,-9999,38.7299194335938,38.6500244140625,38.4386405944824,39.8792724609375,40.2854537963867,37.3412399291992,37.9329071044922,38.2937545776367,37.8225631713867,37.809211730957,37.4400787353516,38.007266998291,38.6777000427246,37.221549987793,35.8403358459473,35.3821105957031,35.4057502746582,36.0019493103027,37.3111991882324,39.5021209716797,40.6669692993164,40.7511978149414,40.9453964233398,41.6501960754395,42.2787170410156,43.2209510803223,43.2696990966797,-9999,-9999,-9999,-9999,-9999,-9999,-9999,-9999,39.7420425415039,40.8957176208496,42.2960662841797,-9999,-9999,44.0896186828613,44.2897567749023,45.2296600341797,43.9252548217773,42.4950103759766,40.8809814453125,38.1458015441895,34.8115577697754,33.5539245605469,37.4609146118164,39.4546012878418,40.70849609375,41.0238609313965,40.471492767334,39.8154640197754,39.3507881164551,39.313060760498,38.6742744445801,39.8877296447754,41.032341003418,42.0033531188965,42.7050895690918,42.5636138916016,42.4703674316406,42.4673156738281,41.8366317749023,40.3593063354492,37.9524192810059,34.7414665222168,31.7891502380371,28.5633544921875,25.7723770141602,23.5076732635498,22.2558765411377,21.9166431427002,24.0071887969971,24.1972045898438,23.6848106384277,26.0589008331299,32.419319152832,35.2947196960449,35.8675117492676,36.3484420776367,37.0418663024902,37.8167343139648,38.6828117370605,36.9058647155762,35.153003692627,-9999,-9999,-9999,-9999,-9999,-9999,-9999,-9999,-9999,-9999,-9999,-9999,-9999,-9999,-9999,-9999,-9999,-9999,-9999,-9999,-9999
-9999,-9999,-9999,-9999,-9999,-9999,-9999,-9999,-9999,-9999,-9999,-9999,-9999,-9999,-9999,-9999,-9999,-9999,-9999,-9999,-9999,-9999,39.0693893432617,37.7801856994629,37.942268371582,39.1459159851074,41.5098190307617,41.2637786865234,36.8728332519531,37.4400749206543,37.7981262207031,37.9021644592285,37.73828125,37.4278221130371,37.3284683227539,36.7473564147949,35.3345489501953,34.9383277893066,34.8911666870117,35.6127090454102,36.6863784790039,38.8262214660645,40.1648635864258,40.671329498291,40.684944152832,41.4109840393066,41.3265647888184,42.9493980407715,43.0702209472656,43.1517601013184,42.9859733581543,-9999,-9999,-9999,-9999,-9999,-9999,-9999,39.304328918457,40.7598609924316,42.1526336669922,43.1608963012695,43.3930625915527,44.2197113037109,44.6502494812012,43.5667457580566,42.1690864562988,38.4281539916992,35.0628890991211,33.3487892150879,34.5875778198242,38.5677528381348,40.7638092041016,41.9259033203125,42.1739921569824,42.2323532104492,41.8785629272461,41.4548225402832,40.8957061767578,40.0745468139648,41.0845794677734,42.0425262451172,42.3674507141113,42.6139068603516,42.5866279602051,42.5712623596191,42.5765800476074,42.0191955566406,40.8015632629395,38.1242980957031,33.5527763366699,31.823335647583,30.7832508087158,25.5929317474365,19.3604755401611,20.3848838806152,21.2790145874023,23.0585784912109,24.271785736084,23.9616813659668,26.305980682373,33.0884971618652,36.6930351257324,38.4938926696777,37.9856567382813,35.9298820495605,36.5103378295898,38.4809684753418,38.3054428100586,36.1395378112793,38.4610939025879,-9999,-9999,-9999,-9999,-9999,-9999,-9999,-9999,-9999,-9999,-9999,-9999,-9999,-9999,-9999,-9999,-9999,-9999,-9999,-9999
-9999,-9999,-9999,-9999,-9999,-9999,-9999,-9999,-9999,-9999,-9999,-9999,-9999,-9999,-9999,-9999,-9999,-9999,-9999,-9999,-9999,-9999,38.9288101196289,38.6303482055664,36.5963287353516,35.7080917358398,42.2411804199219,44.1824951171875,40.415340423584,38.2407913208008,38.5889854431152,38.3310813903809,38.3009910583496,37.7110137939453,37.3575210571289,36.7510223388672,36.1896743774414,35.7902603149414,35.731861114502,36.311637878418,37.0894470214844,38.2907180786133,39.2806396484375,39.7133293151855,39.980712890625,40.1083450317383,40.2418518066406,40.3016090393066,41.44921875,42.7646827697754,42.6574172973633,-9999,-9999,-9999,-9999,39.7068405151367,39.4385375976563,39.2461128234863,39.0765342712402,39.8707847595215,41.1307830810547,42.1040267944336,43.0863304138184,44.5371894836426,44.5326538085938,42.2466087341309,41.1469383239746,36.6664543151855,33.6968421936035,35.3677253723145,36.6547470092773,40.0986366271973,42.1562995910645,43.1552581787109,43.5235328674316,43.3396034240723,42.9202003479004,42.4004249572754,41.8327560424805,41.2377166748047,41.976936340332,42.6537284851074,42.5700645446777,42.5177307128906,42.5681495666504,42.5972671508789,42.5870513916016,42.1444664001465,41.2039184570313,38.704460144043,34.6551780700684,34.1809043884277,35.3763122558594,29.6407241821289,20.9088191986084,22.1881103515625,23.2579460144043,24.8002281188965,25.91650390625,25.7329425811768,28.1161861419678,33.9734878540039,37.8548812866211,40.4990577697754,39.5049667358398,36.1004943847656,37.1792755126953,39.5124549865723,39.994312286377,39.9252700805664,38.6833877563477,40.5335311889648,-9999,-9999,-9999,-9999,-9999,-9999,-9999,-9999,-9999,-9999,-9999,-9999,-9999,-9999,-9999,-9999,-9999,-9999,-9999
-9999,-9999,-9999,-9999,-9999,-9999,-9999,-9999,-9999,-9999,-9999,-9999,-9999,-9999,-9999,-9999,-9999,-9999,-9999,-9999,-9999,37.7317428588867,39.0957489013672,38.5439910888672,35.6636695861816,35.7046699523926,41.8921127319336,44.4105758666992,43.0587425231934,42.253978729248,41.8301315307617,41.5084953308105,41.227897644043,41.0054092407227,40.6463432312012,40.2671508789063,39.7461891174316,39.4353485107422,39.280517578125,39.478099822998,39.1870307922363,37.2894439697266,36.8879852294922,38.3058166503906,38.8757781982422,39.2461814880371,39.4666366577148,39.2411689758301,39.757251739502,39.8384971618652,40.150260925293,40.029956817627,40.0873794555664,40.3608779907227,39.7943305969238,39.9521636962891,39.3241271972656,39.1111259460449,38.9956016540527,39.0230293273926,38.2374877929688,38.3642730712891,40.1630783081055,42.6203994750977,44.5380744934082,42.903995513916,40.155834197998,35.3394622802734,35.5793685913086,39.5733184814453,42.2494125366211,43.2081909179688,43.6985778808594,43.7087364196777,43.572193145752,43.3300857543945,43.0248069763184,42.709789276123,42.4142913818359,42.1208267211914,42.2393646240234,42.3613090515137,42.3868598937988,42.4139213562012,42.4482841491699,42.4319801330566,42.3204231262207,42.0983238220215,41.752010345459,40.920711517334,39.7339401245117,39.7440147399902,40.1287040710449,37.6955833435059,33.8743438720703,31.0522537231445,28.9268589019775,29.9232692718506,31.1521549224854,30.8245849609375,32.2068862915039,35.4286346435547,38.4439964294434,41.3123970031738,41.0308151245117,39.1134643554688,41.0383377075195,43.6223449707031,42.3605422973633,40.1644973754883,40.2075614929199,39.9759407043457,38.6174278259277,37.4947280883789,-9999,-9999,-9999,-9999,-9999,-9999,-9999,-9999,-9999,-9999,-9999,-9999,-9999,-9999,-9999,-9999,-9999
-9999,-9999,-9999,-9999,-9999,-9999,-9999,-9999,-9999,-9999,-9999,-9999,-9999,-9999,-9999,-9999,-9999,-9999,-9999,-9999,-9999,35.9579582214355,35.4487838745117,36.7346687316895,36.1488609313965,36.9382057189941,41.5034332275391,43.7690963745117,43.5457992553711,43.2230834960938,42.6082916259766,42.2406349182129,42.1413154602051,41.935604095459,41.6112861633301,41.2251892089844,40.7560081481934,40.4954223632813,40.2833709716797,40.3398056030273,39.8157768249512,38.0482139587402,37.1202201843262,37.6114234924316,38.104808807373,38.6819343566895,39.1960067749023,39.7862358093262,39.4728584289551,39.1361083984375,39.2683563232422,39.5523262023926,39.5211067199707,39.3662109375,39.533634185791,39.1854362487793,38.4399719238281,37.9903144836426,37.6568946838379,36.7318992614746,36.6548080444336,37.7249412536621,38.8352127075195,39.2965621948242,43.0004959106445,41.97900390625,41.0629692077637,36.0995178222656,38.0097923278809,42.1893653869629,44.5797462463379,44.3842964172363,44.1108856201172,43.743293762207,-9999,-9999,-9999,-9999,-9999,-9999,-9999,42.0751876831055,42.1336135864258,42.1901359558105,42.2388038635254,42.2130661010742,42.0457382202148,41.9276504516602,41.8600616455078,41.8316345214844,41.831615447998,41.7964248657227,41.7544326782227,41.1888847351074,39.7353477478027,35.8812789916992,32.0790252685547,33.0761833190918,33.5780487060547,32.0962295532227,31.870189666748,33.8397445678711,36.5229530334473,40.0600509643555,40.8608474731445,40.4512405395508,42.4357681274414,44.7996635437012,42.3794898986816,39.0313262939453,39.7643623352051,39.7115478515625,38.379566192627,36.9445190429688,36.9078598022461,-9999,-9999,-9999,-9999,-9999,-9999,-9999,-9999,-9999,-9999,-9999,-9999,-9999,-9999,-9999,-9999
-9999,-9999,-9999,-9999,-9999,-9999,-9999,-9999,-9999,-9999,-9999,-9999,-9999,-9999,-9999,-9999,-9999,-9999,-9999,33.8267669677734,34.5583953857422,34.0552406311035,33.4709548950195,33.2139701843262,37.1098136901855,39.8482475280762,40.680004119873,41.1007957458496,40.7573013305664,40.3140487670898,40.0292091369629,39.8645401000977,39.8648529052734,39.5206909179688,39.2109756469727,38.8840026855469,38.5656127929688,38.3129768371582,38.115966796875,38.1760559082031,38.6780204772949,40.9859237670898,41.408878326416,39.2581100463867,38.5914115905762,39.1888656616211,40.0710144042969,40.9629516601563,39.7732238769531,37.8496284484863,38.135986328125,38.351203918457,38.1413192749023,38.1142616271973,37.8467712402344,37.2099189758301,35.8880271911621,34.8776168823242,34.3507843017578,35.2767028808594,38.0149879455566,40.1119232177734,42.0603141784668,41.7251472473145,41.136116027832,39.3732948303223,40.8315353393555,42.043529510498,42.1804885864258,43.3425827026367,44.0290641784668,-9999,-9999,-9999,-9999,-9999,-9999,-9999,-9999,-9999,-9999,-9999,-9999,41.7911033630371,41.8984451293945,41.916088104248,41.764705657959,41.5784645080566,41.3534698486328,41.0907287597656,40.8015441894531,40.7129821777344,40.6999320983887,40.7633285522461,40.8309783935547,37.3388671875,33.8730545043945,34.421142578125,33.8666381835938,28.8961868286133,26.3854389190674,27.5245513916016,30.3398780822754,33.837230682373,37.292610168457,40.327507019043,41.5670433044434,42.348991394043,39.803409576416,36.5406494140625,38.7018547058105,40.1296081542969,40.1293144226074,35.3897438049316,36.0466003417969,-9999,-9999,-9999,-9999,-9999,-9999,-9999,-9999,-9999,-9999,-9999,-9999,-9999,-9999,-9999,-9999
-9999,-9999,-9999,-9999,-9999,-9999,-9999,-9999,-9999,-9999,-9999,-9999,-9999,-9999,-9999,-9999,-9999,-9999,31.7850379943848,33.0120239257813,33.069263458252,35.0392189025879,33.6223411560059,32.7773056030273,36.8732757568359,39.5969085693359,40.3647575378418,40.7998390197754,40.2059478759766,39.8484039306641,39.722297668457,39.5788993835449,39.5581398010254,39.407657623291,38.9415054321289,38.8522682189941,38.6217918395996,38.3906211853027,38.3898811340332,38.271728515625,39.2331886291504,42.1040077209473,43.0384063720703,40.2842483520508,39.3174896240234,39.8018531799316,40.526668548584,41.4574966430664,39.8198699951172,37.0842552185059,36.4662704467773,36.0167579650879,35.8590087890625,35.6928329467773,36.7084617614746,37.0036735534668,35.550853729248,34.3460693359375,34.2167549133301,35.9432830810547,39.2112121582031,41.5379791259766,42.9985771179199,43.2372245788574,43.1291351318359,42.8853530883789,42.5031204223633,43.1327590942383,-9999,-9999,-9999,-9999,-9999,-9999,-9999,-9999,-9999,-9999,-9999,-9999,-9999,-9999,-9999,-9999,-9999,41.5913047790527,41.4721946716309,41.2760963439941,40.9950332641602,40.6257591247559,40.194263458252,40.0342864990234,39.974193572998,40.2680397033691,40.6400566101074,38.265796661377,35.8691139221191,35.0773086547852,33.4459800720215,28.5388011932373,25.027006149292,23.8523216247559,24.9934310913086,27.7731399536133,32.6229095458984,37.6669082641602,38.6623764038086,38.8975067138672,38.4345970153809,37.6828727722168,38.5904235839844,39.6559524536133,39.1296501159668,35.6309700012207,35.031307220459,-9999,-9999,-9999,-9999,-9999,-9999,-9999,-9999,-9999,-9999,-9999,-9999,-9999,-9999,-9999,-9999
-9999,-9999,-9999,-9999,-9999,-9999,-9999,-9999,-9999,-9999,-9999,-9999,33.4321670532227,31.9888610839844,-9999,31.5779876708984,33.0762786865234,34.5768852233887,33.964786529541,31.3264656066895,34.0695877075195,36.9371795654297,36.0049667358398,35.1261444091797,35.736930847168,37.215877532959,40.688793182373,42.6011428833008,42.1657257080078,41.8777923583984,41.7602310180664,41.6618270874023,41.7619667053223,41.508415222168,41.1453132629395,41.2732467651367,41.0072555541992,40.9305763244629,41.0063247680664,40.6466751098633,40.1030311584473,40.9053764343262,41.2919921875,40.9529266357422,40.6173553466797,40.7938957214355,41.4604415893555,41.4983215332031,39.9088935852051,37.1596641540527,34.8020401000977,32.2711296081543,32.107795715332,32.4300384521484,35.7528762817383,37.4590148925781,36.3901748657227,35.7615814208984,36.3361511230469,38.7270164489746,41.4205131530762,42.6425476074219,43.2658348083496,43.3767280578613,43.3617248535156,43.1754913330078,43.0130195617676,-9999,-9999,-9999,-9999,-9999,-9999,-9999,-9999,-9999,-9999,-9999,-9999,-9999,-9999,-9999,-9999,-9999,-9999,-9999,41.1693420410156,41.0139541625977,40.7659454345703,40.4060363769531,39.9676933288574,39.7228775024414,39.5496101379395,39.7206497192383,39.9477348327637,39.0664176940918,37.9776878356934,35.3177223205566,32.3976058959961,30.8742294311523,27.9227771759033,22.7763175964355,20.982105255127,23.1137638092041,27.1423282623291,31.8665657043457,33.5824356079102,34.5393867492676,38.1285514831543,41.2349319458008,39.5239486694336,38.5327491760254,39.3329467773438,36.7152137756348,34.6679840087891,-9999,-9999,-9999,-9999,-9999,-9999,-9999,-9999,-9999,-9999,-9999,-9999,-9999,-9999,-9999,-9999
-9999,-9999,-9999,-9999,-9999,-9999,-9999,-9999,-9999,-9999,30.9784641265869,32.8437194824219,34.4023590087891,31.9987201690674,31.6607685089111,29.5641307830811,31.6434497833252,36.0311088562012,35.5008277893066,33.0156288146973,35.6059951782227,39.059627532959,38.2331504821777,37.8702201843262,37.1195259094238,37.3897094726563,40.3127708435059,41.9604301452637,41.6543464660645,41.9003143310547,43.5152549743652,43.2919387817383,43.1396560668945,43.1760063171387,42.7284278869629,42.6318435668945,42.7662048339844,42.4771347045898,42.2122573852539,41.7869987487793,41.6068229675293,41.3587265014648,41.3346939086914,41.4005584716797,41.5180320739746,41.6484184265137,42.3117904663086,42.2619819641113,41.2841567993164,39.5700302124023,36.6622924804688,33.7747230529785,33.4348373413086,33.9272689819336,36.4089164733887,38.0019035339355,37.8548622131348,37.6742134094238,38.2208976745605,39.8573417663574,41.8217811584473,42.5908126831055,42.9096984863281,42.9545478820801,42.9351387023926,42.8465690612793,-9999,-9999,-9999,-9999,-9999,-9999,-9999,-9999,-9999,-9999,-9999,-9999,-9999,-9999,-9999,-9999,-9999,-9999,-9999,-9999,-9999,40.7095375061035,40.4595642089844,40.1204490661621,39.7198066711426,39.473030090332,39.2817192077637,39.3480415344238,39.4578666687012,39.3060073852539,38.8904228210449,36.4087600708008,33.5799369812012,31.9492149353027,29.4150485992432,25.0254554748535,21.7743244171143,20.910400390625,23.0524978637695,27.3694763183594,30.5475692749023,33.2216873168945,36.9847984313965,40.2291870117188,38.1346588134766,36.3995208740234,38.21337890625,35.4785652160645,33.4774780273438,-9999,-9999,-9999,-9999,-9999,-9999,-9999,-9999,-9999,-9999,-9999,-9999,-9999,-9999,-9999,-9999
-9999,-9999,-9999,-9999,-9999,-9999,-9999,-9999,27.6989402770996,28.8032455444336,29.2152366638184,28.9654293060303,30.21728515625,32.2515182495117,31.4353981018066,29.6173553466797,31.7905712127686,36.3301048278809,36.222095489502,35.040699005127,37.947135925293,40.8932800292969,40.314567565918,39.829517364502,39.6557273864746,39.1844482421875,39.2761993408203,39.367244720459,39.0909690856934,40.3239212036133,43.2111968994141,44.2061767578125,44.2397537231445,44.204662322998,44.1732597351074,43.9270820617676,43.6708717346191,43.5089340209961,43.3306770324707,43.1089096069336,42.8759727478027,42.6236228942871,42.4904556274414,42.4342880249023,42.3790664672852,42.3733406066895,42.4248313903809,42.4587516784668,42.5124588012695,42.5024795532227,40.4768486022949,38.0719261169434,38.1781730651855,37.9381103515625,38.2037620544434,38.6670761108398,38.1801567077637,38.6901016235352,40.2137565612793,41.380485534668,41.9271049499512,42.1877288818359,-9999,-9999,-9999,-9999,-9999,-9999,-9999,-9999,-9999,-9999,-9999,-9999,-9999,-9999,-9999,-9999,-9999,-9999,-9999,-9999,-9999,-9999,-9999,-9999,-9999,-9999,40.1112327575684,39.7994575500488,39.4601516723633,39.253288269043,39.0936813354492,39.0668106079102,39.0617866516113,39.2844276428223,39.3057632446289,37.8386421203613,35.8165740966797,32.6015205383301,30.1217842102051,29.0397510528564,25.8140277862549,20.1414070129395,19.9458694458008,22.4875869750977,28.393383026123,33.6513748168945,35.2857971191406,36.652774810791,35.0997505187988,34.216968536377,36.6085090637207,34.2616500854492,33.1823539733887,-9999,-9999,-9999,-9999,-9999,-9999,-9999,-9999,-9999,-9999,-9999,-9999,-9999,-9999,-9999,-9999
-9999,-9999,-9999,-9999,-9999,-9999,-9999,-9999,26.2648639678955,27.6514587402344,28.6011199951172,28.3775539398193,28.4696559906006,29.0795612335205,29.6204223632813,30.3934803009033,33.7322959899902,37.4438247680664,38.081901550293,36.7612037658691,37.835636138916,39.3341293334961,40.2639503479004,41.0152931213379,40.8125267028809,40.5563354492188,40.2020721435547,39.8264389038086,39.5233268737793,40.2923049926758,42.1255950927734,42.6503868103027,42.5056533813477,42.3844337463379,42.2094116210938,41.9861831665039,41.9025421142578,41.6898155212402,41.5075225830078,41.2841339111328,41.1914749145508,41.0102348327637,41.2274627685547,41.9745445251465,42.2631225585938,42.2121162414551,42.1061401367188,41.9849472045898,42.1018447875977,42.242977142334,41.1817626953125,39.999439239502,40.2437705993652,40.3786163330078,40.2528266906738,40.055778503418,39.7658042907715,40.1048355102539,40.9780769348145,41.533073425293,41.8384399414063,41.9586563110352,-9999,-9999,-9999,-9999,-9999,-9999,-9999,-9999,-9999,-9999,-9999,-9999,-9999,-9999,-9999,-9999,-9999,-9999,-9999,-9999,-9999,-9999,-9999,-9999,-9999,-9999,-9999,-9999,39.0664939880371,38.9008255004883,38.7780723571777,38.7256774902344,38.6817245483398,38.894229888916,38.9732398986816,38.0311546325684,36.7898826599121,34.4558181762695,32.3810806274414,30.498872756958,27.798828125,23.6874732971191,21.4825134277344,20.1640625,24.7012176513672,30.299976348877,31.2658748626709,32.2485008239746,31.6168079376221,31.4517593383789,34.3573417663574,31.3051719665527,30.3595123291016,-9999,-9999,-9999,-9999,-9999,-9999,-9999,-9999,-9999,-9999,-9999,-9999,-9999,-9999,-9999,-9999
-9999,-9999,-9999,-9999,-9999,-9999,20.5763320922852,26.1275501251221,26.2804622650146,26.1828689575195,27.5349540710449,28.476993560791,27.9125480651855,26.0701675415039,27.3967704772949,32.1001815795898,36.1791725158691,39.0650596618652,39.3930282592773,38.4296722412109,37.8753356933594,37.181224822998,39.9542770385742,41.9813499450684,42.0539093017578,41.9389533996582,41.6239242553711,41.2551689147949,40.8849334716797,40.6653823852539,40.3791007995605,40.0778846740723,39.753002166748,39.5005798339844,39.313045501709,39.1379432678223,38.9470748901367,38.8995246887207,38.8513641357422,38.7391395568848,38.6395950317383,38.503547668457,39.236515045166,41.1510276794434,41.9561882019043,41.8506851196289,41.5979461669922,41.2433013916016,41.0201835632324,40.811393737793,40.9264068603516,41.0672225952148,41.269401550293,41.4740257263184,41.4746246337891,41.3940124511719,41.1252403259277,40.9684715270996,40.9935531616211,41.2524948120117,41.7008171081543,-9999,-9999,-9999,-9999,-9999,-9999,-9999,-9999,-9999,-9999,-9999,-9999,-9999,-9999,-9999,-9999,-9999,-9999,-9999,-9999,-9999,-9999,-9999,-9999,-9999,-9999,-9999,-9999,-9999,-9999,-9999,-9999,38.3620643615723,38.3012657165527,38.4109001159668,38.4443855285645,37.9316139221191,37.3722801208496,36.5624580383301,34.8104705810547,31.2642478942871,28.9621315002441,28.1569557189941,24.6230850219727,18.6458034515381,20.4766159057617,24.3291988372803,25.699670791626,26.863094329834,27.3562202453613,28.2987442016602,32.3583145141602,30.1010761260986,-9999,-9999,-9999,-9999,-9999,-9999,-9999,-9999,-9999,-9999,-9999,-9999,-9999,-9999,-9999,-9999,-9999
-9999,-9999,-9999,-9999,-9999,-9999,26.1194725036621,26.1473846435547,25.8324718475342,26.0049610137939,26.1061763763428,28.8874855041504,31.3366832733154,31.8666114807129,33.3246383666992,34.8233451843262,37.2672080993652,40.07275390625,40.1673164367676,39.3186988830566,38.8592224121094,38.3155136108398,40.4027900695801,42.0888404846191,42.0677604675293,41.9249801635742,41.7175331115723,41.5223541259766,41.1657524108887,40.7942848205566,40.3639221191406,40.1026077270508,39.841438293457,39.554817199707,39.2716026306152,39.457332611084,39.7058219909668,39.6472129821777,39.5797080993652,39.43115234375,39.2909202575684,39.2151145935059,39.6043968200684,40.6668357849121,41.1249237060547,41.070182800293,40.8581886291504,40.550666809082,40.4324111938477,40.3747329711914,40.4989700317383,40.640510559082,40.7392082214355,40.8234481811523,40.8725967407227,40.8556327819824,40.673225402832,40.5510520935059,40.5110244750977,-9999,-9999,-9999,-9999,-9999,-9999,-9999,-9999,-9999,-9999,-9999,-9999,-9999,-9999,-9999,-9999,-9999,-9999,-9999,-9999,-9999,-9999,-9999,-9999,-9999,-9999,-9999,-9999,-9999,-9999,-9999,-9999,-9999,-9999,-9999,37.8962593078613,37.9563903808594,37.9854736328125,37.8080749511719,37.5320472717285,36.9779663085938,35.9395065307617,34.0990104675293,31.8121376037598,29.2592658996582,26.3341617584229,22.9212398529053,21.5809478759766,21.3391189575195,24.4447460174561,27.427490234375,28.5702857971191,29.7985515594482,31.5901660919189,29.2096328735352,29.8248424530029,27.9343414306641,-9999,-9999,-9999,-9999,-9999,-9999,-9999,-9999,-9999,-9999,-9999,-9999,-9999,-9999,-9999
-9999,-9999,-9999,-9999,25.1131420135498,26.6376876831055,26.2202453613281,25.9462108612061,25.8420696258545,25.9209289550781,26.7804412841797,31.0786724090576,34.6255416870117,37.4438858032227,38.3295860290527,37.3086357116699,38.3101615905762,40.5006980895996,40.7077560424805,40.1839790344238,39.7073631286621,39.2201919555664,40.3413009643555,41.3379287719727,41.4223175048828,41.4750633239746,41.3601150512695,41.2163047790527,41.0277938842773,40.7784042358398,40.4982376098633,40.2118225097656,39.9184532165527,39.6095733642578,39.3064613342285,39.8950347900391,40.5795822143555,40.4960670471191,40.3963851928711,40.1892395019531,40.0226211547852,39.9933013916016,40.0058898925781,40.091236114502,40.1313095092773,40.1316909790039,40.005012512207,39.8035736083984,39.867130279541,40.002269744873,40.0457077026367,40.0755958557129,40.0573501586914,40.055046081543,-9999,-9999,-9999,-9999,-9999,-9999,-9999,-9999,-9999,-9999,-9999,-9999,-9999,-9999,-9999,-9999,-9999,-9999,-9999,-9999,-9999,-9999,-9999,-9999,-9999,-9999,-9999,-9999,-9999,-9999,-9999,-9999,-9999,-9999,-9999,-9999,-9999,-9999,-9999,-9999,-9999,37.4971656799316,37.5279312133789,37.6673698425293,37.6498413085938,37.1628952026367,36.8131408691406,36.6105461120605,34.388298034668,30.0489463806152,27.7940216064453,26.7068672180176,22.8543300628662,17.7058620452881,23.0527210235596,28.1665229797363,30.0012245178223,31.2552871704102,30.9326000213623,22.3359909057617,22.8560771942139,28.179931640625,28.8484973907471,-9999,-9999,-9999,-9999,-9999,-9999,-9999,-9999,-9999,-9999,-9999,-9999,-9999,-9999
-9999,-9999,-9999,-9999,30.6022529602051,28.2207679748535,27.4212398529053,25.766637802124,26.4184112548828,27.9177532196045,30.5458526611328,33.5466232299805,36.1402397155762,38.1318511962891,39.1496849060059,39.2318229675293,39.6790924072266,40.357063293457,40.1897888183594,39.7022285461426,39.9597320556641,40.3480949401855,40.7455749511719,41.0954360961914,41.108814239502,41.109130859375,41.065258026123,40.9866752624512,40.8451690673828,40.6696853637695,40.4579238891602,40.2632713317871,40.0842323303223,39.9294471740723,39.7757453918457,39.9802131652832,40.2304344177246,40.0295677185059,39.8177680969238,39.5298614501953,39.2846145629883,39.1734313964844,39.1084213256836,39.1151847839355,39.1149597167969,39.1094093322754,39.0298881530762,-9999,-9999,-9999,-9999,-9999,-9999,-9999,-9999,-9999,-9999,-9999,-9999,-9999,-9999,-9999,-9999,-9999,-9999,-9999,-9999,-9999,-9999,-9999,-9999,-9999,-9999,-9999,-9999,-9999,-9999,-9999,-9999,-9999,-9999,-9999,-9999,-9999,-9999,-9999,-9999,-9999,-9999,-9999,-9999,-9999,-9999,-9999,-9999,-9999,37.1329231262207,37.2478446960449,37.2896881103516,37.1206169128418,36.6620559692383,35.667781829834,33.4067268371582,29.8005084991455,27.8545742034912,26.6908950805664,22.2266216278076,16.0377807617188,19.658618927002,23.6357955932617,24.9437999725342,26.5765342712402,27.1555557250977,28.1479797363281,21.6712818145752,26.4464988708496,24.6100215911865,-9999,-9999,-9999,-9999,-9999,-9999,-9999,-9999,-9999,-9999,-9999,-9999,-9999,-9999
-9999,-9999,-9999,-9999,-9999,30.6660842895508,28.6557273864746,28.758659362793,27.6028213500977,31.1478862762451,34.0956916809082,35.9560356140137,37.5338592529297,38.7561721801758,39.6886291503906,40.394359588623,40.3680229187012,39.8356742858887,39.5071868896484,39.2513236999512,-9999,-9999,-9999,-9999,-9999,-9999,-9999,-9999,-9999,-9999,-9999,-9999,-9999,40.0078964233398,39.9629402160645,39.8526802062988,39.7320747375488,39.4373893737793,-9999,-9999,-9999,-9999,-9999,-9999,-9999,-9999,-9999,-9999,-9999,-9999,-9999,-9999,-9999,-9999,-9999,-9999,-9999,-9999,-9999,-9999,-9999,-9999,-9999,-9999,-9999,-9999,-9999,-9999,-9999,-9999,-9999,-9999,-9999,-9999,-9999,-9999,-9999,-9999,-9999,-9999,-9999,-9999,-9999,-9999,-9999,-9999,-9999,-9999,-9999,-9999,-9999,-9999,-9999,-9999,-9999,-9999,36.7449531555176,36.8562698364258,36.9611282348633,37.0582008361816,36.5801124572754,35.0916442871094,33.0332183837891,30.3094711303711,28.3799991607666,26.8544940948486,22.2284507751465,15.8883981704712,17.0154972076416,18.6817207336426,20.5455913543701,22.0228462219238,23.4945487976074,24.7753200531006,24.7738418579102,22.403865814209,-9999,-9999,-9999,-9999,-9999,-9999,-9999,-9999,-9999,-9999,-9999,-9999,-9999,-9999,-9999
-9999,-9999,-9999,-9999,-9999,30.3399639129639,30.242280960083,31.0864486694336,32.3299827575684,36.250617980957,38.9924278259277,39.4245071411133,39.8161315917969,40.4163360595703,40.6743659973145,40.5661773681641,40.1844635009766,39.6073837280273,-9999,-9999,-9999,-9999,-9999,-9999,-9999,-9999,-9999,-9999,-9999,-9999,-9999,-9999,-9999,-9999,-9999,-9999,-9999,-9999,-9999,-9999,-9999,-9999,-9999,-9999,-9999,-9999,-9999,-9999,-9999,-9999,-9999,-9999,-9999,-9999,-9999,-9999,-9999,-9999,-9999,-9999,-9999,-9999,-9999,-9999,-9999,-9999,-9999,-9999,-9999,-9999,-9999,-9999,-9999,-9999,-9999,-9999,-9999,-9999,-9999,-9999,-9999,-9999,-9999,-9999,-9999,-9999,-9999,-9999,-9999,-9999,-9999,-9999,-9999,-9999,-9999,-9999,-9999,36.6157493591309,36.7886047363281,36.8932304382324,36.7982482910156,36.3635406494141,35.4364356994629,33.9427185058594,31.247709274292,27.6458568572998,24.4231147766113,21.3972396850586,18.7442874908447,16.1075439453125,19.6466827392578,22.1791744232178,20.5510845184326,20.3647861480713,21.5759696960449,18.8976402282715,-9999,-9999,-9999,-9999,-9999,-9999,-9999,-9999,-9999,-9999,-9999,-9999,-9999,-9999,-9999
-9999,-9999,30.6047554016113,30.5213203430176,30.5926609039307,30.0593605041504,30.7697486877441,33.6194801330566,36.2493743896484,39.4552612304688,41.6248626708984,41.274772644043,41.054817199707,41.2874870300293,41.1011123657227,40.4023704528809,39.7617416381836,-9999,-9999,-9999,-9999,-9999,-9999,-9999,-9999,-9999,-9999,-9999,-9999,-9999,-9999,-9999,-9999,-9999,-9999,-9999,-9999,-9999,-9999,-9999,-9999,-9999,-9999,-9999,-9999,-9999,-9999,-9999,-9999,-9999,-9999,-9999,-9999,-9999,-9999,-9999,-9999,-9999,-9999,-9999,-9999,-9999,-9999,-9999,-9999,-9999,-9999,-9999,-9999,-9999,-9999,-9999,-9999,-9999,-9999,-9999,-9999,-9999,-9999,-9999,-9999,-9999,-9999,-9999,-9999,-9999,-9999,-9999,-9999,-9999,-9999,-9999,-9999,-9999,-9999,-9999,-9999,36.3545074462891,36.5744476318359,36.6753082275391,36.8387680053711,37.0971031188965,36.9707641601563,36.393383026123,33.843017578125,29.7618675231934,27.1037559509277,24.96360206604,20.5865268707275,15.6612682342529,18.8198051452637,21.1810817718506,17.9110164642334,16.8805599212646,21.2288265228271,17.7042865753174,-9999,-9999,-9999,-9999,-9999,-9999,-9999,-9999,-9999,-9999,-9999,-9999,-9999,-9999,-9999
-9999,-9999,-9999,-9999,30.6444187164307,30.2008018493652,30.9236183166504,35.0694885253906,39.0643310546875,40.1587867736816,40.799633026123,40.6470184326172,40.5367736816406,40.641487121582,40.3191413879395,39.4843635559082,-9999,-9999,-9999,-9999,-9999,-9999,-9999,-9999,-9999,-9999,-9999,-9999,-9999,-9999,-9999,-9999,-9999,-9999,-9999,-9999,-9999,-9999,-9999,-9999,-9999,-9999,-9999,-9999,-9999,-9999,-9999,-9999,-9999,-9999,-9999,-9999,-9999,-9999,-9999,-9999,-9999,-9999,-9999,-9999,-9999,-9999,-9999,-9999,-9999,-9999,-9999,-9999,-9999,-9999,-9999,-9999,-9999,-9999,-9999,-9999,-9999,-9999,-9999,-9999,-9999,-9999,-9999,-9999,-9999,-9999,-9999,-9999,-9999,-9999,-9999,-9999,-9999,-9999,-9999,-9999,-9999,36.0512390136719,36.27099609375,36.3394317626953,36.4915237426758,36.7717361450195,36.9468727111816,36.9749145507813,36.0259017944336,34.3645706176758,30.4214115142822,25.5216445922852,22.9287948608398,20.7316780090332,18.991138458252,17.2923107147217,16.1792297363281,16.0449810028076,17.4780158996582,19.0198764801025,-9999,-9999,-9999,-9999,-9999,-9999,-9999,-9999,-9999,-9999,-9999,-9999,-9999,-9999,-9999
-9999,-9999,-9999,-9999,30.8070220947266,30.8125133514404,31.2066040039063,36.4574356079102,40.4359283447266,40.4847717285156,40.2731170654297,40.3645782470703,40.3484039306641,40.1484222412109,39.612922668457,-9999,-9999,-9999,-9999,-9999,-9999,-9999,-9999,-9999,-9999,-9999,-9999,-9999,-9999,-9999,-9999,-9999,-9999,-9999,-9999,-9999,-9999,-9999,-9999,-9999,-9999,-9999,-9999,-9999,-9999,-9999,-9999,-9999,-9999,-9999,-9999,-9999,-9999,-9999,-9999,-9999,-9999,-9999,-9999,-9999,-9999,-9999,-9999,-9999,-9999,-9999,-9999,-9999,-9999,-9999,-9999,-9999,-9999,-9999,-9999,-9999,-9999,-9999,-9999,-9999,-9999,-9999,-9999,-9999,-9999,-9999,-9999,-9999,-9999,-9999,-9999,-9999,-9999,-9999,-9999,-9999,-9999,35.7063865661621,35.9345207214355,35.9773559570313,36.0885009765625,36.3000946044922,36.5537643432617,36.8423614501953,36.7536430358887,36.3749389648438,32.1185760498047,25.9572162628174,24.2171516418457,23.1635494232178,18.4921760559082,14.4015922546387,14.9806098937988,15.8117609024048,15.835636138916,16.7475872039795,13.6944370269775,-9999,-9999,-9999,-9999,-9999,-9999,-9999,-9999,-9999,-9999,-9999,-9999,-9999,-9999
-9999,-9999,-9999,-9999,31.167594909668,31.1744899749756,32.2183876037598,36.6867370605469,40.4028701782227,40.4212379455566,40.2322959899902,40.5661277770996,40.5680541992188,39.8657417297363,39.019832611084,-9999,-9999,-9999,-9999,-9999,-9999,-9999,-9999,-9999,-9999,-9999,-9999,-9999,-9999,-9999,-9999,-9999,-9999,-9999,-9999,-9999,-9999,-9999,-9999,-9999,-9999,-9999,-9999,-9999,-9999,-9999,-9999,-9999,-9999,-9999,-9999,-9999,-9999,-9999,-9999,-9999,-9999,-9999,-9999,-9999,-9999,-9999,-9999,-9999,-9999,-9999,-9999,-9999,-9999,-9999,-9999,-9999,-9999,-9999,-9999,-9999,-9999,-9999,-9999,-9999,-9999,-9999,-9999,-9999,-9999,-9999,-9999,-9999,-9999,-9999,-9999,-9999,-9999,-9999,-9999,-9999,-9999,35.3084106445313,35.5566673278809,35.5828552246094,35.6102981567383,35.6296806335449,35.6741027832031,35.7392959594727,35.7056694030762,35.5789413452148,31.7227973937988,26.1561660766602,24.328031539917,22.8414878845215,17.4847030639648,12.8125820159912,15.1904573440552,16.9122581481934,17.3465270996094,17.8225345611572,18.5944805145264,14.0790815353394,-9999,-9999,-9999,-9999,-9999,-9999,-9999,-9999,-9999,-9999,-9999,-9999,-9999
-9999,-9999,-9999,-9999,26.6632957458496,31.1806201934814,32.3500900268555,35.819465637207,38.9196434020996,39.1316223144531,39.1948928833008,40.0754432678223,40.37353515625,39.5402412414551,-9999,-9999,-9999,-9999,-9999,-9999,-9999,-9999,-9999,-9999,-9999,-9999,-9999,-9999,-9999,-9999,-9999,-9999,-9999,-9999,-9999,-9999,-9999,-9999,-9999,-9999,-9999,-9999,-9999,-9999,-9999,-9999,-9999,-9999,-9999,-9999,-9999,-9999,-9999,-9999,-9999,-9999,-9999,-9999,-9999,-9999,-9999,-9999,-9999,-9999,-9999,-9999,-9999,-9999,-9999,-9999,-9999,-9999,-9999,-9999,-9999,-9999,-9999,-9999,-9999,-9999,-9999,-9999,-9999,-9999,-9999,-9999,-9999,-9999,-9999,-9999,-9999,-9999,-9999,-9999,-9999,-9999,-9999,34.8738975524902,35.1403312683105,35.1813735961914,35.1785049438477,35.0939102172852,35.08984375,35.164192199707,34.9937858581543,34.6693420410156,32.4673614501953,29.5046710968018,26.3596973419189,22.8737106323242,18.5423641204834,14.669942855835,15.2612247467041,15.7553596496582,16.5417652130127,17.3331184387207,18.4302215576172,19.0061073303223,16.9128341674805,16.5339622497559,-9999,-9999,-9999,-9999,-9999,-9999,-9999,-9999,-9999,-9999,-9999
-9999,-9999,-9999,-9999,29.2350215911865,31.4012718200684,32.5871658325195,34.1056518554688,36.1687812805176,36.6464004516602,37.3176193237305,39.0280113220215,39.8643798828125,39.1833076477051,-9999,-9999,-9999,-9999,-9999,-9999,-9999,-9999,-9999,-9999,-9999,-9999,-9999,-9999,-9999,-9999,-9999,-9999,-9999,-9999,-9999,-9999,-9999,-9999,-9999,-9999,-9999,-9999,-9999,-9999,-9999,-9999,-9999,-9999,-9999,-9999,-9999,-9999,-9999,-9999,-9999,-9999,-9999,-9999,-9999,-9999,-9999,-9999,-9999,-9999,-9999,-9999,-9999,-9999,-9999,-9999,-9999,-9999,-9999,-9999,-9999,-9999,-9999,-9999,-9999,-9999,-9999,-9999,-9999,-9999,-9999,-9999,-9999,-9999,-9999,-9999,-9999,-9999,-9999,-9999,-9999,-9999,-9999,-9999,34.6922073364258,34.7728080749512,34.7811698913574,34.6644821166992,34.7421264648438,35.0090408325195,34.5533676147461,33.6374588012695,33.9441032409668,34.5354118347168,29.5909309387207,23.1708469390869,21.3095474243164,19.0065422058105,15.7812881469727,13.7801713943481,14.2341299057007,15.6443691253662,17.6268978118896,18.8109092712402,18.911994934082,-9999,-9999,-9999,-9999,-9999,-9999,-9999,-9999,-9999,-9999,-9999,-9999
-9999,-9999,-9999,-9999,28.6550807952881,30.6748161315918,30.5304069519043,31.7729873657227,32.5188446044922,34.7419090270996,36.8925743103027,38.2742309570313,38.9629669189453,38.7341537475586,-9999,-9999,-9999,-9999,-9999,-9999,-9999,-9999,-9999,-9999,-9999,-9999,-9999,-9999,-9999,-9999,-9999,-9999,-9999,-9999,-9999,-9999,-9999,-9999,-9999,-9999,-9999,-9999,-9999,-9999,-9999,-9999,-9999,-9999,-9999,-9999,-9999,-9999,-9999,-9999,-9999,-9999,-9999,-9999,-9999,-9999,-9999,-9999,-9999,-9999,-9999,-9999,-9999,-9999,-9999,-9999,-9999,-9999,-9999,-9999,-9999,-9999,-9999,-9999,-9999,-9999,-9999,-9999,-9999,-9999,-9999,-9999,-9999,-9999,-9999,-9999,-9999,-9999,-9999,-9999,-9999,-9999,-9999,-9999,34.2838859558105,34.3799934387207,34.4015693664551,34.2954864501953,34.4231948852539,34.7720527648926,34.5313491821289,33.9215126037598,34.7861824035645,35.9656562805176,30.621244430542,23.3611755371094,21.9492435455322,20.1829643249512,15.4030780792236,12.0461931228638,12.382176399231,13.8298616409302,16.7430248260498,23.6488857269287,31.9015007019043,29.7560749053955,34.475830078125,-9999,-9999,-9999,-9999,-9999,-9999,-9999,-9999,-9999,-9999
-9999,-9999,-9999,-9999,-9999,22.0900402069092,28.0409297943115,28.9590301513672,28.5025539398193,33.2279281616211,36.7981948852539,37.4888954162598,37.8538055419922,38.2369575500488,-9999,-9999,-9999,-9999,-9999,-9999,-9999,-9999,-9999,-9999,-9999,-9999,-9999,-9999,-9999,-9999,-9999,-9999,-9999,-9999,-9999,-9999,-9999,-9999,-9999,-9999,-9999,-9999,-9999,-9999,-9999,-9999,-9999,-9999,-9999,-9999,-9999,-9999,-9999,-9999,-9999,-9999,-9999,-9999,-9999,-9999,-9999,-9999,-9999,-9999,-9999,-9999,-9999,-9999,-9999,-9999,-9999,-9999,-9999,-9999,-9999,-9999,-9999,-9999,-9999,-9999,-9999,-9999,-9999,-9999,-9999,-9999,-9999,-9999,-9999,-9999,-9999,-9999,-9999,-9999,-9999,-9999,-9999,-9999,33.8895111083984,33.991039276123,34.0271186828613,33.954475402832,34.116641998291,34.4970970153809,34.6905975341797,34.763126373291,35.4286346435547,36.1131210327148,30.7807064056396,23.7271575927734,22.0654201507568,19.8884143829346,14.9049940109253,11.1185398101807,10.6713047027588,12.277515411377,16.130744934082,23.2252216339111,31.5876579284668,34.273307800293,35.1096572875977,32.2705154418945,-9999,-9999,-9999,-9999,-9999,-9999,-9999,-9999,-9999
-9999,-9999,-9999,-9999,-9999,25.1612529754639,26.4756870269775,26.1339492797852,27.7924766540527,33.1319694519043,36.7417907714844,37.1693496704102,37.5518341064453,38.0389022827148,-9999,-9999,-9999,-9999,-9999,-9999,-9999,-9999,-9999,-9999,-9999,-9999,-9999,-9999,-9999,-9999,-9999,-9999,-9999,-9999,-9999,-9999,-9999,-9999,-9999,-9999,-9999,-9999,-9999,-9999,-9999,-9999,-9999,-9999,-9999,-9999,-9999,-9999,-9999,-9999,-9999,-9999,-9999,-9999,-9999,-9999,-9999,-9999,-9999,-9999,-9999,-9999,-9999,-9999,-9999,-9999,-9999,-9999,-9999,-9999,-9999,-9999,-9999,-9999,-9999,-9999,-9999,-9999,-9999,-9999,-9999,-9999,-9999,-9999,-9999,-9999,-9999,-9999,-9999,-9999,-9999,-9999,-9999,-9999,33.5019569396973,33.6111793518066,33.665828704834,33.6375274658203,33.779972076416,34.0763549804688,34.2805824279785,34.4139213562012,35.1194076538086,35.8373527526855,30.7824363708496,24.0360679626465,22.2777156829834,19.9761714935303,14.7429819107056,10.905590057373,11.7017946243286,13.512279510498,17.1068286895752,22.5687808990479,28.8849143981934,33.4719772338867,37.1807403564453,37.9160461425781,-9999,-9999,-9999,-9999,-9999,-9999,-9999,-9999,-9999
-9999,-9999,-9999,-9999,-9999,25.0955181121826,25.2594413757324,26.014087677002,27.4293823242188,32.8909912109375,36.8519515991211,37.1157150268555,37.4213752746582,37.9042472839355,-9999,-9999,-9999,-9999,-9999,-9999,-9999,-9999,-9999,-9999,-9999,-9999,-9999,-9999,-9999,-9999,-9999,-9999,-9999,-9999,-9999,-9999,-9999,-9999,-9999,-9999,-9999,-9999,-9999,-9999,-9999,-9999,-9999,-9999,-9999,-9999,-9999,-9999,-9999,-9999,-9999,-9999,-9999,-9999,-9999,-9999,-9999,-9999,-9999,-9999,-9999,-9999,-9999,-9999,-9999,-9999,-9999,-9999,-9999,-9999,-9999,-9999,-9999,-9999,-9999,-9999,-9999,-9999,-9999,-9999,-9999,-9999,-9999,-9999,-9999,-9999,-9999,-9999,-9999,-9999,-9999,-9999,-9999,-9999,-9999,33.2288856506348,33.3039779663086,33.3239860534668,33.4351196289063,33.6237106323242,33.745662689209,33.8051643371582,34.6412734985352,35.5204544067383,30.7188205718994,24.3005199432373,22.6519622802734,20.3682155609131,14.6957035064697,11.0176734924316,13.0793933868408,15.2633028030396,18.399284362793,21.9194049835205,26.0008983612061,31.464527130127,37.0776329040527,38.115665435791,-9999,-9999,-9999,-9999,-9999,-9999,-9999,-9999,-9999
-9999,-9999,-9999,-9999,-9999,-9999,24.2574825286865,24.6575450897217,25.8686103820801,32.0739288330078,36.3890228271484,36.8379058837891,37.1716270446777,-9999,-9999,-9999,-9999,-9999,-9999,-9999,-9999,-9999,-9999,-9999,-9999,-9999,-9999,-9999,-9999,-9999,-9999,-9999,-9999,-9999,-9999,-9999,-9999,-9999,-9999,-9999,-9999,-9999,-9999,-9999,-9999,-9999,-9999,-9999,-9999,-9999,-9999,-9999,-9999,-9999,-9999,-9999,-9999,-9999,-9999,-9999,-9999,-9999,-9999,-9999,-9999,-9999,-9999,-9999,-9999,-9999,-9999,-9999,-9999,-9999,-9999,-9999,-9999,-9999,-9999,-9999,-9999,-9999,-9999,-9999,-9999,-9999,-9999,-9999,-9999,-9999,-9999,-9999,-9999,-9999,-9999,-9999,-9999,-9999,-9999,32.9590148925781,33.0593299865723,33.1197700500488,33.2192230224609,33.346866607666,33.6682357788086,34.0819435119629,34.6040534973145,35.0042495727539,30.4699230194092,24.5809936523438,22.9815807342529,21.0762138366699,17.8155059814453,15.0156774520874,13.5858287811279,13.3736782073975,14.9081420898438,19.2476959228516,25.5459785461426,29.6069717407227,32.948616027832,34.381534576416,-9999,-9999,-9999,-9999,-9999,-9999,-9999,-9999,-9999
-9999,-9999,-9999,-9999,-9999,-9999,22.8933067321777,22.5474815368652,24.651611328125,31.2111072540283,36.047664642334,36.5551223754883,36.906307220459,-9999,-9999,-9999,-9999,-9999,-9999,-9999,-9999,-9999,-9999,-9999,-9999,-9999,-9999,-9999,-9999,-9999,-9999,-9999,-9999,-9999,-9999,-9999,-9999,-9999,-9999,-9999,-9999,-9999,-9999,-9999,-9999,-9999,-9999,-9999,-9999,-9999,-9999,-9999,-9999,-9999,-9999,-9999,-9999,-9999,-9999,-9999,-9999,-9999,-9999,-9999,-9999,-9999,-9999,-9999,-9999,-9999,-9999,-9999,-9999,-9999,-9999,-9999,-9999,-9999,-9999,-9999,-9999,-9999,-9999,-9999,-9999,-9999,-9999,-9999,-9999,-9999,-9999,-9999,-9999,-9999,-9999,-9999,-9999,-9999,-9999,32.702709197998,32.8256149291992,32.9169273376465,33.0047073364258,33.0817184448242,33.5903854370117,34.3322525024414,34.5529136657715,34.5082855224609,30.2501831054688,24.8348140716553,23.3552303314209,21.8467884063721,20.7195377349854,18.6005573272705,14.079870223999,11.3358812332153,11.3896064758301,16.5549278259277,25.0223484039307,27.4882717132568,28.4096927642822,24.2701187133789,17.6797046661377,16.0531253814697,-9999,-9999,-9999,-9999,-9999,-9999,-9999
-9999,-9999,-9999,-9999,-9999,-9999,21.5177059173584,21.8432846069336,23.1180610656738,30.2173233032227,35.2867240905762,36.0090599060059,36.6265678405762,-9999,-9999,-9999,-9999,-9999,-9999,-9999,-9999,-9999,-9999,-9999,-9999,-9999,-9999,-9999,-9999,-9999,-9999,-9999,-9999,-9999,-9999,-9999,-9999,-9999,-9999,-9999,-9999,-9999,-9999,-9999,-9999,-9999,-9999,-9999,-9999,-9999,-9999,-9999,-9999,-9999,-9999,-9999,-9999,-9999,-9999,-9999,-9999,-9999,-9999,-9999,-9999,-9999,-9999,-9999,-9999,-9999,-9999,-9999,-9999,-9999,-9999,-9999,-9999,-9999,-9999,-9999,-9999,-9999,-9999,-9999,-9999,-9999,-9999,-9999,-9999,-9999,-9999,-9999,-9999,-9999,-9999,-9999,-9999,-9999,-9999,32.5688209533691,32.6623954772949,32.687084197998,32.7477340698242,32.8313255310059,33.3205299377441,34.0307731628418,34.2595443725586,34.269359588623,30.1623649597168,24.9748268127441,23.6093463897705,22.2274837493896,20.9325103759766,18.7442874908447,13.9866857528687,11.5567646026611,12.6914300918579,16.0219058990479,20.7459144592285,21.9037780761719,21.4323844909668,19.6780338287354,17.4098434448242,13.5624465942383,8.05966758728027,-9999,-9999,-9999,-9999,-9999,-9999
-9999,-9999,-9999,-9999,-9999,-9999,-9999,-9999,-9999,-9999,-9999,-9999,-9999,-9999,-9999,-9999,-9999,-9999,-9999,-9999,-9999,-9999,-9999,-9999,-9999,-9999,-9999,-9999,-9999,-9999,-9999,-9999,-9999,-9999,-9999,-9999,-9999,-9999,-9999,-9999,-9999,-9999,-9999,-9999,-9999,-9999,-9999,-9999,-9999,-9999,-9999,-9999,-9999,-9999,-9999,-9999,-9999,-9999,-9999,-9999,-9999,-9999,-9999,-9999,-9999,-9999,-9999,-9999,-9999,-9999,-9999,-9999,-9999,-9999,-9999,-9999,-9999,-9999,-9999,-9999,-9999,-9999,-9999,-9999,-9999,-9999,-9999,-9999,-9999,-9999,-9999,-9999,-9999,-9999,-9999,-9999,-9999,-9999,-9999,-9999,32.4873466491699,32.4574699401855,32.5010948181152,32.6033630371094,33.0862770080566,33.7772407531738,33.9938087463379,33.9834823608398,30.5942306518555,26.3962306976318,24.4794731140137,22.5680828094482,21.2491207122803,18.9148292541504,13.7596006393433,11.5424995422363,13.8773899078369,15.3109865188599,16.258975982666,15.8827772140503,14.5626878738403,15.046630859375,15.9435329437256,9.97116947174072,7.6121244430542,2.97912263870239,-9999,-9999,-9999,-9999,-9999
-9999,-9999,-9999,-9999,-9999,-9999,-9999,-9999,-9999,-9999,-9999,-9999,-9999,-9999,-9999,-9999,-9999,-9999,-9999,-9999,-9999,-9999,-9999,-9999,-9999,-9999,-9999,-9999,-9999,-9999,-9999,-9999,-9999,-9999,-9999,-9999,-9999,-9999,-9999,-9999,-9999,-9999,-9999,-9999,-9999,-9999,-9999,-9999,-9999,-9999,-9999,-9999,-9999,-9999,-9999,-9999,-9999,-9999,-9999,-9999,-9999,-9999,-9999,-9999,-9999,-9999,-9999,-9999,-9999,-9999,-9999,-9999,-9999,-9999,-9999,-9999,-9999,-9999,-9999,-9999,-9999,-9999,-9999,-9999,-9999,-9999,-9999,-9999,-9999,-9999,-9999,-9999,-9999,-9999,-9999,-9999,-9999,-9999,-9999,-9999,32.2760620117188,32.2347030639648,32.3033447265625,32.4693336486816,32.9921455383301,33.7068367004395,33.8786773681641,33.8133888244629,33.0315170288086,32.0391998291016,27.4295387268066,22.8281955718994,21.5663719177246,19.1101932525635,13.8961811065674,11.5069046020508,13.1669635772705,13.7097463607788,13.2956562042236,12.129994392395,10.2402973175049,9.81114673614502,9.58390045166016,6.8293890953064,3.32788395881653,3.24350953102112,2.76328754425049,-9999,-9999,-9999,-9999
-9999,-9999,-9999,-9999,-9999,-9999,-9999,-9999,-9999,-9999,-9999,-9999,-9999,-9999,-9999,-9999,-9999,-9999,-9999,-9999,-9999,-9999,-9999,-9999,-9999,-9999,-9999,-9999,-9999,-9999,-9999,-9999,-9999,-9999,-9999,-9999,-9999,-9999,-9999,-9999,-9999,-9999,-9999,-9999,-9999,-9999,-9999,-9999,-9999,-9999,-9999,-9999,-9999,-9999,-9999,-9999,-9999,-9999,-9999,-9999,-9999,-9999,-9999,-9999,-9999,-9999,-9999,-9999,-9999,-9999,-9999,-9999,-9999,-9999,-9999,-9999,-9999,-9999,-9999,-9999,-9999,-9999,-9999,-9999,-9999,-9999,-9999,-9999,-9999,-9999,-9999,-9999,-9999,-9999,-9999,-9999,-9999,-9999,-9999,-9999,32.0829887390137,32.0541915893555,32.1448059082031,32.3576164245605,32.7982368469238,33.3607597351074,33.6161460876465,33.7033004760742,34.5354881286621,35.2495613098145,29.2787628173828,23.0611629486084,21.8519420623779,19.4255485534668,14.1668186187744,11.4053287506104,12.5123796463013,12.2579298019409,10.9713573455811,9.2344913482666,7.27410173416138,6.17359685897827,5.04641485214233,4.30339908599854,3.42744827270508,2.74383115768433,2.50774550437927,-9999,-9999,-9999,-9999
-9999,-9999,-9999,-9999,-9999,-9999,-9999,-9999,-9999,-9999,-9999,-9999,-9999,-9999,-9999,-9999,-9999,-9999,-9999,-9999,-9999,-9999,-9999,-9999,-9999,-9999,-9999,-9999,-9999,-9999,-9999,-9999,-9999,-9999,-9999,-9999,-9999,-9999,-9999,-9999,-9999,-9999,-9999,-9999,-9999,-9999,-9999,-9999,-9999,-9999,-9999,-9999,-9999,-9999,-9999,-9999,-9999,-9999,-9999,-9999,-9999,-9999,-9999,-9999,-9999,-9999,-9999,-9999,-9999,-9999,-9999,-9999,-9999,-9999,-9999,-9999,-9999,-9999,-9999,-9999,-9999,-9999,-9999,-9999,-9999,-9999,-9999,-9999,-9999,-9999,-9999,-9999,-9999,-9999,-9999,-9999,-9999,-9999,-9999,-9999,-9999,31.9513072967529,32.0706062316895,32.2934036254883,32.4142875671387,32.4725608825684,33.0566940307617,33.6973114013672,34.5991325378418,35.3177947998047,29.408224105835,23.2801036834717,22.1681594848633,19.9229507446289,14.4812927246094,11.5734453201294,12.4371633529663,11.7685508728027,9.57387351989746,8.50908660888672,7.88837194442749,6.28121089935303,3.74498820304871,3.23388528823853,2.83282136917114,2.50985717773438,2.23739957809448,-9999,-9999,3.32606601715088,3.34981441497803
-9999,-9999,-9999,-9999,-9999,-9999,-9999,-9999,-9999,-9999,-9999,-9999,-9999,-9999,-9999,-9999,-9999,-9999,-9999,-9999,-9999,-9999,-9999,-9999,-9999,-9999,-9999,-9999,-9999,-9999,-9999,-9999,-9999,-9999,-9999,-9999,-9999,-9999,-9999,-9999,-9999,-9999,-9999,-9999,-9999,-9999,-9999,-9999,-9999,-9999,-9999,-9999,-9999,-9999,-9999,-9999,-9999,-9999,-9999,-9999,-9999,-9999,-9999,-9999,-9999,-9999,-9999,-9999,-9999,-9999,-9999,-9999,-9999,-9999,-9999,-9999,-9999,-9999,-9999,-9999,-9999,-9999,-9999,-9999,-9999,-9999,-9999,-9999,-9999,-9999,-9999,-9999,-9999,-9999,-9999,-9999,-9999,-9999,-9999,-9999,-9999,-9999,32.0144500732422,32.1905174255371,32.1462707519531,31.9601879119873,32.6814575195313,33.5660781860352,34.5624771118164,35.3629302978516,29.5879287719727,23.3273315429688,20.2116050720215,16.7532272338867,12.63600730896,10.2861318588257,10.7783737182617,9.77837181091309,7.51134872436523,6.93774557113647,7.02355480194092,5.7788257598877,2.95695066452026,2.7442934513092,2.77435922622681,2.59890985488892,2.56956195831299,2.97322249412537,3.28897929191589,3.42443203926086,3.41547799110413
-9999,-9999,-9999,-9999,-9999,-9999,-9999,-9999,-9999,-9999,-9999,-9999,-9999,-9999,-9999,-9999,-9999,-9999,-9999,-9999,-9999,-9999,-9999,-9999,-9999,-9999,-9999,-9999,-9999,-9999,-9999,-9999,-9999,-9999,-9999,-9999,-9999,-9999,-9999,-9999,-9999,-9999,-9999,-9999,-9999,-9999,-9999,-9999,-9999,-9999,-9999,-9999,-9999,-9999,-9999,-9999,-9999,-9999,-9999,-9999,-9999,-9999,-9999,-9999,-9999,-9999,-9999,-9999,-9999,-9999,-9999,-9999,-9999,-9999,-9999,-9999,-9999,-9999,-9999,-9999,-9999,-9999,-9999,-9999,-9999,-9999,-9999,-9999,-9999,-9999,-9999,-9999,-9999,-9999,-9999,-9999,-9999,-9999,-9999,-9999,-9999,-9999,-9999,32.0472068786621,32.0090026855469,31.891529083252,32.5033683776855,33.2147331237793,34.430362701416,35.438606262207,29.8754425048828,23.2271900177002,15.414400100708,8.96182155609131,7.85513114929199,7.35176992416382,7.46150636672974,6.68270063400269,4.76575326919556,4.04981851577759,4.28217649459839,3.92499542236328,3.1444628238678,3.15168976783752,3.21665239334106,3.16956162452698,3.12729454040527,3.19073295593262,3.15250754356384,3.01099252700806,2.9362096786499
-9999,-9999,-9999,-9999,-9999,-9999,-9999,-9999,-9999,-9999,-9999,-9999,-9999,-9999,-9999,-9999,-9999,-9999,-9999,-9999,-9999,-9999,-9999,-9999,-9999,-9999,-9999,-9999,-9999,-9999,-9999,-9999,-9999,-9999,-9999,-9999,-9999,-9999,-9999,-9999,-9999,-9999,-9999,-9999,-9999,-9999,-9999,-9999,-9999,-9999,-9999,-9999,-9999,-9999,-9999,-9999,-9999,-9999,-9999,-9999,-9999,-9999,-9999,-9999,-9999,-9999,-9999,-9999,-9999,-9999,-9999,-9999,-9999,-9999,-9999,-9999,-9999,-9999,-9999,-9999,-9999,-9999,-9999,-9999,-9999,-9999,-9999,-9999,-9999,-9999,-9999,-9999,-9999,-9999,-9999,-9999,-9999,-9999,-9999,-9999,-9999,-9999,-9999,31.9117012023926,31.9591121673584,32.033031463623,32.3906631469727,32.7472610473633,33.880012512207,34.8982162475586,29.7557220458984,23.3323459625244,13.7217216491699,6.21862649917603,6.55326080322266,6.80267477035522,6.88653516769409,5.99638652801514,3.52136874198914,2.6905255317688,2.85656309127808,3.24371337890625,3.139328956604,3.16114211082458,3.08949422836304,3.14078736305237,3.16721510887146,2.89434552192688,4.4751353263855,9.48702430725098,15.0135154724121
-9999,-9999,-9999,-9999,-9999,-9999,-9999,-9999,-9999,-9999,-9999,-9999,-9999,-9999,-9999,-9999,-9999,-9999,-9999,-9999,-9999,-9999,-9999,-9999,-9999,-9999,-9999,-9999,-9999,-9999,-9999,-9999,-9999,-9999,-9999,-9999,-9999,-9999,-9999,-9999,-9999,-9999,-9999,-9999,-9999,-9999,-9999,-9999,-9999,-9999,-9999,-9999,-9999,-9999,-9999,-9999,-9999,-9999,-9999,-9999,-9999,-9999,-9999,-9999,-9999,-9999,-9999,-9999,-9999,-9999,-9999,-9999,-9999,-9999,-9999,-9999,-9999,-9999,-9999,-9999,-9999,-9999,-9999,-9999,-9999,-9999,-9999,-9999,-9999,-9999,-9999,-9999,-9999,-9999,-9999,-9999,-9999,-9999,-9999,-9999,-9999,-9999,-9999,-9999,31.9812278747559,32.3120956420898,32.4611129760742,32.500602722168,33.0577049255371,33.9341201782227,29.3591384887695,22.8880882263184,13.2834787368774,6.4994158744812,7.37928056716919,7.61472988128662,7.68794536590576,6.56195402145386,3.71821570396423,2.49350190162659,2.73186659812927,2.67468309402466,2.73322463035583,2.53794884681702,2.3009922504425,2.40443158149719,2.34851932525635,2.10748958587646,6.64665079116821,20.1752071380615,30.8252277374268
-9999,-9999,-9999,-9999,-9999,-9999,-9999,-9999,-9999,-9999,-9999,-9999,-9999,-9999,-9999,-9999,-9999,-9999,-9999,-9999,-9999,-9999,-9999,-9999,-9999,-9999,-9999,-9999,-9999,-9999,-9999,-9999,-9999,-9999,-9999,-9999,-9999,-9999,-9999,-9999,-9999,-9999,-9999,-9999,-9999,-9999,-9999,-9999,-9999,-9999,-9999,-9999,-9999,-9999,-9999,-9999,-9999,-9999,-9999,-9999,-9999,-9999,-9999,-9999,-9999,-9999,-9999,-9999,-9999,-9999,-9999,-9999,-9999,-9999,-9999,-9999,-9999,-9999,-9999,-9999,-9999,-9999,-9999,-9999,-9999,-9999,-9999,-9999,-9999,-9999,-9999,-9999,-9999,-9999,-9999,-9999,-9999,-9999,-9999,-9999,-9999,-9999,-9999,-9999,-9999,-9999,32.2190628051758,32.1242027282715,32.678466796875,33.242374420166,30.3389587402344,25.9388618469238,18.910026550293,13.2077074050903,11.5226316452026,10.4927921295166,10.7135639190674,9.77469253540039,8.09702301025391,8.78245162963867,10.9829015731812,11.0001430511475,10.651985168457,12.1567916870117,14.2264070510864,15.6488885879517,16.6073036193848,16.0734024047852,18.3773365020752,26.1974716186523,32.670581817627
-9999,-9999,-9999,-9999,-9999,-9999,-9999,-9999,-9999,-9999,-9999,-9999,-9999,-9999,-9999,-9999,-9999,-9999,-9999,-9999,-9999,-9999,-9999,-9999,-9999,-9999,-9999,-9999,-9999,-9999,-9999,-9999,-9999,-9999,-9999,-9999,-9999,-9999,-9999,-9999,-9999,-9999,-9999,-9999,-9999,-9999,-9999,-9999,-9999,-9999,-9999,-9999,-9999,-9999,-9999,-9999,-9999,-9999,-9999,-9999,-9999,-9999,-9999,-9999,-9999,-9999,-9999,-9999,-9999,-9999,-9999,-9999,-9999,-9999,-9999,-9999,-9999,-9999,-9999,-9999,-9999,-9999,-9999,-9999,-9999,-9999,-9999,-9999,-9999,-9999,-9999,-9999,-9999,-9999,-9999,-9999,-9999,-9999,-9999,-9999,-9999,-9999,-9999,-9999,-9999,-9999,-9999,-9999,31.9193248748779,32.1746101379395,31.8874797821045,31.1823902130127,27.6093654632568,23.1671390533447,17.8012390136719,14.6201343536377,15.3812131881714,15.4934539794922,14.4696016311646,17.6591472625732,22.5781154632568,22.8704681396484,22.0280780792236,24.8106479644775,27.6534404754639,29.9271869659424,31.5864334106445,31.0115871429443,30.6052379608154,30.5785999298096,-9999
-9999,-9999,-9999,-9999,-9999,-9999,-9999,-9999,-9999,-9999,-9999,-9999,-9999,-9999,-9999,-9999,-9999,-9999,-9999,-9999,-9999,-9999,-9999,-9999,-9999,-9999,-9999,-9999,-9999,-9999,-9999,-9999,-9999,-9999,-9999,-9999,-9999,-9999,-9999,-9999,-9999,-9999,-9999,-9999,-9999,-9999,-9999,-9999,-9999,-9999,-9999,-9999,-9999,-9999,-9999,-9999,-9999,-9999,-9999,-9999,-9999,-9999,-9999,-9999,-9999,-9999,-9999,-9999,-9999,-9999,-9999,-9999,-9999,-9999,-9999,-9999,-9999,-9999,-9999,-9999,-9999,-9999,-9999,-9999,-9999,-9999,-9999,-9999,-9999,-9999,-9999,-9999,-9999,-9999,-9999,-9999,-9999,-9999,-9999,-9999,-9999,-9999,-9999,-9999,-9999,-9999,-9999,-9999,-9999,-9999,31.6545143127441,31.4513397216797,29.6310653686523,27.487190246582,24.5926704406738,22.8269138336182,22.9548072814941,22.7772178649902,22.3300647735596,23.9928359985352,26.5806903839111,26.7814903259277,26.3824119567871,27.8576259613037,29.4065322875977,30.6903686523438,31.6405773162842,31.253360748291,-9999,-9999,-9999
-9999,-9999,-9999,-9999,-9999,-9999,-9999,-9999,-9999,-9999,-9999,-9999,-9999,-9999,-9999,-9999,-9999,-9999,-9999,-9999,-9999,-9999,-9999,-9999,-9999,-9999,-9999,-9999,-9999,-9999,-9999,-9999,-9999,-9999,-9999,-9999,-9999,-9999,-9999,-9999,-9999,-9999,-9999,-9999,-9999,-9999,-9999,-9999,-9999,-9999,-9999,-9999,-9999,-9999,-9999,-9999,-9999,-9999,-9999,-9999,-9999,-9999,-9999,-9999,-9999,-9999,-9999,-9999,-9999,-9999,-9999,-9999,-9999,-9999,-9999,-9999,-9999,-9999,-9999,-9999,-9999,-9999,-9999,-9999,-9999,-9999,-9999,-9999,-9999,-9999,-9999,-9999,-9999,-9999,-9999,-9999,-9999,-9999,-9999,-9999,-9999,-9999,-9999,-9999,-9999,-9999,-9999,-9999,-9999,-9999,-9999,-9999,-9999,-9999,-9999,-9999,-9999,-9999,-9999,-9999,-9999,-9999,-9999,-9999,-9999,-9999,-9999,-9999,-9999,-9999,-9999
-9999,-9999,-9999,-9999,-9999,-9999,-9999,-9999,-9999,-9999,-9999,-9999,-9999,-9999,-9999,-9999,-9999,-9999,-9999,-9999,-9999,-9999,-9999,-9999,-9999,-9999,-9999,-9999,-9999,-9999,-9999,-9999,-9999,-9999,-9999,-9999,-9999,-9999,-9999,-9999,-9999,-9999,-9999,-9999,-9999,-9999,-9999,-9999,-9999,-9999,-9999,-9999,-9999,-9999,-9999,-9999,-9999,-9999,-9999,-9999,-9999,-9999,-9999,-9999,-9999,-9999,-9999,-9999,-9999,-9999,-9999,-9999,-9999,-9999,-9999,-9999,-9999,-9999,-9999,-9999,-9999,-9999,-9999,-9999,-9999,-9999,-9999,-9999,-9999,-9999,-9999,-9999,-9999,-9999,-9999,-9999,-9999,-9999,-9999,-9999,-9999,-9999,-9999,-9999,-9999,-9999,-9999,-9999,-9999,-9999,-9999,-9999,-9999,-9999,-9999,-9999,-9999,-9999,-9999,-9999,-9999,-9999,-9999,-9999,-9999,-9999,-9999,-9999,-9999,-9999,-9999

Step,289
Year,24.08333
-9999,-9999,-9999,-9999,-9999,-9999,-9999,-9999,-9999,-9999,-9999,-9999,-9999,-9999,-9999,-9999,-9999,-9999,-9999,-9999,-9999,-9999,-9999,-9999,-9999,-9999,-9999,-9999,-9999,-9999,-9999,-9999,-9999,-9999,-9999,-9999,-9999,-9999,-9999,-9999,-9999,-9999,-9999,-9999,-9999,-9999,-9999,-9999,-9999,-9999,-9999,-9999,-9999,-9999,-9999,-9999,-9999,-9999,-9999,-9999,-9999,-9999,-9999,-9999,-9999,-9999,-9999,-9999,-9999,-9999,-9999,-9999,-9999,-9999,-9999,-9999,-9999,-9999,-9999,-9999,-9999,-9999,-9999,-9999,-9999,-9999,-9999,-9999,-9999,-9999,-9999,-9999,-9999,-9999,-9999,-9999,-9999,-9999,-9999,-9999,-9999,-9999,-9999,-9999,-9999,-9999,-9999,-9999,-9999,-9999,-9999,-9999,-9999,-9999,-9999,-9999,-9999,-9999,-9999,-9999,-9999,-9999,-9999,-9999,-9999,-9999,-9999,-9999,-9999,-9999,-9999
-9999,-9999,-9999,-9999,-9999,-9999,-9999,-9999,-9999,-9999,-9999,-9999,-9999,-9999,-9999,-9999,-9999,-9999,-9999,-9999,-9999,-9999,-9999,-9999,-9999,-9999,-9999,-9999,-9999,-9999,-9999,-9999,-9999,-9999,-9999,-9999,-9999,-9999,-9999,-9999,-9999,-9999,-9999,-9999,-9999,-9999,-9999,-9999,-9999,-9999,-9999,-9999,-9999,-9999,-9999,-9999,-9999,-9999,-9999,-9999,-9999,-9999,-9999,-9999,-9999,-9999,-9999,-9999,-9999,-9999,-9999,-9999,-9999,-9999,-9999,-9999,-9999,-9999,-9999,-9999,-9999,-9999,-9999,-9999,-9999,-9999,-9999,-9999,-9999,-9999,-9999,-9999,-9999,-9999,-9999,-9999,-9999,-9999,-9999,-9999,-9999,-9999,-9999,-9999,-9999,-9999,-9999,-9999,-9999,-9999,-9999,-9999,-9999,-9999,-9999,-9999,-9999,-9999,-9999,-9999,-9999,-9999,-9999,-9999,-9999,-9999,-9999,-9999,-9999,-9999,-9999
-9999,-9999,-9999,-9999,-9999,-9999,-9999,-9999,-9999,-9999,-9999,-9999,-9999,-9999,-9999,-9999,-9999,-9999,-9999,-9999,-9999,-9999,-9999,-9999,-9999,-9999,-9999,-9999,-9999,-9999,-9999,-9999,-9999,-9999,-9999,-9999,-9999,-9999,-9999,-9999,-9999,-9999,-9999,-9999,-9999,-9999,-9999,-9999,-9999,-9999,-9999,-9999,-9999,-9999,-9999,-9999,-9999,-9999,-9999,-9999,-9999,-9999,-9999,-9999,-9999,-9999,-9999,-9999,-9999,-9999,-9999,-9999,-9999,-9999,37.4267883300781,37.8552017211914,-9999,-9999,-9999,-9999,-9999,-9999,-9999,-9999,-9999,-9999,-9999,-9999,-9999,-9999,-9999,-9999,-9999,-9999,-9999,-9999,-9999,-9999,-9999,-9999,-9999,-9999,-9999,-9999,-9999,-9999,-9999,-9999,-9999,-9999,-9999,-9999,-9999,-9999,-9999,-9999,-9999,-9999,-9999,-9999,-9999,-9999,-9999,-9999,-9999,-9999,-9999,-9999,-9999,-9999,-9999
-9999,-9999,-9999,-9999,-9999,-9999,-9999,-9999,-9999,-9999,-9999,-9999,-9999,-9999,-9999,-9999,-9999,-9999,-9999,-9999,-9999,-9999,-9999,-9999,-9999,-9999,-9999,-9999,-9999,-9999,-9999,-9999,-9999,-9999,-9999,-9999,-9999,-9999,-9999,-9999,-9999,-9999,-9999,-9999,-9999,-9999,-9999,-9999,-9999,-9999,-9999,-9999,-9999,-9999,-9999,-9999,-9999,-9999,-9999,-9999,-9999,-9999,-9999,-9999,-9999,-9999,-9999,-9999,-9999,-9999,-9999,-9999,-9999,-9999,38.4688606262207,37.7919120788574,-9999,-9999,-9999,-9999,-9999,-9999,-9999,-9999,-9999,-9999,-9999,-9999,-9999,-9999,-9999,-9999,-9999,-9999,-9999,-9999,-9999,-9999,-9999,-9999,-9999,-9999,-9999,-9999,-9999,-9999,-9999,-9999,-9999,-9999,-9999,-9999,-9999,-9999,-9999,-9999,-9999,-9999,-9999,-9999,-9999,-9999,-9999,-9999,-9999,-9999,-9999,-9999,-9999,-9999,-9999
-9999,-9999,-9999,-9999,-9999,-9999,-9999,-9999,-9999,-9999,-9999,-9999,-9999,-9999,-9999,-9999,-9999,-9999,-9999,-9999,-9999,-9999,-9999,-9999,-9999,-9999,-9999,-9999,-9999,-9999,-9999,-9999,-9999,-9999,-9999,-9999,-9999,-9999,-9999,-9999,-9999,-9999,-9999,-9999,-9999,-9999,-9999,-9999,-9999,-9999,-9999,-9999,-9999,-9999,-9999,-9999,6.1750810628064E-13,1.09006954573942E-08,1.08173638935227E-08,1.08026743106393E-08,-9999,-9999,-9999,-9999,-9999,38.6431999206543,38.4897766113281,39.0329170227051,40.1044769287109,37.2425003051758,35.8147087097168,32.6805114746094,32.4683380126953,31.9384441375732,35.5942001342773,34.3727684020996,32.9711418151855,-9999,-9999,25.2400550842285,23.847526550293,22.999174118042,23.6707229614258,30.3951530456543,33.5320167541504,35.5159301757813,35.3931427001953,33.1951904296875,25.009126663208,-9999,-9999,-9999,-9999,-9999,-9999,-9999,-9999,-9999,-9999,-9999,-9999,-9999,-9999,-9999,-9999,-9999,-9999,-9999,-9999,-9999,-9999,-9999,-9999,-9999,-9999,-9999,-9999,-9999,-9999,-9999,-9999,-9999,-9999,-9999,-9999,-9999,-9999,-9999,-9999,-9999,-9999
-9999,-9999,-9999,-9999,-9999,-9999,-9999,-9999,-9999,-9999,-9999,-9999,-9999,-9999,-9999,-9999,-9999,-9999,-9999,-9999,-9999,-9999,-9999,-9999,-9999,-9999,-9999,-9999,-9999,-9999,-9999,-9999,-9999,-9999,-9999,-9999,-9999,-9999,-9999,-9999,-9999,-9999,-9999,-9999,-9999,-9999,-9999,-9999,-9999,-9999,-9999,-9999,-9999,-9999,-9999,7.13190303255201E-13,2.48475444664109E-08,0.000671682180836797,0.000667957297991961,0.000667287735268474,0.00136920367367566,44.7411766052246,-9999,44.0510940551758,42.2256088256836,41.9305381774902,41.0857009887695,40.5100173950195,40.0707397460938,39.3998832702637,36.1992950439453,35.3006286621094,35.9735908508301,34.982349395752,34.6063537597656,35.0755805969238,33.7944755554199,33.3966064453125,32.1430549621582,29.6867942810059,26.4173488616943,23.6472225189209,26.7493362426758,29.7941818237305,34.0800170898438,36.5111694335938,36.3755111694336,33.9765243530273,28.5782852172852,22.5350017547607,15.921142578125,-9999,-9999,-9999,-9999,-9999,-9999,-9999,-9999,-9999,-9999,-9999,-9999,-9999,-9999,-9999,-9999,-9999,-9999,-9999,-9999,-9999,-9999,-9999,-9999,-9999,-9999,-9999,-9999,-9999,-9999,-9999,-9999,-9999,-9999,-9999,-9999,-9999,-9999,-9999,-9999
-9999,-9999,-9999,-9999,-9999,-9999,-9999,-9999,-9999,-9999,-9999,-9999,-9999,-9999,-9999,-9999,-9999,-9999,-9999,-9999,-9999,-9999,-9999,-9999,-9999,-9999,-9999,-9999,-9999,-9999,-9999,-9999,-9999,-9999,-9999,-9999,-9999,-9999,-9999,-9999,-9999,-9999,-9999,-9999,-9999,-9999,-9999,-9999,-9999,-9999,-9999,-9999,-9999,-9999,-9999,1.44828931070151E-08,0.000772426719777286,45.8888206481934,45.8314971923828,45.8822860717773,46.0374412536621,45.399528503418,44.6335601806641,44.5777549743652,42.7142295837402,42.3904609680176,41.0152473449707,40.2250175476074,39.8794898986816,38.5291213989258,37.4505310058594,37.0745849609375,36.7399673461914,36.4813919067383,36.1259613037109,35.6714630126953,34.812915802002,33.6972160339355,31.8768825531006,29.6129245758057,26.5705223083496,23.9690361022949,27.2184829711914,31.89577293396,35.8755416870117,38.030086517334,37.627685546875,35.0269660949707,29.3146095275879,22.8002529144287,15.9002599716187,13.9349708557129,18.0899715423584,-9999,-9999,-9999,-9999,-9999,-9999,-9999,-9999,-9999,29.7049922943115,30.5119075775146,32.197265625,-9999,-9999,-9999,-9999,-9999,-9999,-9999,-9999,-9999,-9999,-9999,-9999,-9999,-9999,-9999,-9999,-9999,-9999,-9999,-9999,-9999,-9999,-9999,-9999,-9999,-9999
-9999,-9999,-9999,-9999,-9999,-9999,-9999,-9999,-9999,-9999,-9999,-9999,-9999,-9999,-9999,-9999,-9999,-9999,-9999,-9999,-9999,-9999,-9999,-9999,-9999,-9999,-9999,-9999,-9999,-9999,-9999,38.782642364502,-9999,-9999,-9999,39.5108757019043,-9999,-9999,-9999,-9999,-9999,-9999,-9999,-9999,-9999,-9999,-9999,-9999,-9999,-9999,-9999,-9999,-9999,-9999,-9999,-9999,-9999,45.4568023681641,45.6825561523438,45.7821884155273,-9999,46.1734771728516,45.5873718261719,44.670783996582,43.2804069519043,42.1289863586426,41.251522064209,40.6037902832031,40.0389938354492,37.545166015625,36.7223052978516,37.7970428466797,38.4675254821777,37.6245384216309,37.0850448608398,36.5007629394531,35.8960304260254,34.8841514587402,34.5250205993652,34.4540252685547,32.7036781311035,31.4646396636963,34.7352409362793,36.7983703613281,39.549991607666,40.788932800293,39.7862968444824,37.4791297912598,32.7562675476074,29.6333026885986,27.2536869049072,22.4867763519287,16.7583351135254,20.0900497436523,-9999,-9999,-9999,-9999,-9999,-9999,-9999,-9999,34.4867248535156,36.0236778259277,35.736686706543,34.0264854431152,33.0022583007813,-9999,-9999,-9999,-9999,-9999,-9999,-9999,-9999,-9999,-9999,-9999,-9999,-9999,-9999,-9999,-9999,-9999,-9999,-9999,-9999,-9999,-9999,-9999,-9999
-9999,-9999,-9999,-9999,-9999,-9999,-9999,-9999,-9999,-9999,-9999,-9999,-9999,-9999,-9999,-9999,-9999,-9999,-9999,-9999,-9999,-9999,-9999,-9999,-9999,-9999,-9999,-9999,-9999,-9999,38.1949462890625,37.7777099609375,-9999,-9999,39.5861740112305,39.9046325683594,-9999,-9999,36.4194297790527,38.2788200378418,-9999,-9999,-9999,-9999,-9999,41.4418869018555,-9999,-9999,-9999,-9999,-9999,-9999,-9999,-9999,-9999,-9999,-9999,-9999,-9999,-9999,-9999,46.0347671508789,46.5968017578125,44.7805290222168,43.3498954772949,42.2909545898438,40.9860534667969,39.8077430725098,38.7407875061035,36.6156845092773,35.4047584533691,38.4250640869141,40.0262832641602,39.3320083618164,38.7911911010742,38.041088104248,37.3339653015137,36.3987922668457,37.7267608642578,39.2133369445801,39.7114181518555,38.8349761962891,39.755729675293,40.7352981567383,41.8727607727051,42.3179664611816,41.4441184997559,39.702579498291,36.4545516967773,35.6142044067383,36.5177764892578,30.1680908203125,18.0336170196533,20.0345630645752,24.3533325195313,-9999,-9999,-9999,-9999,-9999,34.8584938049316,35.1559028625488,35.3607025146484,35.9985771179199,36.6083564758301,37.3951072692871,35.3201026916504,31.8677215576172,-9999,-9999,-9999,-9999,-9999,-9999,-9999,-9999,-9999,-9999,-9999,-9999,-9999,-9999,-9999,-9999,-9999,-9999,-9999,-9999,-9999,-9999,-9999
-9999,-9999,-9999,-9999,-9999,-9999,-9999,-9999,-9999,-9999,-9999,-9999,-9999,-9999,-9999,-9999,-9999,-9999,-9999,-9999,-9999,-9999,-9999,38.5123901367188,38.9009971618652,-9999,-9999,-9999,-9999,38.0685539245605,37.613338470459,38.1421852111816,37.7109832763672,39.0521965026855,39.3609046936035,39.223087310791,36.6814079284668,35.3961753845215,36.2967338562012,-9999,38.6603088378906,40.4426536560059,-9999,-9999,40.8149337768555,41.4962844848633,41.6743774414063,42.8874588012695,-9999,-9999,-9999,-9999,-9999,-9999,-9999,-9999,-9999,41.6580505371094,43.8393020629883,-9999,-9999,-9999,44.7593269348145,44.7885818481445,43.798885345459,42.2134895324707,42.0946044921875,40.9441909790039,39.4058456420898,35.8064842224121,34.3629188537598,37.993293762207,39.8130493164063,40.616153717041,40.1197547912598,39.4768714904785,38.9617500305176,37.7906455993652,37.9633140563965,39.4750289916992,39.9103736877441,39.9442329406738,40.9713401794434,41.8316879272461,42.2430648803711,42.3885116577148,42.0302696228027,40.9366493225098,38.3502388000488,36.4971694946289,35.5576477050781,31.0146503448486,24.0110301971436,23.4454689025879,24.2134189605713,21.3153839111328,20.8581352233887,22.2611083984375,22.8017730712891,24.8107528686523,29.7069511413574,34.9150772094727,35.1901702880859,35.4627914428711,36.1734008789063,37.3427886962891,37.7645683288574,34.8810272216797,33.7244033813477,34.7045516967773,-9999,-9999,-9999,-9999,-9999,-9999,-9999,-9999,-9999,-9999,-9999,-9999,-9999,-9999,-9999,-9999,-9999,-9999,-9999,-9999,-9999
-9999,-9999,-9999,-9999,-9999,-9999,-9999,-9999,-9999,-9999,-9999,-9999,-9999,-9999,-9999,-9999,-9999,-9999,-9999,-9999,-9999,-9999,38.7402038574219,38.6305999755859,38.257682800293,39.2788543701172,40.4117698669434,37.1213455200195,37.2744445800781,36.8767929077148,37.5893516540527,37.5031890869141,36.8508071899414,37.5286140441895,38.5040969848633,37.1604766845703,34.9937400817871,35.3189811706543,35.2684059143066,36.1755714416504,37.3255615234375,39.5544700622559,41.00244140625,41.0189590454102,41.1083221435547,41.5830841064453,42.2771301269531,43.151683807373,43.1464157104492,-9999,-9999,-9999,-9999,-9999,-9999,-9999,-9999,39.398998260498,40.7703170776367,43.1092948913574,-9999,-9999,44.0121002197266,44.4142761230469,45.5617752075195,44.3709831237793,42.4395980834961,40.796802520752,38.1388664245605,34.8515892028809,33.7022247314453,37.5154228210449,39.1656150817871,40.7794036865234,41.0493621826172,40.4422187805176,39.9020652770996,39.3695831298828,39.3022880554199,38.6795349121094,39.8880767822266,41.0301361083984,42.0036506652832,42.7052001953125,42.5635604858398,42.4702377319336,42.4670524597168,41.8373413085938,40.3630523681641,37.9618721008301,34.5718231201172,31.9738349914551,28.6280918121338,25.7654056549072,23.5151519775391,22.245548248291,21.9452819824219,24.0107879638672,24.2155418395996,23.6893424987793,26.0959224700928,32.404613494873,35.2593002319336,35.8943328857422,36.3491477966309,37.052806854248,37.8344879150391,38.5438041687012,36.582389831543,34.7707443237305,-9999,-9999,-9999,-9999,-9999,-9999,-9999,-9999,-9999,-9999,-9999,-9999,-9999,-9999,-9999,-9999,-9999,-9999,-9999,-9999,-9999
-9999,-9999,-9999,-9999,-9999,-9999,-9999,-9999,-9999,-9999,-9999,-9999,-9999,-9999,-9999,-9999,-9999,-9999,-9999,-9999,-9999,-9999,39.1422500610352,38.2577514648438,37.7567024230957,38.6321678161621,41.2986259460449,40.9880027770996,36.5482597351074,36.8248023986816,37.350269317627,37.3681411743164,37.0229568481445,36.9114761352539,37.063117980957,36.013011932373,35.1537094116211,34.8029708862305,34.7884101867676,35.5346946716309,36.717700958252,38.8865356445313,40.3318939208984,40.4486541748047,40.9438247680664,41.2903900146484,41.2941856384277,43.003002166748,43.0169677734375,43.1863861083984,43.0277099609375,-9999,-9999,-9999,-9999,-9999,-9999,-9999,39.2889251708984,40.6462516784668,42.071231842041,42.887336730957,43.1568412780762,44.0533561706543,45.2341346740723,43.5864944458008,41.907299041748,38.597843170166,35.1623725891113,33.2016372680664,34.7301483154297,38.5661888122559,40.7403793334961,41.8975830078125,42.1532516479492,42.1751480102539,41.876522064209,41.4550094604492,40.8885307312012,40.0798263549805,41.0876235961914,42.0416412353516,42.3689880371094,42.6134757995605,42.5849761962891,42.5713081359863,42.5781707763672,42.0189437866211,40.8016204833984,38.1335754394531,33.5624122619629,32.0089645385742,30.7779674530029,25.6642589569092,19.304178237915,20.3848476409912,21.2947521209717,23.0014419555664,24.3297233581543,23.8883895874023,26.41676902771,33.0449371337891,36.6711730957031,38.4691352844238,37.9691619873047,35.9741477966309,36.6315879821777,38.172119140625,38.4363136291504,35.7327995300293,38.4502143859863,-9999,-9999,-9999,-9999,-9999,-9999,-9999,-9999,-9999,-9999,-9999,-9999,-9999,-9999,-9999,-9999,-9999,-9999,-9999,-9999
-9999,-9999,-9999,-9999,-9999,-9999,-9999,-9999,-9999,-9999,-9999,-9999,-9999,-9999,-9999,-9999,-9999,-9999,-9999,-9999,-9999,-9999,39.3157081604004,38.5844573974609,36.2186660766602,36.1000366210938,42.2697257995605,43.8126907348633,40.2819747924805,38.1398582458496,38.3642501831055,38.3374481201172,37.7304420471191,37.4253196716309,37.0942840576172,36.4920921325684,36.1499099731445,35.8507270812988,35.691707611084,36.410083770752,36.9882888793945,38.2343139648438,39.2146339416504,39.7536849975586,40.0648803710938,40.1862106323242,40.4548454284668,40.2966842651367,41.3506698608398,42.9275588989258,42.8611259460449,-9999,-9999,-9999,-9999,39.7739143371582,39.7118682861328,39.0635681152344,38.9201622009277,39.9188346862793,40.9904022216797,42.1052513122559,43.1198043823242,44.3362884521484,44.4658126831055,42.7242660522461,41.6630630493164,36.6257438659668,33.6882705688477,35.3556900024414,36.6436805725098,40.0860366821289,42.1564826965332,43.1548767089844,43.5345993041992,43.342472076416,42.928840637207,42.3985137939453,41.8361625671387,41.2399597167969,41.9748497009277,42.6538925170898,42.5710144042969,42.5177841186523,42.5681419372559,42.5962448120117,42.5870933532715,42.1444091796875,41.2040481567383,38.6986999511719,34.6619911193848,34.185131072998,35.3012084960938,29.282543182373,20.8697700500488,22.0616436004639,23.2556343078613,24.8582897186279,25.9707508087158,25.5643577575684,28.0462951660156,34.0182571411133,37.8777351379395,40.5016021728516,39.5107154846191,36.1557273864746,37.2108192443848,39.4299163818359,40.1010551452637,39.6958961486816,38.8010292053223,40.458366394043,-9999,-9999,-9999,-9999,-9999,-9999,-9999,-9999,-9999,-9999,-9999,-9999,-9999,-9999,-9999,-9999,-9999,-9999,-9999
-9999,-9999,-9999,-9999,-9999,-9999,-9999,-9999,-9999,-9999,-9999,-9999,-9999,-9999,-9999,-9999,-9999,-9999,-9999,-9999,-9999,37.7016067504883,39.0378837585449,38.341495513916,35.6655082702637,35.5170555114746,41.9105186462402,44.4379959106445,42.9949798583984,42.1394805908203,41.8106002807617,41.2778434753418,41.3450164794922,40.8300132751465,40.6439399719238,40.2407417297363,39.7346649169922,39.4537162780762,39.2733154296875,39.4686698913574,39.172061920166,37.3323211669922,36.9001274108887,38.2667694091797,38.9006309509277,39.1558837890625,39.4283561706543,39.615592956543,39.6746215820313,40.0549354553223,39.9742584228516,40.213695526123,40.2355537414551,40.1223068237305,39.8471717834473,40.140625,39.3493232727051,39.1301918029785,39.031665802002,38.9892654418945,38.0754737854004,38.5981864929199,40.1792030334473,42.7290458679199,44.4391059875488,42.7463874816895,40.3571395874023,35.4328460693359,35.5556869506836,39.572208404541,42.2500648498535,43.2078018188477,43.692008972168,43.7081108093262,43.5727653503418,43.3295288085938,43.0331878662109,42.7108154296875,42.4133415222168,42.121753692627,42.2392807006836,42.3599624633789,42.3868522644043,42.4140243530273,42.4477882385254,42.4318542480469,42.3204498291016,42.0982856750488,41.7518920898438,40.9180755615234,39.7368927001953,39.7469749450684,40.1257133483887,37.7212371826172,33.8635215759277,31.113618850708,29.0056571960449,30.0473594665527,30.5563335418701,31.0810031890869,32.1088905334473,35.253734588623,38.3699417114258,41.2881507873535,41.1369018554688,39.0312118530273,41.0083389282227,43.6643371582031,42.2298393249512,40.2312622070313,40.4407234191895,40.0156326293945,38.6412811279297,37.8065948486328,-9999,-9999,-9999,-9999,-9999,-9999,-9999,-9999,-9999,-9999,-9999,-9999,-9999,-9999,-9999,-9999,-9999
-9999,-9999,-9999,-9999,-9999,-9999,-9999,-9999,-9999,-9999,-9999,-9999,-9999,-9999,-9999,-9999,-9999,-9999,-9999,-9999,-9999,35.8538093566895,35.5028915405273,36.6768798828125,36.1761169433594,36.9338302612305,41.4744606018066,43.8126945495605,43.5461883544922,43.1514892578125,42.5586280822754,42.2603187561035,42.158763885498,41.9298629760742,41.5562286376953,41.2381362915039,40.7872009277344,40.4917106628418,40.26220703125,40.3075561523438,39.7944450378418,38.1034507751465,37.1628189086914,37.637996673584,38.1463432312012,38.6872253417969,39.2414932250977,39.8089218139648,39.4256057739258,39.0941734313965,39.4158897399902,39.5466384887695,39.5776214599609,39.3612670898438,39.6093711853027,39.1115570068359,38.4624557495117,38.0252494812012,37.687427520752,36.6719398498535,36.8425521850586,37.8331260681152,38.5845565795898,40.1410789489746,42.915096282959,42.2993927001953,41.1575012207031,36.7761077880859,37.9959487915039,42.1946907043457,44.5820236206055,44.3837814331055,44.1119689941406,43.7432098388672,-9999,-9999,-9999,-9999,-9999,-9999,-9999,42.0752372741699,42.1336975097656,42.1901779174805,42.2388000488281,42.2129364013672,42.0467796325684,41.9276504516602,41.8600654602051,41.8324508666992,41.8317031860352,41.7960395812988,41.7600517272949,41.1979064941406,39.729549407959,35.741325378418,32.2632522583008,33.2745819091797,33.484691619873,32.4665031433105,32.1010627746582,33.9123458862305,36.6841430664063,40.0472297668457,40.85595703125,40.5346755981445,42.4408340454102,44.8070602416992,42.3424415588379,39.1778678894043,40.1048965454102,39.3262138366699,38.7905578613281,36.8852577209473,37.3983879089355,-9999,-9999,-9999,-9999,-9999,-9999,-9999,-9999,-9999,-9999,-9999,-9999,-9999,-9999,-9999,-9999
-9999,-9999,-9999,-9999,-9999,-9999,-9999,-9999,-9999,-9999,-9999,-9999,-9999,-9999,-9999,-9999,-9999,-9999,-9999,33.8398094177246,34.592155456543,34.059684753418,33.469898223877,33.2455062866211,37.0577735900879,39.8601989746094,40.6740798950195,41.094482421875,40.7209663391113,40.3585929870605,39.9714202880859,39.8841934204102,39.836009979248,39.5119132995605,39.2440185546875,38.9498252868652,38.5196762084961,38.2925071716309,38.0699653625488,38.145450592041,38.7488250732422,40.8889007568359,41.4781494140625,39.2482528686523,38.5750045776367,39.0980758666992,39.9722213745117,40.9777870178223,39.7580413818359,37.8346328735352,38.0911521911621,38.3018455505371,38.1325225830078,38.0603294372559,37.897590637207,37.1916084289551,35.9501037597656,34.8339462280273,34.4135093688965,35.4053497314453,37.4629554748535,40.1320724487305,42.0634422302246,41.7097015380859,41.6746101379395,39.4352378845215,40.8105659484863,42.0411834716797,42.1798057556152,43.345531463623,44.0287322998047,-9999,-9999,-9999,-9999,-9999,-9999,-9999,-9999,-9999,-9999,-9999,-9999,41.791145324707,41.8984794616699,41.9161262512207,41.7647285461426,41.5784912109375,41.3535346984863,41.0907135009766,40.8012428283691,40.7130889892578,40.6970481872559,40.7690696716309,40.8406143188477,37.3109664916992,33.8703536987305,34.3892555236816,33.9787559509277,29.0150909423828,26.1901378631592,27.7727355957031,30.2311420440674,33.6456680297852,37.2230834960938,40.2920875549316,41.5276908874512,42.3243522644043,39.767162322998,36.4697265625,38.5771369934082,40.5980911254883,40.469841003418,35.2086181640625,36.1124534606934,-9999,-9999,-9999,-9999,-9999,-9999,-9999,-9999,-9999,-9999,-9999,-9999,-9999,-9999,-9999,-9999
-9999,-9999,-9999,-9999,-9999,-9999,-9999,-9999,-9999,-9999,-9999,-9999,-9999,-9999,-9999,-9999,-9999,-9999,31.8006954193115,32.9594345092773,33.1068878173828,35.0511703491211,33.6300888061523,32.6779556274414,36.8771438598633,39.6494522094727,40.4228820800781,40.7839775085449,40.2025375366211,39.8613433837891,39.6808471679688,39.6093444824219,39.5773391723633,39.4028358459473,38.9570808410645,38.7708473205566,38.636791229248,38.4622764587402,38.2637062072754,38.2204818725586,39.2861595153809,42.1774597167969,42.5278053283691,40.4219207763672,39.2983245849609,39.8699111938477,40.6561431884766,41.4604759216309,39.7941017150879,37.1354637145996,36.4060707092285,36.0564041137695,35.8370590209961,35.7155151367188,36.6740875244141,36.975227355957,35.5416564941406,34.3877067565918,34.0559616088867,36.0395622253418,39.2439727783203,41.5362129211426,42.9939880371094,43.2358779907227,43.1221122741699,42.8765602111816,42.497241973877,43.1323432922363,-9999,-9999,-9999,-9999,-9999,-9999,-9999,-9999,-9999,-9999,-9999,-9999,-9999,-9999,-9999,-9999,-9999,41.5913429260254,41.472225189209,41.276123046875,40.9950141906738,40.6258087158203,40.194278717041,40.0343017578125,39.9708290100098,40.272834777832,40.6382293701172,38.2668190002441,35.871509552002,35.0695571899414,33.506706237793,28.5360832214355,24.7777214050293,23.9483737945557,24.9975433349609,27.519702911377,33.1989517211914,37.6867637634277,38.7093772888184,38.9167366027832,38.4078674316406,37.5519409179688,38.6234397888184,39.580020904541,39.4583282470703,36.1169853210449,35.2101593017578,-9999,-9999,-9999,-9999,-9999,-9999,-9999,-9999,-9999,-9999,-9999,-9999,-9999,-9999,-9999,-9999
-9999,-9999,-9999,-9999,-9999,-9999,-9999,-9999,-9999,-9999,-9999,-9999,33.4052429199219,32.0787239074707,-9999,31.5978717803955,33.0664253234863,34.5773506164551,33.938591003418,31.3533382415771,34.0509796142578,36.959545135498,36.1698951721191,35.1485137939453,35.7473030090332,37.1785888671875,40.6262054443359,42.6410675048828,42.3605117797852,41.9308090209961,41.7822341918945,41.8407669067383,41.6873016357422,41.5545845031738,41.2154312133789,41.306079864502,41.3973731994629,41.0505218505859,40.6408386230469,40.3474617004395,40.2539749145508,40.9712066650391,41.0790977478027,40.797721862793,40.5310096740723,41.2685852050781,41.1390686035156,41.4857368469238,39.7623519897461,37.1515159606934,34.7037582397461,32.2625961303711,32.0234260559082,32.483642578125,35.7157897949219,37.5061988830566,36.4096221923828,35.934684753418,36.2991256713867,38.7220001220703,41.4164276123047,42.6426391601563,43.2680969238281,43.3769302368164,43.3616371154785,43.1775512695313,43.0130386352539,-9999,-9999,-9999,-9999,-9999,-9999,-9999,-9999,-9999,-9999,-9999,-9999,-9999,-9999,-9999,-9999,-9999,-9999,-9999,41.1693801879883,41.0139923095703,40.7659873962402,40.4060554504395,39.9677085876465,39.7228813171387,39.5497741699219,39.7215118408203,39.9460182189941,39.063362121582,37.9762687683105,35.3211288452148,32.4125061035156,30.8047485351563,27.8876838684082,22.5722637176514,20.8972816467285,23.1154098510742,27.1121501922607,32.0901832580566,33.5984954833984,34.4862442016602,38.1794586181641,41.3265953063965,39.5796966552734,38.4923629760742,39.25,36.7270545959473,34.7977142333984,-9999,-9999,-9999,-9999,-9999,-9999,-9999,-9999,-9999,-9999,-9999,-9999,-9999,-9999,-9999,-9999
-9999,-9999,-9999,-9999,-9999,-9999,-9999,-9999,-9999,-9999,30.8890132904053,32.7318115234375,34.2977981567383,31.9335250854492,31.634334564209,29.5812511444092,31.6360702514648,36.0687103271484,35.4621124267578,33.0389099121094,35.6968879699707,38.8714332580566,38.5440673828125,37.6582107543945,37.1364593505859,37.7294731140137,40.3803939819336,41.9604949951172,41.658561706543,41.7887382507324,42.8498725891113,43.4655723571777,43.4825744628906,42.9813804626465,42.8472175598145,42.4906387329102,42.5472564697266,42.3800315856934,42.2488822937012,41.9629440307617,41.6468811035156,41.4391174316406,41.4041137695313,41.4766311645508,41.3368682861328,41.6480331420898,42.0073165893555,42.5151824951172,41.1754417419434,39.6430778503418,36.754524230957,33.7982788085938,33.5762672424316,33.7884101867676,36.4121170043945,37.9818496704102,37.5566787719727,38.0046691894531,38.2247543334961,39.8567161560059,41.8199310302734,42.5927734375,42.9076309204102,42.9546165466309,42.9352111816406,42.8466873168945,-9999,-9999,-9999,-9999,-9999,-9999,-9999,-9999,-9999,-9999,-9999,-9999,-9999,-9999,-9999,-9999,-9999,-9999,-9999,-9999,-9999,40.7095642089844,40.459602355957,40.1204872131348,39.7198371887207,39.4730415344238,39.2817115783691,39.3499908447266,39.4576568603516,39.3083839416504,38.8950653076172,36.4055061340332,33.5601692199707,31.952241897583,29.4301948547363,25.2220878601074,21.7857360839844,20.7903633117676,23.0693092346191,27.0325565338135,30.5285034179688,33.2238807678223,36.9408721923828,40.2312164306641,38.1482353210449,36.4098243713379,38.1171569824219,35.7528610229492,33.5001983642578,-9999,-9999,-9999,-9999,-9999,-9999,-9999,-9999,-9999,-9999,-9999,-9999,-9999,-9999,-9999,-9999
-9999,-9999,-9999,-9999,-9999,-9999,-9999,-9999,27.8070430755615,28.8874015808105,29.1431331634521,29.0805797576904,30.159782409668,32.2149047851563,31.4857406616211,29.6336288452148,31.7889137268066,36.3401489257813,36.1965827941895,35.1135940551758,37.6427116394043,40.6535263061523,40.1261825561523,39.6531143188477,39.2672805786133,39.2787857055664,39.2242851257324,39.293384552002,39.0400199890137,40.284236907959,43.1967620849609,44.2065315246582,44.2416610717773,44.0995903015137,44.0807266235352,43.8967742919922,43.7437019348145,43.3996047973633,43.2921752929688,43.1106109619141,42.8612785339355,42.6181030273438,42.5226516723633,42.4361152648926,42.3753433227539,42.3516693115234,42.3959007263184,42.4254684448242,42.4748802185059,42.5386199951172,40.4935111999512,38.0671806335449,38.106502532959,38.1924934387207,38.4166297912598,38.658805847168,38.1225700378418,38.6807403564453,40.2172927856445,41.3789253234863,41.9267845153809,42.1888961791992,-9999,-9999,-9999,-9999,-9999,-9999,-9999,-9999,-9999,-9999,-9999,-9999,-9999,-9999,-9999,-9999,-9999,-9999,-9999,-9999,-9999,-9999,-9999,-9999,-9999,-9999,40.1112632751465,39.7994918823242,39.4601783752441,39.253345489502,39.0942192077637,39.0670509338379,39.0619468688965,39.2844390869141,39.3070220947266,37.8433494567871,35.8279266357422,32.6029930114746,30.1328506469727,29.093807220459,25.7916965484619,20.1641120910645,19.893102645874,22.5289497375488,28.5528869628906,33.7143058776855,35.2754516601563,36.6364059448242,35.2227745056152,34.197208404541,36.7132148742676,34.1740417480469,33.2430648803711,-9999,-9999,-9999,-9999,-9999,-9999,-9999,-9999,-9999,-9999,-9999,-9999,-9999,-9999,-9999,-9999
-9999,-9999,-9999,-9999,-9999,-9999,-9999,-9999,26.2433567047119,27.6782302856445,28.6849174499512,28.31276512146,28.4799423217773,29.0592308044434,29.7095355987549,30.3405914306641,33.5953254699707,37.4967079162598,38.0498428344727,36.6801719665527,38.0684204101563,39.3193359375,40.3544540405273,41.0117683410645,40.7970657348633,40.526496887207,40.4090194702148,39.8304481506348,39.5109977722168,40.3103370666504,42.1249771118164,42.6681823730469,42.5152969360352,42.3841781616211,42.1982040405273,41.9957122802734,41.9138488769531,41.6911315917969,41.507984161377,41.2947807312012,41.1895866394043,41.0054740905762,41.2259521484375,41.9747848510742,42.2620887756348,42.2033576965332,42.1186714172363,41.9887199401855,42.1012382507324,42.2363510131836,41.1806716918945,40.0073661804199,40.2289657592773,40.3820648193359,40.2615623474121,40.0555877685547,39.763599395752,40.1012306213379,40.9811553955078,41.5331001281738,41.8385314941406,41.9587287902832,-9999,-9999,-9999,-9999,-9999,-9999,-9999,-9999,-9999,-9999,-9999,-9999,-9999,-9999,-9999,-9999,-9999,-9999,-9999,-9999,-9999,-9999,-9999,-9999,-9999,-9999,-9999,-9999,39.0665130615234,38.9008293151855,38.7780723571777,38.7256355285645,38.6815757751465,38.8961601257324,38.9725646972656,38.0304641723633,36.7876129150391,34.451774597168,32.3807716369629,30.4944019317627,27.7873039245605,23.6733169555664,21.746114730835,20.1187400817871,24.7408638000488,30.0448188781738,31.2211627960205,32.2151031494141,31.5959491729736,31.4565486907959,34.4880409240723,31.118257522583,30.4456043243408,-9999,-9999,-9999,-9999,-9999,-9999,-9999,-9999,-9999,-9999,-9999,-9999,-9999,-9999,-9999,-9999
-9999,-9999,-9999,-9999,-9999,-9999,20.6258716583252,26.1499080657959,26.2014122009277,26.1316146850586,27.5498847961426,28.4546642303467,27.9874496459961,25.9973735809326,27.43674659729,31.9689273834229,35.8103523254395,39.267333984375,39.4691543579102,38.3810157775879,37.8581848144531,37.2494926452637,39.8959465026855,42.0533065795898,42.0469627380371,41.9668884277344,41.6039924621582,41.2734451293945,40.8914566040039,40.6532936096191,40.3797607421875,40.0858764648438,39.7591285705566,39.5088386535645,39.310131072998,39.1318664550781,38.9494209289551,38.8996887207031,38.8633117675781,38.7479972839355,38.6359939575195,38.5090751647949,39.2364807128906,41.1507873535156,41.962703704834,41.8521957397461,41.5967750549316,41.246955871582,41.0160980224609,40.8105583190918,40.9288558959961,41.0603942871094,41.271369934082,41.4706878662109,41.4727783203125,41.3983879089355,41.1264114379883,40.9729995727539,40.993537902832,41.2531852722168,41.7008895874023,-9999,-9999,-9999,-9999,-9999,-9999,-9999,-9999,-9999,-9999,-9999,-9999,-9999,-9999,-9999,-9999,-9999,-9999,-9999,-9999,-9999,-9999,-9999,-9999,-9999,-9999,-9999,-9999,-9999,-9999,-9999,-9999,38.3620643615723,38.3012504577637,38.4105110168457,38.4443321228027,37.9315910339355,37.3729286193848,36.5626564025879,34.8161849975586,31.2658443450928,28.960334777832,28.230073928833,24.6022644042969,18.8097743988037,20.4405422210693,24.4496536254883,25.7150783538818,26.9187488555908,27.3380832672119,28.3448352813721,32.3079566955566,30.0993728637695,-9999,-9999,-9999,-9999,-9999,-9999,-9999,-9999,-9999,-9999,-9999,-9999,-9999,-9999,-9999,-9999,-9999
-9999,-9999,-9999,-9999,-9999,-9999,26.1214809417725,26.181510925293,25.8376903533936,25.9379749298096,26.0989265441895,29.0113258361816,31.371675491333,32.1394157409668,33.2183265686035,34.8148536682129,37.3293991088867,40.0581817626953,40.1639213562012,39.3169059753418,38.8497428894043,38.3242607116699,40.4055328369141,42.0798530578613,42.0635757446289,41.9166717529297,41.7119750976563,41.5249404907227,41.1671867370605,40.8020858764648,40.3646430969238,40.1007270812988,39.8427391052246,39.554027557373,39.2656593322754,39.4560699462891,39.6981430053711,39.6490325927734,39.5878944396973,39.4312477111816,39.2919731140137,39.218994140625,39.6042442321777,40.6669692993164,41.1248817443848,41.071605682373,40.8603515625,40.5462226867676,40.4289703369141,40.3747634887695,40.4992370605469,40.6427612304688,40.7352027893066,40.8250694274902,40.8723526000977,40.8558464050293,40.6732025146484,40.5512161254883,40.511116027832,-9999,-9999,-9999,-9999,-9999,-9999,-9999,-9999,-9999,-9999,-9999,-9999,-9999,-9999,-9999,-9999,-9999,-9999,-9999,-9999,-9999,-9999,-9999,-9999,-9999,-9999,-9999,-9999,-9999,-9999,-9999,-9999,-9999,-9999,-9999,37.8962440490723,37.9563865661621,37.9865074157715,37.8076782226563,37.532398223877,36.9732055664063,35.9397964477539,34.1001815795898,31.8162956237793,29.1923294067383,26.1746826171875,22.8316459655762,21.5506839752197,21.1135692596436,24.31813621521,27.4590549468994,28.5672016143799,29.8520736694336,31.5333671569824,29.2979869842529,29.9333629608154,27.8927097320557,-9999,-9999,-9999,-9999,-9999,-9999,-9999,-9999,-9999,-9999,-9999,-9999,-9999,-9999,-9999
-9999,-9999,-9999,-9999,24.9682388305664,26.7453575134277,26.1887168884277,25.9771900177002,25.8133430480957,25.9834117889404,26.8337726593018,31.044750213623,34.8163681030273,37.4419593811035,38.3327369689941,37.331600189209,38.2971420288086,40.4989776611328,40.7071342468262,40.1826934814453,39.712345123291,39.2238159179688,40.345287322998,41.339225769043,41.426815032959,41.4723205566406,41.3596725463867,41.2148361206055,41.0284042358398,40.7784652709961,40.4983673095703,40.2108535766602,39.9235458374023,39.6089782714844,39.3076782226563,39.8926239013672,40.5803375244141,40.4965553283691,40.3964157104492,40.1902275085449,40.0220565795898,39.9930229187012,40.0053100585938,40.0913314819336,40.1315383911133,40.1332931518555,40.005973815918,39.8045616149902,39.8666572570801,40.0022087097168,40.0459060668945,40.076301574707,40.0570182800293,40.0551376342773,-9999,-9999,-9999,-9999,-9999,-9999,-9999,-9999,-9999,-9999,-9999,-9999,-9999,-9999,-9999,-9999,-9999,-9999,-9999,-9999,-9999,-9999,-9999,-9999,-9999,-9999,-9999,-9999,-9999,-9999,-9999,-9999,-9999,-9999,-9999,-9999,-9999,-9999,-9999,-9999,-9999,37.4971504211426,37.5280418395996,37.6673126220703,37.6496505737305,37.1619415283203,36.8176231384277,36.609489440918,34.3825340270996,30.0272617340088,27.8255920410156,26.7132415771484,23.0324325561523,17.714750289917,22.8262729644775,28.0525398254395,29.9633750915527,31.2249355316162,30.9769897460938,22.3112678527832,22.6499195098877,28.2632369995117,28.8931865692139,-9999,-9999,-9999,-9999,-9999,-9999,-9999,-9999,-9999,-9999,-9999,-9999,-9999,-9999
-9999,-9999,-9999,-9999,30.5143928527832,28.3026809692383,27.3886909484863,25.7672901153564,26.2061309814453,28.1067390441895,30.3730926513672,33.5561943054199,36.1225242614746,38.1208953857422,39.1459541320801,39.2207450866699,39.6718368530273,40.365348815918,40.1899909973145,39.7000312805176,39.9596176147461,40.348461151123,40.7457542419434,41.0950546264648,41.1087875366211,41.1092376708984,41.0654296875,40.9868202209473,40.8453674316406,40.6698303222656,40.4580230712891,40.2637557983398,40.0845603942871,39.9297180175781,39.7790298461914,39.9794502258301,40.230583190918,40.029296875,39.8169479370117,39.5299606323242,39.2846641540527,39.1734580993652,39.1084480285645,39.1152725219727,39.1151809692383,39.1092147827148,39.0299491882324,-9999,-9999,-9999,-9999,-9999,-9999,-9999,-9999,-9999,-9999,-9999,-9999,-9999,-9999,-9999,-9999,-9999,-9999,-9999,-9999,-9999,-9999,-9999,-9999,-9999,-9999,-9999,-9999,-9999,-9999,-9999,-9999,-9999,-9999,-9999,-9999,-9999,-9999,-9999,-9999,-9999,-9999,-9999,-9999,-9999,-9999,-9999,-9999,-9999,37.1328887939453,37.2477951049805,37.2896423339844,37.1205253601074,36.6620025634766,35.6682357788086,33.4062728881836,29.8003120422363,27.8249645233154,26.7674865722656,22.3135833740234,16.0467014312744,19.6720485687256,23.7362308502197,25.1117782592773,26.466646194458,27.2551460266113,28.076789855957,21.9420948028564,26.458854675293,24.7660503387451,-9999,-9999,-9999,-9999,-9999,-9999,-9999,-9999,-9999,-9999,-9999,-9999,-9999,-9999
-9999,-9999,-9999,-9999,-9999,30.6751461029053,28.6515121459961,28.7900390625,27.9463043212891,31.0422210693359,34.1019058227539,35.946647644043,37.5265235900879,38.7580032348633,39.6879768371582,40.3953437805176,40.3689765930176,39.8369255065918,39.5069389343262,39.2516212463379,-9999,-9999,-9999,-9999,-9999,-9999,-9999,-9999,-9999,-9999,-9999,-9999,-9999,40.0076179504395,39.9629402160645,39.8522415161133,39.7316856384277,39.4370002746582,-9999,-9999,-9999,-9999,-9999,-9999,-9999,-9999,-9999,-9999,-9999,-9999,-9999,-9999,-9999,-9999,-9999,-9999,-9999,-9999,-9999,-9999,-9999,-9999,-9999,-9999,-9999,-9999,-9999,-9999,-9999,-9999,-9999,-9999,-9999,-9999,-9999,-9999,-9999,-9999,-9999,-9999,-9999,-9999,-9999,-9999,-9999,-9999,-9999,-9999,-9999,-9999,-9999,-9999,-9999,-9999,-9999,-9999,36.7449226379395,36.8562240600586,36.9610900878906,37.0581550598145,36.5802841186523,35.0922012329102,33.0294570922852,30.3111934661865,28.380277633667,26.8473834991455,22.1361503601074,16.0052165985107,16.9586029052734,18.80908203125,20.4454536437988,22.1456718444824,23.3972263336182,24.7708797454834,24.6751708984375,22.386999130249,-9999,-9999,-9999,-9999,-9999,-9999,-9999,-9999,-9999,-9999,-9999,-9999,-9999,-9999,-9999
-9999,-9999,-9999,-9999,-9999,30.3449554443359,30.2213745117188,31.2492561340332,32.3698654174805,36.2429122924805,38.9902877807617,39.4250793457031,39.8174667358398,40.4174308776855,40.6760177612305,40.5629196166992,40.1849250793457,39.6073875427246,-9999,-9999,-9999,-9999,-9999,-9999,-9999,-9999,-9999,-9999,-9999,-9999,-9999,-9999,-9999,-9999,-9999,-9999,-9999,-9999,-9999,-9999,-9999,-9999,-9999,-9999,-9999,-9999,-9999,-9999,-9999,-9999,-9999,-9999,-9999,-9999,-9999,-9999,-9999,-9999,-9999,-9999,-9999,-9999,-9999,-9999,-9999,-9999,-9999,-9999,-9999,-9999,-9999,-9999,-9999,-9999,-9999,-9999,-9999,-9999,-9999,-9999,-9999,-9999,-9999,-9999,-9999,-9999,-9999,-9999,-9999,-9999,-9999,-9999,-9999,-9999,-9999,-9999,-9999,36.6157035827637,36.7885627746582,36.8931541442871,36.7982139587402,36.3637161254883,35.436824798584,33.9433517456055,31.2458763122559,27.6401062011719,24.4941940307617,21.35400390625,18.6454257965088,16.0699863433838,19.6581039428711,22.2550487518311,20.4928398132324,20.4879989624023,21.5608901977539,18.9663543701172,-9999,-9999,-9999,-9999,-9999,-9999,-9999,-9999,-9999,-9999,-9999,-9999,-9999,-9999,-9999
-9999,-9999,30.6881580352783,30.5899276733398,30.5869140625,30.0566730499268,30.5543365478516,33.4313774108887,36.3114166259766,39.4545555114746,41.6270904541016,41.2753372192383,41.0550994873047,41.2874488830566,41.1010360717773,40.403247833252,39.7624244689941,-9999,-9999,-9999,-9999,-9999,-9999,-9999,-9999,-9999,-9999,-9999,-9999,-9999,-9999,-9999,-9999,-9999,-9999,-9999,-9999,-9999,-9999,-9999,-9999,-9999,-9999,-9999,-9999,-9999,-9999,-9999,-9999,-9999,-9999,-9999,-9999,-9999,-9999,-9999,-9999,-9999,-9999,-9999,-9999,-9999,-9999,-9999,-9999,-9999,-9999,-9999,-9999,-9999,-9999,-9999,-9999,-9999,-9999,-9999,-9999,-9999,-9999,-9999,-9999,-9999,-9999,-9999,-9999,-9999,-9999,-9999,-9999,-9999,-9999,-9999,-9999,-9999,-9999,-9999,-9999,36.3544731140137,36.5743789672852,36.6752319335938,36.8387908935547,37.0970840454102,36.9710083007813,36.3936462402344,33.8420829772949,29.7618789672852,27.1010150909424,25.0487537384033,20.6106853485107,15.5678482055664,18.9602470397949,21.0339279174805,17.9106616973877,16.9123382568359,21.0797843933105,17.6204242706299,-9999,-9999,-9999,-9999,-9999,-9999,-9999,-9999,-9999,-9999,-9999,-9999,-9999,-9999,-9999
-9999,-9999,-9999,-9999,30.6422748565674,30.1200351715088,30.7976016998291,35.4152603149414,38.9733085632324,40.1579132080078,40.7993850708008,40.6474571228027,40.5375518798828,40.6415138244629,40.3184547424316,39.4843864440918,-9999,-9999,-9999,-9999,-9999,-9999,-9999,-9999,-9999,-9999,-9999,-9999,-9999,-9999,-9999,-9999,-9999,-9999,-9999,-9999,-9999,-9999,-9999,-9999,-9999,-9999,-9999,-9999,-9999,-9999,-9999,-9999,-9999,-9999,-9999,-9999,-9999,-9999,-9999,-9999,-9999,-9999,-9999,-9999,-9999,-9999,-9999,-9999,-9999,-9999,-9999,-9999,-9999,-9999,-9999,-9999,-9999,-9999,-9999,-9999,-9999,-9999,-9999,-9999,-9999,-9999,-9999,-9999,-9999,-9999,-9999,-9999,-9999,-9999,-9999,-9999,-9999,-9999,-9999,-9999,-9999,36.0511932373047,36.2709350585938,36.3394165039063,36.4914741516113,36.7717247009277,36.9469413757324,36.9752082824707,36.0261497497559,34.3644409179688,30.4542713165283,25.5487194061279,22.9945487976074,20.6983127593994,19.0113945007324,17.3411750793457,16.1972312927246,15.9514112472534,17.5041065216064,18.9709148406982,-9999,-9999,-9999,-9999,-9999,-9999,-9999,-9999,-9999,-9999,-9999,-9999,-9999,-9999,-9999
-9999,-9999,-9999,-9999,30.8318538665771,30.8996925354004,31.4133644104004,36.1906433105469,40.4441871643066,40.4826927185059,40.2667808532715,40.3638458251953,40.347297668457,40.1484107971191,39.6129341125488,-9999,-9999,-9999,-9999,-9999,-9999,-9999,-9999,-9999,-9999,-9999,-9999,-9999,-9999,-9999,-9999,-9999,-9999,-9999,-9999,-9999,-9999,-9999,-9999,-9999,-9999,-9999,-9999,-9999,-9999,-9999,-9999,-9999,-9999,-9999,-9999,-9999,-9999,-9999,-9999,-9999,-9999,-9999,-9999,-9999,-9999,-9999,-9999,-9999,-9999,-9999,-9999,-9999,-9999,-9999,-9999,-9999,-9999,-9999,-9999,-9999,-9999,-9999,-9999,-9999,-9999,-9999,-9999,-9999,-9999,-9999,-9999,-9999,-9999,-9999,-9999,-9999,-9999,-9999,-9999,-9999,-9999,35.7063331604004,35.934513092041,35.9772262573242,36.0884552001953,36.2999839782715,36.5537719726563,36.8425979614258,36.7538375854492,36.3749084472656,32.1153869628906,25.972864151001,24.2370109558105,23.1709213256836,18.3422069549561,14.2228879928589,15.351282119751,15.8691034317017,15.9382228851318,16.6769676208496,13.597297668457,-9999,-9999,-9999,-9999,-9999,-9999,-9999,-9999,-9999,-9999,-9999,-9999,-9999,-9999
-9999,-9999,-9999,-9999,31.1294231414795,31.0630950927734,32.0280151367188,36.6997222900391,40.3819580078125,40.4198150634766,40.2346954345703,40.5654220581055,40.5692443847656,39.8657531738281,39.0198402404785,-9999,-9999,-9999,-9999,-9999,-9999,-9999,-9999,-9999,-9999,-9999,-9999,-9999,-9999,-9999,-9999,-9999,-9999,-9999,-9999,-9999,-9999,-9999,-9999,-9999,-9999,-9999,-9999,-9999,-9999,-9999,-9999,-9999,-9999,-9999,-9999,-9999,-9999,-9999,-9999,-9999,-9999,-9999,-9999,-9999,-9999,-9999,-9999,-9999,-9999,-9999,-9999,-9999,-9999,-9999,-9999,-9999,-9999,-9999,-9999,-9999,-9999,-9999,-9999,-9999,-9999,-9999,-9999,-9999,-9999,-9999,-9999,-9999,-9999,-9999,-9999,-9999,-9999,-9999,-9999,-9999,-9999,35.3083648681641,35.5566101074219,35.5828132629395,35.6102256774902,35.6296348571777,35.6741409301758,35.7393951416016,35.7029304504395,35.5792198181152,31.7232418060303,26.1432590484619,24.327730178833,22.9082527160645,17.4791316986084,12.7644357681274,15.0724401473999,16.7596416473389,17.2560806274414,17.8719425201416,18.7194538116455,14.0909729003906,-9999,-9999,-9999,-9999,-9999,-9999,-9999,-9999,-9999,-9999,-9999,-9999,-9999
-9999,-9999,-9999,-9999,26.6989421844482,31.2189178466797,32.287425994873,35.979866027832,38.9100952148438,39.131420135498,39.1967010498047,40.0714683532715,40.3730278015137,39.5404472351074,-9999,-9999,-9999,-9999,-9999,-9999,-9999,-9999,-9999,-9999,-9999,-9999,-9999,-9999,-9999,-9999,-9999,-9999,-9999,-9999,-9999,-9999,-9999,-9999,-9999,-9999,-9999,-9999,-9999,-9999,-9999,-9999,-9999,-9999,-9999,-9999,-9999,-9999,-9999,-9999,-9999,-9999,-9999,-9999,-9999,-9999,-9999,-9999,-9999,-9999,-9999,-9999,-9999,-9999,-9999,-9999,-9999,-9999,-9999,-9999,-9999,-9999,-9999,-9999,-9999,-9999,-9999,-9999,-9999,-9999,-9999,-9999,-9999,-9999,-9999,-9999,-9999,-9999,-9999,-9999,-9999,-9999,-9999,34.8738441467285,35.1402893066406,35.1813278198242,35.1784362792969,35.0938453674316,35.0897979736328,35.1642646789551,34.9936408996582,34.6704597473145,32.4682998657227,29.505163192749,26.3589973449707,22.9590682983398,18.5880947113037,14.6425943374634,15.3048696517944,16.0769748687744,16.4951953887939,17.3519134521484,18.2732944488525,18.8313255310059,16.8669891357422,16.702299118042,-9999,-9999,-9999,-9999,-9999,-9999,-9999,-9999,-9999,-9999,-9999
-9999,-9999,-9999,-9999,29.2583026885986,31.3562812805176,32.53173828125,34.502311706543,36.0810966491699,36.6516418457031,37.3181991577148,39.0318565368652,39.8638496398926,39.183292388916,-9999,-9999,-9999,-9999,-9999,-9999,-9999,-9999,-9999,-9999,-9999,-9999,-9999,-9999,-9999,-9999,-9999,-9999,-9999,-9999,-9999,-9999,-9999,-9999,-9999,-9999,-9999,-9999,-9999,-9999,-9999,-9999,-9999,-9999,-9999,-9999,-9999,-9999,-9999,-9999,-9999,-9999,-9999,-9999,-9999,-9999,-9999,-9999,-9999,-9999,-9999,-9999,-9999,-9999,-9999,-9999,-9999,-9999,-9999,-9999,-9999,-9999,-9999,-9999,-9999,-9999,-9999,-9999,-9999,-9999,-9999,-9999,-9999,-9999,-9999,-9999,-9999,-9999,-9999,-9999,-9999,-9999,-9999,-9999,34.6921501159668,34.7727699279785,34.7810935974121,34.6644134521484,34.7420768737793,35.0089721679688,34.555908203125,33.6383819580078,33.9443321228027,34.5354156494141,29.5874004364014,23.1378936767578,21.1001434326172,19.0085964202881,15.7144298553467,13.5431985855103,14.2630929946899,15.5778408050537,17.7409019470215,18.7382373809814,18.8246326446533,-9999,-9999,-9999,-9999,-9999,-9999,-9999,-9999,-9999,-9999,-9999,-9999
-9999,-9999,-9999,-9999,28.6433448791504,30.646821975708,30.5937347412109,31.5831031799316,32.6101837158203,34.7369232177734,36.8950424194336,38.2686424255371,38.9584274291992,38.7348403930664,-9999,-9999,-9999,-9999,-9999,-9999,-9999,-9999,-9999,-9999,-9999,-9999,-9999,-9999,-9999,-9999,-9999,-9999,-9999,-9999,-9999,-9999,-9999,-9999,-9999,-9999,-9999,-9999,-9999,-9999,-9999,-9999,-9999,-9999,-9999,-9999,-9999,-9999,-9999,-9999,-9999,-9999,-9999,-9999,-9999,-9999,-9999,-9999,-9999,-9999,-9999,-9999,-9999,-9999,-9999,-9999,-9999,-9999,-9999,-9999,-9999,-9999,-9999,-9999,-9999,-9999,-9999,-9999,-9999,-9999,-9999,-9999,-9999,-9999,-9999,-9999,-9999,-9999,-9999,-9999,-9999,-9999,-9999,-9999,34.2838363647461,34.3799591064453,34.4015502929688,34.2954254150391,34.4230766296387,34.7719955444336,34.5313491821289,33.9220771789551,34.7861976623535,35.9646415710449,30.6233825683594,23.3928623199463,22.0067672729492,19.9207077026367,15.4979524612427,12.0538463592529,12.4597806930542,13.9208536148071,16.948673248291,23.4983863830566,32.0470695495605,29.7104911804199,33.8645401000977,-9999,-9999,-9999,-9999,-9999,-9999,-9999,-9999,-9999,-9999
-9999,-9999,-9999,-9999,-9999,22.0694160461426,27.9417304992676,29.0307312011719,28.7505950927734,33.2486457824707,36.8205909729004,37.4900360107422,37.8524131774902,38.2368087768555,-9999,-9999,-9999,-9999,-9999,-9999,-9999,-9999,-9999,-9999,-9999,-9999,-9999,-9999,-9999,-9999,-9999,-9999,-9999,-9999,-9999,-9999,-9999,-9999,-9999,-9999,-9999,-9999,-9999,-9999,-9999,-9999,-9999,-9999,-9999,-9999,-9999,-9999,-9999,-9999,-9999,-9999,-9999,-9999,-9999,-9999,-9999,-9999,-9999,-9999,-9999,-9999,-9999,-9999,-9999,-9999,-9999,-9999,-9999,-9999,-9999,-9999,-9999,-9999,-9999,-9999,-9999,-9999,-9999,-9999,-9999,-9999,-9999,-9999,-9999,-9999,-9999,-9999,-9999,-9999,-9999,-9999,-9999,-9999,33.8894577026367,33.9909591674805,34.0270347595215,33.9544448852539,34.1165657043457,34.497013092041,34.6905174255371,34.7632369995117,35.4287528991699,36.1118507385254,30.7701358795166,23.7483043670654,22.0978183746338,19.9725131988525,14.7562894821167,10.9693012237549,10.7718906402588,12.2160387039185,16.1169528961182,23.2248001098633,31.5156135559082,33.7395858764648,35.2699203491211,32.3909873962402,-9999,-9999,-9999,-9999,-9999,-9999,-9999,-9999,-9999
-9999,-9999,-9999,-9999,-9999,25.1992359161377,26.4863891601563,26.2569408416748,27.7207908630371,33.1006622314453,36.7988891601563,37.1725463867188,37.5522499084473,38.0385856628418,-9999,-9999,-9999,-9999,-9999,-9999,-9999,-9999,-9999,-9999,-9999,-9999,-9999,-9999,-9999,-9999,-9999,-9999,-9999,-9999,-9999,-9999,-9999,-9999,-9999,-9999,-9999,-9999,-9999,-9999,-9999,-9999,-9999,-9999,-9999,-9999,-9999,-9999,-9999,-9999,-9999,-9999,-9999,-9999,-9999,-9999,-9999,-9999,-9999,-9999,-9999,-9999,-9999,-9999,-9999,-9999,-9999,-9999,-9999,-9999,-9999,-9999,-9999,-9999,-9999,-9999,-9999,-9999,-9999,-9999,-9999,-9999,-9999,-9999,-9999,-9999,-9999,-9999,-9999,-9999,-9999,-9999,-9999,-9999,33.5018920898438,33.6111221313477,33.6657752990723,33.6374435424805,33.779899597168,34.0763130187988,34.2804946899414,34.414005279541,35.1196517944336,35.8376388549805,30.7829093933105,24.0368576049805,22.3469371795654,20.0598316192627,14.7612981796265,10.9233989715576,11.7634401321411,13.5248603820801,17.0623188018799,22.5666923522949,28.8791275024414,33.4476547241211,37.289234161377,38.1089363098145,-9999,-9999,-9999,-9999,-9999,-9999,-9999,-9999,-9999
-9999,-9999,-9999,-9999,-9999,25.1211624145508,25.1726169586182,26.0210704803467,27.4062938690186,32.9431114196777,36.7668266296387,37.118408203125,37.4209213256836,37.9046211242676,-9999,-9999,-9999,-9999,-9999,-9999,-9999,-9999,-9999,-9999,-9999,-9999,-9999,-9999,-9999,-9999,-9999,-9999,-9999,-9999,-9999,-9999,-9999,-9999,-9999,-9999,-9999,-9999,-9999,-9999,-9999,-9999,-9999,-9999,-9999,-9999,-9999,-9999,-9999,-9999,-9999,-9999,-9999,-9999,-9999,-9999,-9999,-9999,-9999,-9999,-9999,-9999,-9999,-9999,-9999,-9999,-9999,-9999,-9999,-9999,-9999,-9999,-9999,-9999,-9999,-9999,-9999,-9999,-9999,-9999,-9999,-9999,-9999,-9999,-9999,-9999,-9999,-9999,-9999,-9999,-9999,-9999,-9999,-9999,-9999,33.2288208007813,33.3038711547852,33.3239631652832,33.4350662231445,33.6236305236816,33.7456321716309,33.8055610656738,34.6419334411621,35.5203590393066,30.7188911437988,24.2993946075439,22.6243896484375,20.3333873748779,14.6710195541382,11.0006980895996,13.0168733596802,15.3809938430786,18.2905521392822,21.8741455078125,25.8041896820068,31.1082820892334,36.552978515625,38.3474960327148,-9999,-9999,-9999,-9999,-9999,-9999,-9999,-9999,-9999
-9999,-9999,-9999,-9999,-9999,-9999,24.2777290344238,24.7439613342285,25.9386138916016,32.1296234130859,36.3659400939941,36.8308296203613,37.1717681884766,-9999,-9999,-9999,-9999,-9999,-9999,-9999,-9999,-9999,-9999,-9999,-9999,-9999,-9999,-9999,-9999,-9999,-9999,-9999,-9999,-9999,-9999,-9999,-9999,-9999,-9999,-9999,-9999,-9999,-9999,-9999,-9999,-9999,-9999,-9999,-9999,-9999,-9999,-9999,-9999,-9999,-9999,-9999,-9999,-9999,-9999,-9999,-9999,-9999,-9999,-9999,-9999,-9999,-9999,-9999,-9999,-9999,-9999,-9999,-9999,-9999,-9999,-9999,-9999,-9999,-9999,-9999,-9999,-9999,-9999,-9999,-9999,-9999,-9999,-9999,-9999,-9999,-9999,-9999,-9999,-9999,-9999,-9999,-9999,-9999,-9999,32.9589385986328,33.0592346191406,33.1196212768555,33.2191200256348,33.3468170166016,33.6681213378906,34.0820693969727,34.6042366027832,35.004077911377,30.4708156585693,24.5872707366943,22.9478149414063,21.0796089172363,17.7890243530273,14.951886177063,13.6623106002808,13.5925827026367,15.0612182617188,19.3068332672119,25.805103302002,29.5802993774414,32.7366676330566,33.7023849487305,-9999,-9999,-9999,-9999,-9999,-9999,-9999,-9999,-9999
-9999,-9999,-9999,-9999,-9999,-9999,22.8401527404785,22.5591049194336,24.6022434234619,31.2813758850098,36.0326042175293,36.5562896728516,36.9061584472656,-9999,-9999,-9999,-9999,-9999,-9999,-9999,-9999,-9999,-9999,-9999,-9999,-9999,-9999,-9999,-9999,-9999,-9999,-9999,-9999,-9999,-9999,-9999,-9999,-9999,-9999,-9999,-9999,-9999,-9999,-9999,-9999,-9999,-9999,-9999,-9999,-9999,-9999,-9999,-9999,-9999,-9999,-9999,-9999,-9999,-9999,-9999,-9999,-9999,-9999,-9999,-9999,-9999,-9999,-9999,-9999,-9999,-9999,-9999,-9999,-9999,-9999,-9999,-9999,-9999,-9999,-9999,-9999,-9999,-9999,-9999,-9999,-9999,-9999,-9999,-9999,-9999,-9999,-9999,-9999,-9999,-9999,-9999,-9999,-9999,-9999,32.7026329040527,32.825611114502,32.916862487793,33.0045509338379,33.0815925598145,33.5903205871582,34.3323440551758,34.5530586242676,34.5081748962402,30.2501678466797,24.8341884613037,23.3407344818115,21.8493995666504,20.5992469787598,18.6135311126709,14.1352367401123,11.4371690750122,11.3652753829956,16.51145362854,25.1865139007568,27.6509876251221,27.8559074401855,24.0680999755859,17.5758094787598,16.0247707366943,-9999,-9999,-9999,-9999,-9999,-9999,-9999
-9999,-9999,-9999,-9999,-9999,-9999,21.5168743133545,21.958568572998,23.0326099395752,30.2364730834961,35.28662109375,36.011905670166,36.6266326904297,-9999,-9999,-9999,-9999,-9999,-9999,-9999,-9999,-9999,-9999,-9999,-9999,-9999,-9999,-9999,-9999,-9999,-9999,-9999,-9999,-9999,-9999,-9999,-9999,-9999,-9999,-9999,-9999,-9999,-9999,-9999,-9999,-9999,-9999,-9999,-9999,-9999,-9999,-9999,-9999,-9999,-9999,-9999,-9999,-9999,-9999,-9999,-9999,-9999,-9999,-9999,-9999,-9999,-9999,-9999,-9999,-9999,-9999,-9999,-9999,-9999,-9999,-9999,-9999,-9999,-9999,-9999,-9999,-9999,-9999,-9999,-9999,-9999,-9999,-9999,-9999,-9999,-9999,-9999,-9999,-9999,-9999,-9999,-9999,-9999,-9999,32.5687294006348,32.6622314453125,32.6870346069336,32.7475814819336,32.831226348877,33.3204727172852,34.0307922363281,34.2596817016602,34.2692451477051,30.1624946594238,24.9776096343994,23.5989379882813,22.2240085601807,20.9721736907959,18.7411003112793,13.93763256073,11.6372041702271,12.8185377120972,15.8626003265381,20.6546020507813,21.8482971191406,21.3422012329102,19.64963722229,17.5835056304932,13.4633226394653,8.02763843536377,-9999,-9999,-9999,-9999,-9999,-9999
-9999,-9999,-9999,-9999,-9999,-9999,-9999,-9999,-9999,-9999,-9999,-9999,-9999,-9999,-9999,-9999,-9999,-9999,-9999,-9999,-9999,-9999,-9999,-9999,-9999,-9999,-9999,-9999,-9999,-9999,-9999,-9999,-9999,-9999,-9999,-9999,-9999,-9999,-9999,-9999,-9999,-9999,-9999,-9999,-9999,-9999,-9999,-9999,-9999,-9999,-9999,-9999,-9999,-9999,-9999,-9999,-9999,-9999,-9999,-9999,-9999,-9999,-9999,-9999,-9999,-9999,-9999,-9999,-9999,-9999,-9999,-9999,-9999,-9999,-9999,-9999,-9999,-9999,-9999,-9999,-9999,-9999,-9999,-9999,-9999,-9999,-9999,-9999,-9999,-9999,-9999,-9999,-9999,-9999,-9999,-9999,-9999,-9999,-9999,-9999,32.4872436523438,32.4574279785156,32.5010070800781,32.6032485961914,33.0861511230469,33.7772560119629,33.994068145752,33.9834747314453,30.5943717956543,26.3955154418945,24.4792385101318,22.5651512145996,21.2556953430176,18.8801975250244,13.6543731689453,11.6475620269775,13.7910985946655,15.2470216751099,16.308292388916,15.9772024154663,14.7661952972412,15.0640726089478,16.0683727264404,9.86070919036865,7.59165382385254,2.96778678894043,-9999,-9999,-9999,-9999,-9999
-9999,-9999,-9999,-9999,-9999,-9999,-9999,-9999,-9999,-9999,-9999,-9999,-9999,-9999,-9999,-9999,-9999,-9999,-9999,-9999,-9999,-9999,-9999,-9999,-9999,-9999,-9999,-9999,-9999,-9999,-9999,-9999,-9999,-9999,-9999,-9999,-9999,-9999,-9999,-9999,-9999,-9999,-9999,-9999,-9999,-9999,-9999,-9999,-9999,-9999,-9999,-9999,-9999,-9999,-9999,-9999,-9999,-9999,-9999,-9999,-9999,-9999,-9999,-9999,-9999,-9999,-9999,-9999,-9999,-9999,-9999,-9999,-9999,-9999,-9999,-9999,-9999,-9999,-9999,-9999,-9999,-9999,-9999,-9999,-9999,-9999,-9999,-9999,-9999,-9999,-9999,-9999,-9999,-9999,-9999,-9999,-9999,-9999,-9999,-9999,32.275951385498,32.2345771789551,32.3031997680664,32.4691772460938,32.9920043945313,33.7068405151367,33.8790626525879,33.8135414123535,33.0316505432129,32.0392036437988,27.4299907684326,22.8264179229736,21.5382823944092,19.2314796447754,13.9357147216797,11.4352722167969,13.0251045227051,13.5642786026001,13.4240188598633,12.108286857605,10.1969614028931,9.54841709136963,9.59454345703125,6.87300109863281,3.24950480461121,3.24279808998108,2.76175212860107,-9999,-9999,-9999,-9999
-9999,-9999,-9999,-9999,-9999,-9999,-9999,-9999,-9999,-9999,-9999,-9999,-9999,-9999,-9999,-9999,-9999,-9999,-9999,-9999,-9999,-9999,-9999,-9999,-9999,-9999,-9999,-9999,-9999,-9999,-9999,-9999,-9999,-9999,-9999,-9999,-9999,-9999,-9999,-9999,-9999,-9999,-9999,-9999,-9999,-9999,-9999,-9999,-9999,-9999,-9999,-9999,-9999,-9999,-9999,-9999,-9999,-9999,-9999,-9999,-9999,-9999,-9999,-9999,-9999,-9999,-9999,-9999,-9999,-9999,-9999,-9999,-9999,-9999,-9999,-9999,-9999,-9999,-9999,-9999,-9999,-9999,-9999,-9999,-9999,-9999,-9999,-9999,-9999,-9999,-9999,-9999,-9999,-9999,-9999,-9999,-9999,-9999,-9999,-9999,32.082878112793,32.0540466308594,32.1447105407715,32.357494354248,32.7981376647949,33.3608169555664,33.6163864135742,33.7033996582031,34.5354461669922,35.2494163513184,29.2786464691162,23.0604057312012,21.8537330627441,19.4503612518311,14.1980285644531,11.4593620300293,12.6894254684448,12.3531742095947,10.9056673049927,9.17038726806641,7.35457944869995,6.1489462852478,5.12200736999512,4.1501522064209,3.4118390083313,2.73862409591675,2.5051441192627,-9999,-9999,-9999,-9999
-9999,-9999,-9999,-9999,-9999,-9999,-9999,-9999,-9999,-9999,-9999,-9999,-9999,-9999,-9999,-9999,-9999,-9999,-9999,-9999,-9999,-9999,-9999,-9999,-9999,-9999,-9999,-9999,-9999,-9999,-9999,-9999,-9999,-9999,-9999,-9999,-9999,-9999,-9999,-9999,-9999,-9999,-9999,-9999,-9999,-9999,-9999,-9999,-9999,-9999,-9999,-9999,-9999,-9999,-9999,-9999,-9999,-9999,-9999,-9999,-9999,-9999,-9999,-9999,-9999,-9999,-9999,-9999,-9999,-9999,-9999,-9999,-9999,-9999,-9999,-9999,-9999,-9999,-9999,-9999,-9999,-9999,-9999,-9999,-9999,-9999,-9999,-9999,-9999,-9999,-9999,-9999,-9999,-9999,-9999,-9999,-9999,-9999,-9999,-9999,-9999,31.9511833190918,32.0704383850098,32.2932929992676,32.4141998291016,32.4726219177246,33.0571098327637,33.6973533630371,34.5991630554199,35.3173904418945,29.4079246520996,23.2814064025879,22.1703395843506,19.9310455322266,14.6456594467163,11.580738067627,12.3619756698608,11.4988174438477,9.4823112487793,8.45792770385742,7.91435194015503,6.28926229476929,3.92177772521973,3.06338143348694,2.79320240020752,2.49097394943237,2.23190331459045,-9999,-9999,3.2960000038147,3.34429955482483
-9999,-9999,-9999,-9999,-9999,-9999,-9999,-9999,-9999,-9999,-9999,-9999,-9999,-9999,-9999,-9999,-9999,-9999,-9999,-9999,-9999,-9999,-9999,-9999,-9999,-9999,-9999,-9999,-9999,-9999,-9999,-9999,-9999,-9999,-9999,-9999,-9999,-9999,-9999,-9999,-9999,-9999,-9999,-9999,-9999,-9999,-9999,-9999,-9999,-9999,-9999,-9999,-9999,-9999,-9999,-9999,-9999,-9999,-9999,-9999,-9999,-9999,-9999,-9999,-9999,-9999,-9999,-9999,-9999,-9999,-9999,-9999,-9999,-9999,-9999,-9999,-9999,-9999,-9999,-9999,-9999,-9999,-9999,-9999,-9999,-9999,-9999,-9999,-9999,-9999,-9999,-9999,-9999,-9999,-9999,-9999,-9999,-9999,-9999,-9999,-9999,-9999,32.0143203735352,32.1903762817383,32.1462173461914,31.9602489471436,32.6819076538086,33.5661315917969,34.5624961853027,35.3625984191895,29.5876388549805,23.3286571502686,20.2119483947754,16.7579097747803,12.5643978118896,10.250864982605,10.8987903594971,9.87689113616943,7.46893548965454,6.80357646942139,7.03974533081055,5.61960029602051,3.15106129646301,2.80517292022705,2.71773958206177,2.62783789634705,2.59036493301392,2.99692940711975,3.29673886299133,3.31020498275757,3.38263988494873
-9999,-9999,-9999,-9999,-9999,-9999,-9999,-9999,-9999,-9999,-9999,-9999,-9999,-9999,-9999,-9999,-9999,-9999,-9999,-9999,-9999,-9999,-9999,-9999,-9999,-9999,-9999,-9999,-9999,-9999,-9999,-9999,-9999,-9999,-9999,-9999,-9999,-9999,-9999,-9999,-9999,-9999,-9999,-9999,-9999,-9999,-9999,-9999,-9999,-9999,-9999,-9999,-9999,-9999,-9999,-9999,-9999,-9999,-9999,-9999,-9999,-9999,-9999,-9999,-9999,-9999,-9999,-9999,-9999,-9999,-9999,-9999,-9999,-9999,-9999,-9999,-9999,-9999,-9999,-9999,-9999,-9999,-9999,-9999,-9999,-9999,-9999,-9999,-9999,-9999,-9999,-9999,-9999,-9999,-9999,-9999,-9999,-9999,-9999,-9999,-9999,-9999,-9999,32.0470314025879,32.0089073181152,31.8916015625,32.5036582946777,33.2149276733398,34.4304313659668,35.4405517578125,29.8641910552979,23.2260894775391,15.4140253067017,8.96396827697754,7.85544109344482,7.26988983154297,7.6779146194458,6.57241487503052,4.72725820541382,4.01539945602417,4.26808643341064,3.82128739356995,3.22798705101013,3.11483764648438,3.22042798995972,3.29246044158936,3.20683860778809,3.18969178199768,3.06321549415588,2.97510147094727,2.83297228813171
-9999,-9999,-9999,-9999,-9999,-9999,-9999,-9999,-9999,-9999,-9999,-9999,-9999,-9999,-9999,-9999,-9999,-9999,-9999,-9999,-9999,-9999,-9999,-9999,-9999,-9999,-9999,-9999,-9999,-9999,-9999,-9999,-9999,-9999,-9999,-9999,-9999,-9999,-9999,-9999,-9999,-9999,-9999,-9999,-9999,-9999,-9999,-9999,-9999,-9999,-9999,-9999,-9999,-9999,-9999,-9999,-9999,-9999,-9999,-9999,-9999,-9999,-9999,-9999,-9999,-9999,-9999,-9999,-9999,-9999,-9999,-9999,-9999,-9999,-9999,-9999,-9999,-9999,-9999,-9999,-9999,-9999,-9999,-9999,-9999,-9999,-9999,-9999,-9999,-9999,-9999,-9999,-9999,-9999,-9999,-9999,-9999,-9999,-9999,-9999,-9999,-9999,-9999,31.9115333557129,31.9589061737061,32.033260345459,32.3908424377441,32.7460136413574,33.8798408508301,34.8973388671875,29.7567558288574,23.3310298919678,13.5818824768066,6.19612884521484,6.52575635910034,6.70900630950928,6.95048666000366,5.85706186294556,3.51126050949097,2.79985189437866,2.92772054672241,3.11508893966675,3.26901268959045,3.13137793540955,3.24185276031494,3.29620599746704,3.21589875221252,2.90271663665771,4.47502326965332,9.48676872253418,15.0121936798096
-9999,-9999,-9999,-9999,-9999,-9999,-9999,-9999,-9999,-9999,-9999,-9999,-9999,-9999,-9999,-9999,-9999,-9999,-9999,-9999,-9999,-9999,-9999,-9999,-9999,-9999,-9999,-9999,-9999,-9999,-9999,-9999,-9999,-9999,-9999,-9999,-9999,-9999,-9999,-9999,-9999,-9999,-9999,-9999,-9999,-9999,-9999,-9999,-9999,-9999,-9999,-9999,-9999,-9999,-9999,-9999,-9999,-9999,-9999,-9999,-9999,-9999,-9999,-9999,-9999,-9999,-9999,-9999,-9999,-9999,-9999,-9999,-9999,-9999,-9999,-9999,-9999,-9999,-9999,-9999,-9999,-9999,-9999,-9999,-9999,-9999,-9999,-9999,-9999,-9999,-9999,-9999,-9999,-9999,-9999,-9999,-9999,-9999,-9999,-9999,-9999,-9999,-9999,-9999,31.9810352325439,32.3119049072266,32.4610023498535,32.5011672973633,33.0553436279297,33.9342956542969,29.3577880859375,22.995304107666,13.3253993988037,6.47055101394653,7.16233777999878,7.57417964935303,7.76041412353516,6.49837779998779,3.66751933097839,2.52337598800659,2.57486915588379,2.59200096130371,2.52717113494873,2.43777680397034,2.4087085723877,2.42880702018738,2.35925245285034,2.10591077804565,6.64645910263062,20.1748962402344,30.8249740600586
-9999,-9999,-9999,-9999,-9999,-9999,-9999,-9999,-9999,-9999,-9999,-9999,-9999,-9999,-9999,-9999,-9999,-9999,-9999,-9999,-9999,-9999,-9999,-9999,-9999,-9999,-9999,-9999,-9999,-9999,-9999,-9999,-9999,-9999,-9999,-9999,-9999,-9999,-9999,-9999,-9999,-9999,-9999,-9999,-9999,-9999,-9999,-9999,-9999,-9999,-9999,-9999,-9999,-9999,-9999,-9999,-9999,-9999,-9999,-9999,-9999,-9999,-9999,-9999,-9999,-9999,-9999,-9999,-9999,-9999,-9999,-9999,-9999,-9999,-9999,-9999,-9999,-9999,-9999,-9999,-9999,-9999,-9999,-9999,-9999,-9999,-9999,-9999,-9999,-9999,-9999,-9999,-9999,-9999,-9999,-9999,-9999,-9999,-9999,-9999,-9999,-9999,-9999,-9999,-9999,-9999,32.2188453674316,32.123477935791,32.679313659668,33.2422714233398,30.3459396362305,25.841911315918,18.7989082336426,13.2852697372437,11.5501518249512,10.4027032852173,10.6990718841553,9.91176605224609,7.8896312713623,8.70172214508057,10.8361129760742,11.0116920471191,10.6433238983154,12.1439647674561,14.2242031097412,15.6523294448853,16.6073799133301,16.0730628967285,18.376989364624,26.1972599029541,32.6703071594238
-9999,-9999,-9999,-9999,-9999,-9999,-9999,-9999,-9999,-9999,-9999,-9999,-9999,-9999,-9999,-9999,-9999,-9999,-9999,-9999,-9999,-9999,-9999,-9999,-9999,-9999,-9999,-9999,-9999,-9999,-9999,-9999,-9999,-9999,-9999,-9999,-9999,-9999,-9999,-9999,-9999,-9999,-9999,-9999,-9999,-9999,-9999,-9999,-9999,-9999,-9999,-9999,-9999,-9999,-9999,-9999,-9999,-9999,-9999,-9999,-9999,-9999,-9999,-9999,-9999,-9999,-9999,-9999,-9999,-9999,-9999,-9999,-9999,-9999,-9999,-9999,-9999,-9999,-9999,-9999,-9999,-9999,-9999,-9999,-9999,-9999,-9999,-9999,-9999,-9999,-9999,-9999,-9999,-9999,-9999,-9999,-9999,-9999,-9999,-9999,-9999,-9999,-9999,-9999,-9999,-9999,-9999,-9999,31.9190120697021,32.1743202209473,31.8847579956055,31.1772575378418,27.6057510375977,23.1790504455566,17.9069347381592,14.7657299041748,15.3941078186035,15.4897375106812,14.4679155349731,17.6582336425781,22.5800971984863,22.8683986663818,22.0230808258057,24.8074607849121,27.652811050415,29.9270248413086,31.586217880249,31.0112915039063,30.6049842834473,30.5783176422119,-9999
-9999,-9999,-9999,-9999,-9999,-9999,-9999,-9999,-9999,-9999,-9999,-9999,-9999,-9999,-9999,-9999,-9999,-9999,-9999,-9999,-9999,-9999,-9999,-9999,-9999,-9999,-9999,-9999,-9999,-9999,-9999,-9999,-9999,-9999,-9999,-9999,-9999,-9999,-9999,-9999,-9999,-9999,-9999,-9999,-9999,-9999,-9999,-9999,-9999,-9999,-9999,-9999,-9999,-9999,-9999,-9999,-9999,-9999,-9999,-9999,-9999,-9999,-9999,-9999,-9999,-9999,-9999,-9999,-9999,-9999,-9999,-9999,-9999,-9999,-9999,-9999,-9999,-9999,-9999,-9999,-9999,-9999,-9999,-9999,-9999,-9999,-9999,-9999,-9999,-9999,-9999,-9999,-9999,-9999,-9999,-9999,-9999,-9999,-9999,-9999,-9999,-9999,-9999,-9999,-9999,-9999,-9999,-9999,-9999,-9999,31.6542625427246,31.450231552124,29.6317272186279,27.4867649078369,24.5950927734375,22.8307209014893,22.9495162963867,22.7764587402344,22.3294067382813,23.9894485473633,26.5803985595703,26.7809906005859,26.3818111419678,27.8570976257324,29.406213760376,30.6900672912598,31.6402969360352,31.2530956268311,-9999,-9999,-9999
-9999,-9999,-9999,-9999,-9999,-9999,-9999,-9999,-9999,-9999,-9999,-9999,-9999,-9999,-9999,-9999,-9999,-9999,-9999,-9999,-9999,-9999,-9999,-9999,-9999,-9999,-9999,-9999,-9999,-9999,-9999,-9999,-9999,-9999,-9999,-9999,-9999,-9999,-9999,-9999,-9999,-9999,-9999,-9999,-9999,-9999,-9999,-9999,-9999,-9999,-9999,-9999,-9999,-9999,-9999,-9999,-9999,-9999,-9999,-9999,-9999,-9999,-9999,-9999,-9999,-9999,-9999,-9999,-9999,-9999,-9999,-9999,-9999,-9999,-9999,-9999,-9999,-9999,-9999,-9999,-9999,-9999,-9999,-9999,-9999,-9999,-9999,-9999,-9999,-9999,-9999,-9999,-9999,-9999,-9999,-9999,-9999,-9999,-9999,-9999,-9999,-9999,-9999,-9999,-9999,-9999,-9999,-9999,-9999,-9999,-9999,-9999,-9999,-9999,-9999,-9999,-9999,-9999,-9999,-9999,-9999,-9999,-9999,-9999,-9999,-9999,-9999,-9999,-9999,-9999,-9999
-9999,-9999,-9999,-9999,-9999,-9999,-9999,-9999,-9999,-9999,-9999,-9999,-9999,-9999,-9999,-9999,-9999,-9999,-9999,-9999,-9999,-9999,-9999,-9999,-9999,-9999,-9999,-9999,-9999,-9999,-9999,-9999,-9999,-9999,-9999,-9999,-9999,-9999,-9999,-9999,-9999,-9999,-9999,-9999,-9999,-9999,-9999,-9999,-9999,-9999,-9999,-9999,-9999,-9999,-9999,-9999,-9999,-9999,-9999,-9999,-9999,-9999,-9999,-9999,-9999,-9999,-9999,-9999,-9999,-9999,-9999,-9999,-9999,-9999,-9999,-9999,-9999,-9999,-9999,-9999,-9999,-9999,-9999,-9999,-9999,-9999,-9999,-9999,-9999,-9999,-9999,-9999,-9999,-9999,-9999,-9999,-9999,-9999,-9999,-9999,-9999,-9999,-9999,-9999,-9999,-9999,-9999,-9999,-9999,-9999,-9999,-9999,-9999,-9999,-9999,-9999,-9999,-9999,-9999,-9999,-9999,-9999,-9999,-9999,-9999,-9999,-9999,-9999,-9999,-9999,-9999

Step,301
Year,25.08333
-9999,-9999,-9999,-9999,-9999,-9999,-9999,-9999,-9999,-9999,-9999,-9999,-9999,-9999,-9999,-9999,-9999,-9999,-9999,-9999,-9999,-9999,-9999,-9999,-9999,-9999,-9999,-9999,-9999,-9999,-9999,-9999,-9999,-9999,-9999,-9999,-9999,-9999,-9999,-9999,-9999,-9999,-9999,-9999,-9999,-9999,-9999,-9999,-9999,-9999,-9999,-9999,-9999,-9999,-9999,-9999,-9999,-9999,-9999,-9999,-9999,-9999,-9999,-9999,-9999,-9999,-9999,-9999,-9999,-9999,-9999,-9999,-9999,-9999,-9999,-9999,-9999,-9999,-9999,-9999,-9999,-9999,-9999,-9999,-9999,-9999,-9999,-9999,-9999,-9999,-9999,-9999,-9999,-9999,-9999,-9999,-9999,-9999,-9999,-9999,-9999,-9999,-9999,-9999,-9999,-9999,-9999,-9999,-9999,-9999,-9999,-9999,-9999,-9999,-9999,-9999,-9999,-9999,-9999,-9999,-9999,-9999,-9999,-9999,-9999,-9999,-9999,-9999,-9999,-9999,-9999
-9999,-9999,-9999,-9999,-9999,-9999,-9999,-9999,-9999,-9999,-9999,-9999,-9999,-9999,-9999,-9999,-9999,-9999,-9999,-9999,-9999,-9999,-9999,-9999,-9999,-9999,-9999,-9999,-9999,-9999,-9999,-9999,-9999,-9999,-9999,-9999,-9999,-9999,-9999,-9999,-9999,-9999,-9999,-9999,-9999,-9999,-9999,-9999,-9999,-9999,-9999,-9999,-9999,-9999,-9999,-9999,-9999,-9999,-9999,-9999,-9999,-9999,-9999,-9999,-9999,-9999,-9999,-9999,-9999,-9999,-9999,-9999,-9999,-9999,-9999,-9999,-9999,-9999,-9999,-9999,-9999,-9999,-9999,-9999,-9999,-9999,-9999,-9999,-9999,-9999,-9999,-9999,-9999,-9999,-9999,-9999,-9999,-9999,-9999,-9999,-9999,-9999,-9999,-9999,-9999,-9999,-9999,-9999,-9999,-9999,-9999,-9999,-9999,-9999,-9999,-9999,-9999,-9999,-9999,-9999,-9999,-9999,-9999,-9999,-9999,-9999,-9999,-9999,-9999,-9999,-9999
-9999,-9999,-9999,-9999,-9999,-9999,-9999,-9999,-9999,-9999,-9999,-9999,-9999,-9999,-9999,-9999,-9999,-9999,-9999,-9999,-9999,-9999,-9999,-9999,-9999,-9999,-9999,-9999,-9999,-9999,-9999,-9999,-9999,-9999,-9999,-9999,-9999,-9999,-9999,-9999,-9999,-9999,-9999,-9999,-9999,-9999,-9999,-9999,-9999,-9999,-9999,-9999,-9999,-9999,-9999,-9999,-9999,-9999,-9999,-9999,-9999,-9999,-9999,-9999,-9999,-9999,-9999,-9999,-9999,-9999,-9999,-9999,-9999,-9999,37.0418510437012,37.953857421875,-9999,-9999,-9999,-9999,-9999,-9999,-9999,-9999,-9999,-9999,-9999,-9999,-9999,-9999,-9999,-9999,-9999,-9999,-9999,-9999,-9999,-9999,-9999,-9999,-9999,-9999,-9999,-9999,-9999,-9999,-9999,-9999,-9999,-9999,-9999,-9999,-9999,-9999,-9999,-9999,-9999,-9999,-9999,-9999,-9999,-9999,-9999,-9999,-9999,-9999,-9999,-9999,-9999,-9999,-9999
-9999,-9999,-9999,-9999,-9999,-9999,-9999,-9999,-9999,-9999,-9999,-9999,-9999,-9999,-9999,-9999,-9999,-9999,-9999,-9999,-9999,-9999,-9999,-9999,-9999,-9999,-9999,-9999,-9999,-9999,-9999,-9999,-9999,-9999,-9999,-9999,-9999,-9999,-9999,-9999,-9999,-9999,-9999,-9999,-9999,-9999,-9999,-9999,-9999,-9999,-9999,-9999,-9999,-9999,-9999,-9999,-9999,-9999,-9999,-9999,-9999,-9999,-9999,-9999,-9999,-9999,-9999,-9999,-9999,-9999,-9999,-9999,-9999,-9999,38.1943664550781,37.9917869567871,-9999,-9999,-9999,-9999,-9999,-9999,-9999,-9999,-9999,-9999,-9999,-9999,-9999,-9999,-9999,-9999,-9999,-9999,-9999,-9999,-9999,-9999,-9999,-9999,-9999,-9999,-9999,-9999,-9999,-9999,-9999,-9999,-9999,-9999,-9999,-9999,-9999,-9999,-9999,-9999,-9999,-9999,-9999,-9999,-9999,-9999,-9999,-9999,-9999,-9999,-9999,-9999,-9999,-9999,-9999
-9999,-9999,-9999,-9999,-9999,-9999,-9999,-9999,-9999,-9999,-9999,-9999,-9999,-9999,-9999,-9999,-9999,-9999,-9999,-9999,-9999,-9999,-9999,-9999,-9999,-9999,-9999,-9999,-9999,-9999,-9999,-9999,-9999,-9999,-9999,-9999,-9999,-9999,-9999,-9999,-9999,-9999,-9999,-9999,-9999,-9999,-9999,-9999,-9999,-9999,-9999,-9999,-9999,-9999,-9999,-9999,6.17520791446058E-13,1.09008952975387E-08,1.08176587687581E-08,1.08032658374668E-08,-9999,-9999,-9999,-9999,-9999,38.7532997131348,38.4699821472168,38.9926147460938,40.1355667114258,37.2209701538086,36.0614967346191,32.711067199707,32.5133285522461,31.9275779724121,35.5797500610352,34.3813552856445,32.9419479370117,-9999,-9999,25.2231731414795,23.8818759918213,23.0251865386963,23.6023178100586,30.4476566314697,33.5191307067871,35.517219543457,35.470760345459,33.1491355895996,25.0087337493896,-9999,-9999,-9999,-9999,-9999,-9999,-9999,-9999,-9999,-9999,-9999,-9999,-9999,-9999,-9999,-9999,-9999,-9999,-9999,-9999,-9999,-9999,-9999,-9999,-9999,-9999,-9999,-9999,-9999,-9999,-9999,-9999,-9999,-9999,-9999,-9999,-9999,-9999,-9999,-9999,-9999,-9999
-9999,-9999,-9999,-9999,-9999,-9999,-9999,-9999,-9999,-9999,-9999,-9999,-9999,-9999,-9999,-9999,-9999,-9999,-9999,-9999,-9999,-9999,-9999,-9999,-9999,-9999,-9999,-9999,-9999,-9999,-9999,-9999,-9999,-9999,-9999,-9999,-9999,-9999,-9999,-9999,-9999,-9999,-9999,-9999,-9999,-9999,-9999,-9999,-9999,-9999,-9999,-9999,-9999,-9999,-9999,7.13205102614856E-13,2.48480134246165E-08,0.000671691901516169,0.000667971093207598,0.0006673174793832,0.00136927072890103,44.7423515319824,-9999,44.1357421875,41.2813949584961,42.2012252807617,41.0521659851074,40.2135963439941,40.2514686584473,39.4072532653809,36.202091217041,35.1272621154785,36.0193634033203,34.9977607727051,34.6277465820313,35.0822372436523,33.8079071044922,33.3938407897949,32.1878929138184,29.6466636657715,26.3901233673096,23.649751663208,26.6840057373047,29.8241195678711,34.0853996276855,36.5131988525391,36.2421760559082,34.1404800415039,28.605110168457,22.4562568664551,15.940899848938,-9999,-9999,-9999,-9999,-9999,-9999,-9999,-9999,-9999,-9999,-9999,-9999,-9999,-9999,-9999,-9999,-9999,-9999,-9999,-9999,-9999,-9999,-9999,-9999,-9999,-9999,-9999,-9999,-9999,-9999,-9999,-9999,-9999,-9999,-9999,-9999,-9999,-9999,-9999,-9999
-9999,-9999,-9999,-9999,-9999,-9999,-9999,-9999,-9999,-9999,-9999,-9999,-9999,-9999,-9999,-9999,-9999,-9999,-9999,-9999,-9999,-9999,-9999,-9999,-9999,-9999,-9999,-9999,-9999,-9999,-9999,-9999,-9999,-9999,-9999,-9999,-9999,-9999,-9999,-9999,-9999,-9999,-9999,-9999,-9999,-9999,-9999,-9999,-9999,-9999,-9999,-9999,-9999,-9999,-9999,1.44831648896115E-08,0.000772437837440521,45.8892364501953,45.8319435119629,45.8834609985352,46.0386352539063,45.4036560058594,44.6983032226563,44.6766662597656,42.6154594421387,41.4570732116699,40.8092269897461,40.5146636962891,40.026050567627,38.5151100158691,37.4493255615234,37.1514663696289,36.7219657897949,36.5152320861816,36.1055183410645,35.6996040344238,34.8049011230469,33.7260398864746,31.8667106628418,29.5396499633789,26.7612972259521,23.9747447967529,27.3424949645996,31.9396209716797,35.8866806030273,37.7190132141113,37.4699821472168,35.1541290283203,29.3087844848633,22.8359756469727,15.9069166183472,13.8560094833374,18.0763568878174,-9999,-9999,-9999,-9999,-9999,-9999,-9999,-9999,-9999,29.8039970397949,30.4569053649902,32.5491065979004,-9999,-9999,-9999,-9999,-9999,-9999,-9999,-9999,-9999,-9999,-9999,-9999,-9999,-9999,-9999,-9999,-9999,-9999,-9999,-9999,-9999,-9999,-9999,-9999,-9999,-9999
-9999,-9999,-9999,-9999,-9999,-9999,-9999,-9999,-9999,-9999,-9999,-9999,-9999,-9999,-9999,-9999,-9999,-9999,-9999,-9999,-9999,-9999,-9999,-9999,-9999,-9999,-9999,-9999,-9999,-9999,-9999,38.5762634277344,-9999,-9999,-9999,39.5124626159668,-9999,-9999,-9999,-9999,-9999,-9999,-9999,-9999,-9999,-9999,-9999,-9999,-9999,-9999,-9999,-9999,-9999,-9999,-9999,-9999,-9999,45.4571800231934,45.6829071044922,45.783275604248,-9999,46.1763114929199,45.6106491088867,44.7123832702637,43.3886489868164,41.8448791503906,41.6642990112305,40.7256965637207,40.0400886535645,37.570198059082,36.8101768493652,37.9640045166016,38.1296539306641,37.6508865356445,37.0842704772949,36.6151885986328,35.7566070556641,34.994571685791,34.6323623657227,34.7282371520996,32.7032279968262,31.5642776489258,34.7347869873047,36.7978668212891,39.5533103942871,40.7815093994141,39.7877502441406,37.4697723388672,32.9209785461426,29.6161479949951,27.2213954925537,22.5630168914795,16.804328918457,20.110668182373,-9999,-9999,-9999,-9999,-9999,-9999,-9999,-9999,34.3609313964844,36.6137542724609,35.9590301513672,34.488697052002,33.5063858032227,-9999,-9999,-9999,-9999,-9999,-9999,-9999,-9999,-9999,-9999,-9999,-9999,-9999,-9999,-9999,-9999,-9999,-9999,-9999,-9999,-9999,-9999,-9999,-9999
-9999,-9999,-9999,-9999,-9999,-9999,-9999,-9999,-9999,-9999,-9999,-9999,-9999,-9999,-9999,-9999,-9999,-9999,-9999,-9999,-9999,-9999,-9999,-9999,-9999,-9999,-9999,-9999,-9999,-9999,38.6612281799316,38.0646057128906,-9999,-9999,39.6134986877441,39.5255699157715,-9999,-9999,36.5733833312988,37.9947204589844,-9999,-9999,-9999,-9999,-9999,41.3867492675781,-9999,-9999,-9999,-9999,-9999,-9999,-9999,-9999,-9999,-9999,-9999,-9999,-9999,-9999,-9999,46.0363731384277,46.6019592285156,44.8486518859863,43.2378845214844,41.6423034667969,40.5452346801758,39.7921142578125,38.7498588562012,36.598201751709,35.3665580749512,38.371223449707,40.0660133361816,39.2631607055664,38.6110458374023,37.8798370361328,37.5835838317871,36.2523612976074,37.7064437866211,39.2052154541016,39.7290115356445,38.8371810913086,39.7539482116699,40.731575012207,41.8807373046875,42.3188133239746,41.4419593811035,39.7042694091797,36.456226348877,35.322582244873,36.7407836914063,29.9984188079834,18.1842803955078,20.0808982849121,24.276668548584,-9999,-9999,-9999,-9999,-9999,34.9229125976563,34.9714965820313,35.5429420471191,35.7203979492188,36.5546188354492,37.3152656555176,35.9120941162109,32.2512702941895,-9999,-9999,-9999,-9999,-9999,-9999,-9999,-9999,-9999,-9999,-9999,-9999,-9999,-9999,-9999,-9999,-9999,-9999,-9999,-9999,-9999,-9999,-9999
-9999,-9999,-9999,-9999,-9999,-9999,-9999,-9999,-9999,-9999,-9999,-9999,-9999,-9999,-9999,-9999,-9999,-9999,-9999,-9999,-9999,-9999,-9999,38.5104026794434,38.6141471862793,-9999,-9999,-9999,-9999,37.9459075927734,37.7302627563477,38.1622009277344,37.681209564209,39.108325958252,39.2530632019043,39.1497459411621,36.5892105102539,35.2987861633301,35.9196166992188,-9999,38.9903335571289,41.0949554443359,-9999,-9999,40.9750328063965,41.0373992919922,41.9334182739258,42.8873825073242,-9999,-9999,-9999,-9999,-9999,-9999,-9999,-9999,-9999,41.6533966064453,43.8634986877441,-9999,-9999,-9999,44.8966217041016,44.1763916015625,43.494140625,42.4271430969238,41.6795463562012,41.0855979919434,39.5058937072754,35.8505249023438,34.4246253967285,37.8403472900391,39.5201225280762,40.5475578308105,40.1341857910156,39.4207725524902,38.7166290283203,37.5696716308594,37.963924407959,39.4831581115723,39.9086952209473,39.9430313110352,40.9725341796875,41.8300704956055,42.2464485168457,42.3840827941895,42.0206527709961,40.9293823242188,38.347526550293,36.7025337219238,35.8848342895508,30.970516204834,23.9172325134277,23.4117164611816,24.2002735137939,21.3229923248291,20.8216323852539,22.2732677459717,22.8072624206543,24.8133316040039,29.7339973449707,34.9213485717773,35.2401008605957,35.4617805480957,36.5045166015625,37.2016830444336,38.0417976379395,35.372730255127,33.9235572814941,33.9620132446289,-9999,-9999,-9999,-9999,-9999,-9999,-9999,-9999,-9999,-9999,-9999,-9999,-9999,-9999,-9999,-9999,-9999,-9999,-9999,-9999,-9999
-9999,-9999,-9999,-9999,-9999,-9999,-9999,-9999,-9999,-9999,-9999,-9999,-9999,-9999,-9999,-9999,-9999,-9999,-9999,-9999,-9999,-9999,38.7880363464355,38.3830947875977,38.557258605957,40.1304969787598,40.2462882995605,37.5479469299316,37.3422584533691,37.0621452331543,37.8917655944824,37.4067535400391,36.9034118652344,37.6145973205566,38.4633178710938,37.0450553894043,35.1726226806641,35.0723838806152,34.7895965576172,35.9995307922363,37.595142364502,39.891487121582,40.8532485961914,41.1015167236328,41.4978981018066,41.622501373291,42.6516036987305,42.8627166748047,43.2046279907227,-9999,-9999,-9999,-9999,-9999,-9999,-9999,-9999,39.7761917114258,40.6226387023926,42.6846542358398,-9999,-9999,43.6552619934082,44.3720741271973,44.9642791748047,44.3614501953125,42.6992835998535,40.6893577575684,38.151496887207,34.8853607177734,33.608268737793,37.4249076843262,39.3457336425781,40.7943572998047,40.9535293579102,40.4837913513184,39.8285369873047,39.2652626037598,39.3071594238281,38.6747550964355,39.8826332092285,41.0295944213867,42.0082931518555,42.7043800354004,42.5627822875977,42.4689102172852,42.4668579101563,41.8374481201172,40.3627967834473,37.953369140625,34.7920036315918,31.8876686096191,28.4858684539795,25.7868099212646,23.4936561584473,22.2842540740967,21.9637069702148,24.0101890563965,24.1903800964355,23.6568145751953,26.078332901001,32.3668327331543,35.2904205322266,35.8335418701172,36.504638671875,37.0571212768555,37.8141059875488,38.6909027099609,36.8718452453613,34.5454902648926,-9999,-9999,-9999,-9999,-9999,-9999,-9999,-9999,-9999,-9999,-9999,-9999,-9999,-9999,-9999,-9999,-9999,-9999,-9999,-9999,-9999
-9999,-9999,-9999,-9999,-9999,-9999,-9999,-9999,-9999,-9999,-9999,-9999,-9999,-9999,-9999,-9999,-9999,-9999,-9999,-9999,-9999,-9999,39.2251281738281,37.8078155517578,37.6500091552734,38.6916275024414,42.1141357421875,41.3671875,36.5411415100098,37.1204147338867,37.2621307373047,37.3278427124023,36.9581718444824,37.0422554016113,37.0367431640625,36.1395645141602,35.0207862854004,34.9056968688965,34.7089347839355,35.3880043029785,36.5378799438477,38.8777275085449,40.3134994506836,40.7015838623047,40.8950042724609,41.1796264648438,41.4182319641113,42.5901336669922,42.8610229492188,43.0725708007813,43.0322303771973,-9999,-9999,-9999,-9999,-9999,-9999,-9999,39.6904678344727,40.7315444946289,42.3750762939453,43.0320701599121,43.1480865478516,43.9941177368164,45.4515495300293,43.9318161010742,42.0690002441406,38.6028175354004,35.0964469909668,33.2322654724121,34.6204643249512,38.5715446472168,40.7225189208984,41.7389755249023,42.1172561645508,42.188102722168,41.858642578125,41.4557418823242,40.8954849243164,40.0812492370605,41.0870895385742,42.0423278808594,42.3690490722656,42.6124000549316,42.5867614746094,42.570556640625,42.5782852172852,42.0186233520508,40.8036422729492,38.1337394714355,33.5578536987305,31.8077487945557,30.9462661743164,25.6980743408203,19.3642692565918,20.3661613464355,21.314811706543,22.9757957458496,24.2778701782227,23.7209148406982,26.4014129638672,33.0986824035645,36.7025489807129,38.517707824707,37.9161720275879,35.9797706604004,36.5858879089355,38.4186820983887,38.1861534118652,35.8321342468262,38.1936264038086,-9999,-9999,-9999,-9999,-9999,-9999,-9999,-9999,-9999,-9999,-9999,-9999,-9999,-9999,-9999,-9999,-9999,-9999,-9999,-9999
-9999,-9999,-9999,-9999,-9999,-9999,-9999,-9999,-9999,-9999,-9999,-9999,-9999,-9999,-9999,-9999,-9999,-9999,-9999,-9999,-9999,-9999,38.8692321777344,38.7821731567383,36.4631652832031,35.6117286682129,42.2600021362305,43.967700958252,40.5111770629883,38.4299201965332,38.6812057495117,38.3884811401367,38.0062561035156,37.5727157592773,37.1913681030273,36.7633666992188,36.1367492675781,35.7705307006836,35.8052635192871,36.4015464782715,37.0971603393555,38.2668380737305,39.2259368896484,39.6402778625488,40.023078918457,40.0204277038574,40.1844749450684,40.332893371582,41.2911720275879,43.0362091064453,42.5952606201172,-9999,-9999,-9999,-9999,39.6639251708984,39.373706817627,39.1615219116211,38.8355484008789,39.7390098571777,41.022403717041,42.0321044921875,42.8813362121582,43.9725646972656,44.3787727355957,42.2951622009277,41.0000915527344,36.4107971191406,33.8976593017578,35.3605766296387,36.6507873535156,40.0971527099609,42.1577835083008,43.163158416748,43.528678894043,43.3386039733887,42.9231796264648,42.4081878662109,41.8375663757324,41.240795135498,41.976375579834,42.6538314819336,42.5710754394531,42.5176277160645,42.5680999755859,42.5972747802734,42.5872688293457,42.1446914672852,41.2027435302734,38.702823638916,34.6634521484375,34.1715774536133,35.378231048584,29.308277130127,20.9481925964355,22.2428798675537,23.3076934814453,24.7973976135254,25.9655075073242,25.8083515167236,28.0004730224609,34.0186882019043,37.8308486938477,40.5009078979492,39.4693756103516,36.1084175109863,37.206111907959,39.4424667358398,39.9808578491211,39.5868263244629,39.0619354248047,40.4561920166016,-9999,-9999,-9999,-9999,-9999,-9999,-9999,-9999,-9999,-9999,-9999,-9999,-9999,-9999,-9999,-9999,-9999,-9999,-9999
-9999,-9999,-9999,-9999,-9999,-9999,-9999,-9999,-9999,-9999,-9999,-9999,-9999,-9999,-9999,-9999,-9999,-9999,-9999,-9999,-9999,37.88916015625,39.1508293151855,38.4032554626465,35.7706184387207,35.6595039367676,41.8611679077148,44.3882713317871,43.1791076660156,42.1071891784668,41.7813529968262,41.469295501709,41.2251663208008,41.0559120178223,40.6083602905273,40.2339859008789,39.7276916503906,39.5215797424316,39.2821769714355,39.4738731384277,39.1706085205078,37.336296081543,36.8977279663086,38.3007888793945,38.8523139953613,39.2429046630859,39.3557205200195,39.5885810852051,39.5523452758789,39.9855461120605,40.4563064575195,40.3345985412598,40.1422119140625,40.1289367675781,40.2394104003906,39.6977844238281,39.2782821655273,39.084285736084,38.9944458007813,38.9828567504883,38.114330291748,38.5123748779297,40.1837463378906,42.5060844421387,44.356029510498,42.4973907470703,40.0611839294434,35.1174583435059,35.5714645385742,39.5631713867188,42.2504119873047,43.2102012634277,43.7000999450684,43.7022514343262,43.5730361938477,43.328987121582,43.0319747924805,42.7097854614258,42.4139633178711,42.1218070983887,42.239387512207,42.361644744873,42.3854560852051,42.4140243530273,42.4487380981445,42.4321250915527,42.3204879760742,42.0978507995605,41.7521667480469,40.9222602844238,39.7375946044922,39.7338752746582,40.1228981018066,37.7215042114258,33.7954063415527,30.9940090179443,29.0420093536377,29.7536067962646,30.8433227539063,30.8422317504883,32.3717651367188,35.2530746459961,38.3992576599121,41.3533058166504,41.1389923095703,39.0170364379883,41.0377616882324,43.7286338806152,42.2892951965332,39.9670181274414,40.0038185119629,39.7308044433594,38.6330108642578,37.2259063720703,-9999,-9999,-9999,-9999,-9999,-9999,-9999,-9999,-9999,-9999,-9999,-9999,-9999,-9999,-9999,-9999,-9999
-9999,-9999,-9999,-9999,-9999,-9999,-9999,-9999,-9999,-9999,-9999,-9999,-9999,-9999,-9999,-9999,-9999,-9999,-9999,-9999,-9999,35.7967758178711,35.4293174743652,36.7356986999512,36.1341018676758,36.9241600036621,41.507022857666,43.8298072814941,43.5440254211426,43.1697959899902,42.5975341796875,42.3331985473633,42.171070098877,41.8964881896973,41.5883712768555,41.2080116271973,40.767017364502,40.5045394897461,40.3000068664551,40.3247871398926,39.8408279418945,38.0476341247559,37.0914649963379,37.6784591674805,38.1652908325195,38.7177810668945,39.229362487793,39.7714309692383,39.4332237243652,39.1179542541504,39.2155570983887,39.5921173095703,39.5311164855957,39.6956825256348,39.3092880249023,39.0623626708984,38.403694152832,37.9337387084961,37.651782989502,36.7558212280273,36.5875396728516,37.5551948547363,38.6908226013184,39.3912162780762,42.8434715270996,41.9458618164063,41.2434310913086,36.3039093017578,37.993480682373,42.1892280578613,44.578311920166,44.3835067749023,44.1120223999023,43.7434921264648,-9999,-9999,-9999,-9999,-9999,-9999,-9999,42.0753593444824,42.1337242126465,42.190242767334,42.2380981445313,42.2129783630371,42.0467720031738,41.9277114868164,41.8600997924805,41.8325424194336,41.8274078369141,41.7985610961914,41.7585029602051,41.199893951416,39.734317779541,35.6119575500488,32.2216758728027,33.3678131103516,33.5681991577148,32.2449340820313,32.0170555114746,33.8429412841797,36.6881408691406,39.9600448608398,40.835376739502,40.4581069946289,42.4972267150879,44.7897262573242,42.3829383850098,39.1790542602539,39.6960334777832,39.4322891235352,38.5589904785156,36.8105697631836,36.8027191162109,-9999,-9999,-9999,-9999,-9999,-9999,-9999,-9999,-9999,-9999,-9999,-9999,-9999,-9999,-9999,-9999
-9999,-9999,-9999,-9999,-9999,-9999,-9999,-9999,-9999,-9999,-9999,-9999,-9999,-9999,-9999,-9999,-9999,-9999,-9999,33.8196220397949,34.556999206543,34.0664329528809,33.4536781311035,33.2791633605957,37.1007919311523,39.8318977355957,40.680492401123,41.0847244262695,40.7360572814941,40.3121337890625,40.0098266601563,39.8600807189941,39.855094909668,39.5155830383301,39.2418098449707,38.93994140625,38.5150184631348,38.2942504882813,38.1508293151855,38.1259117126465,38.806884765625,41.0420875549316,41.5584259033203,39.2385635375977,38.5545082092285,39.098934173584,40.0437812805176,40.9399147033691,39.7629890441895,37.8869819641113,38.1298561096191,38.3762321472168,38.1676254272461,37.9941215515137,37.8348541259766,37.3071098327637,35.9394836425781,34.8672142028809,34.3387222290039,35.4046630859375,37.6908988952637,39.9441452026367,42.0609855651855,42.0397109985352,41.0128631591797,39.513988494873,41.0376968383789,42.0378837585449,42.1797523498535,43.342041015625,44.0281219482422,-9999,-9999,-9999,-9999,-9999,-9999,-9999,-9999,-9999,-9999,-9999,-9999,41.7911987304688,41.8985252380371,41.9161682128906,41.764778137207,41.5785331726074,41.3535842895508,41.0908584594727,40.8015747070313,40.7135696411133,40.6966781616211,40.7693557739258,40.8416290283203,37.3406562805176,33.868106842041,34.3656730651855,33.8274192810059,29.1431751251221,26.3163604736328,27.5679817199707,30.4872341156006,33.6502227783203,37.2180213928223,40.3278694152832,41.5305557250977,42.3537406921387,39.7973327636719,36.5960235595703,38.5723991394043,40.0079879760742,40.2626762390137,35.3784561157227,36.4205322265625,-9999,-9999,-9999,-9999,-9999,-9999,-9999,-9999,-9999,-9999,-9999,-9999,-9999,-9999,-9999,-9999
-9999,-9999,-9999,-9999,-9999,-9999,-9999,-9999,-9999,-9999,-9999,-9999,-9999,-9999,-9999,-9999,-9999,-9999,31.7773113250732,32.9816665649414,33.1253242492676,35.0790367126465,33.6532554626465,32.7173461914063,36.8610343933105,39.5625877380371,40.4234275817871,40.8074493408203,40.2298202514648,39.8634300231934,39.6830177307129,39.552116394043,39.5350341796875,39.3903312683105,38.8969879150391,38.8210258483887,38.5712814331055,38.4973754882813,38.3199768066406,38.2553253173828,38.9385719299316,41.9071235656738,42.6805953979492,40.2317314147949,39.2757034301758,39.8227157592773,40.519401550293,41.5011596679688,39.8692932128906,37.1426658630371,36.4160118103027,36.0358009338379,35.8579750061035,35.6871337890625,36.7638473510742,37.0008125305176,35.4739456176758,34.4035797119141,34.1355247497559,35.9807434082031,39.144115447998,41.5387268066406,42.9998092651367,43.2325286865234,43.1300354003906,42.8851776123047,42.4993782043457,43.1321449279785,-9999,-9999,-9999,-9999,-9999,-9999,-9999,-9999,-9999,-9999,-9999,-9999,-9999,-9999,-9999,-9999,-9999,41.5913848876953,41.4722785949707,41.2761573791504,40.9951210021973,40.6259002685547,40.1924781799316,40.0351982116699,39.9725151062012,40.2686767578125,40.6423645019531,38.2629623413086,35.862003326416,35.065258026123,33.4408988952637,28.5053100585938,24.764741897583,23.7589454650879,24.7950248718262,27.7925891876221,32.7636222839355,37.6043167114258,38.6559410095215,38.9514808654785,38.3796997070313,37.7078590393066,38.4495964050293,39.5475044250488,39.0278930664063,35.9344062805176,34.9289207458496,-9999,-9999,-9999,-9999,-9999,-9999,-9999,-9999,-9999,-9999,-9999,-9999,-9999,-9999,-9999,-9999
-9999,-9999,-9999,-9999,-9999,-9999,-9999,-9999,-9999,-9999,-9999,-9999,33.2876815795898,32.0099830627441,-9999,31.5956745147705,33.095703125,34.5977935791016,33.9527587890625,31.3531093597412,34.0454902648926,37.0081100463867,36.1120910644531,35.1995239257813,35.6981010437012,37.156379699707,40.6671333312988,42.5830116271973,42.2628059387207,41.8329849243164,41.8187255859375,41.6887550354004,41.7753067016602,41.6812286376953,41.2761459350586,41.3753662109375,40.9146270751953,40.7543258666992,40.8427886962891,40.3234786987305,40.4482116699219,41.0315284729004,41.5144691467285,40.6768379211426,40.7291221618652,40.6376647949219,41.1066474914551,41.5240364074707,39.824878692627,37.1474113464355,34.6894874572754,32.3301887512207,32.1044120788574,32.4794921875,35.7167587280273,37.486499786377,36.4059066772461,35.8404693603516,36.1523475646973,38.7287559509277,41.4194869995117,42.6456260681152,43.2697639465332,43.3774566650391,43.3627586364746,43.180046081543,43.0129928588867,-9999,-9999,-9999,-9999,-9999,-9999,-9999,-9999,-9999,-9999,-9999,-9999,-9999,-9999,-9999,-9999,-9999,-9999,-9999,41.1694297790527,41.0140380859375,40.7660179138184,40.4061508178711,39.9677619934082,39.7230796813965,39.5498657226563,39.7193260192871,39.9464263916016,39.0673713684082,37.9845352172852,35.3232727050781,32.3695678710938,30.7837829589844,28.00732421875,22.4656295776367,21.0280017852783,23.0761222839355,27.5324821472168,31.8675098419189,33.6527557373047,34.5620918273926,38.1562538146973,41.3047904968262,39.5663452148438,38.3730888366699,38.9529991149902,36.4223251342773,34.4115142822266,-9999,-9999,-9999,-9999,-9999,-9999,-9999,-9999,-9999,-9999,-9999,-9999,-9999,-9999,-9999,-9999
-9999,-9999,-9999,-9999,-9999,-9999,-9999,-9999,-9999,-9999,30.8977432250977,32.8323440551758,34.3750839233398,31.9878826141357,31.5938167572021,29.5608463287354,31.7281188964844,35.9994201660156,35.5231094360352,32.9822883605957,35.7916793823242,38.8496170043945,38.217357635498,37.9118270874023,37.2659683227539,37.5404167175293,40.2691307067871,41.9289169311523,41.4729614257813,41.9927673339844,43.433666229248,43.1611633300781,43.1318664550781,43.0856742858887,42.7681465148926,42.6328735351563,42.6544761657715,42.2632484436035,42.1621627807617,42.0649032592773,41.7135467529297,41.345832824707,41.3548355102539,41.4947204589844,41.4811668395996,41.717586517334,42.0348854064941,42.234733581543,41.5717124938965,39.3966407775879,36.7214965820313,33.6166152954102,33.4130325317383,33.8598480224609,36.3316802978516,37.8976974487305,37.5870018005371,37.850959777832,38.2267074584961,39.8602905273438,41.8219223022461,42.5914192199707,42.9106407165527,42.9548225402832,42.9354362487793,42.8467864990234,-9999,-9999,-9999,-9999,-9999,-9999,-9999,-9999,-9999,-9999,-9999,-9999,-9999,-9999,-9999,-9999,-9999,-9999,-9999,-9999,-9999,40.7096176147461,40.4596405029297,40.120532989502,39.7199096679688,39.4731483459473,39.2819900512695,39.3497467041016,39.4578742980957,39.3096961975098,38.8945083618164,36.4048843383789,33.5794677734375,31.9439315795898,29.4239654541016,24.9625225067139,21.8416309356689,20.6864204406738,23.1621379852295,27.0856704711914,30.5336475372314,33.2467613220215,36.9724731445313,40.2460021972656,38.1373481750488,36.4394378662109,37.753833770752,35.3376426696777,33.3460502624512,-9999,-9999,-9999,-9999,-9999,-9999,-9999,-9999,-9999,-9999,-9999,-9999,-9999,-9999,-9999,-9999
-9999,-9999,-9999,-9999,-9999,-9999,-9999,-9999,27.7534027099609,28.6770992279053,29.1106472015381,29.0902538299561,30.1771640777588,32.1978492736816,31.4518661499023,29.6217765808105,31.806489944458,36.2432823181152,36.3556289672852,34.8733825683594,37.7146339416504,40.467456817627,40.1650657653809,39.823657989502,39.2645988464355,39.0133781433105,39.2539672851563,39.2259521484375,39.0496864318848,40.3246154785156,43.192008972168,44.2189331054688,44.2337379455566,44.1283340454102,44.161449432373,43.8999900817871,43.687686920166,43.4170608520508,43.3252601623535,43.0527458190918,42.8482513427734,42.6536636352539,42.5222816467285,42.4165840148926,42.3788833618164,42.3774642944336,42.4314270019531,42.4646492004395,42.5111122131348,42.5456199645996,40.5021514892578,38.0339431762695,37.9782867431641,38.0001831054688,38.4487609863281,38.512523651123,38.2502479553223,38.6803970336914,40.2179718017578,41.3813362121582,41.9269752502441,42.1890106201172,-9999,-9999,-9999,-9999,-9999,-9999,-9999,-9999,-9999,-9999,-9999,-9999,-9999,-9999,-9999,-9999,-9999,-9999,-9999,-9999,-9999,-9999,-9999,-9999,-9999,-9999,40.1113128662109,39.7995376586914,39.4602203369141,39.2533836364746,39.0944519042969,39.0675010681152,39.0621871948242,39.2843055725098,39.3071365356445,37.8389129638672,35.8215103149414,32.6029243469238,30.140064239502,29.0373096466064,25.79958152771,20.1043281555176,19.9205799102783,22.4080333709717,28.5291557312012,33.6801147460938,35.2584381103516,36.6368103027344,35.1548538208008,34.2237663269043,36.8943824768066,34.5451774597168,33.1197929382324,-9999,-9999,-9999,-9999,-9999,-9999,-9999,-9999,-9999,-9999,-9999,-9999,-9999,-9999,-9999,-9999
-9999,-9999,-9999,-9999,-9999,-9999,-9999,-9999,26.3600082397461,27.6555938720703,28.7555046081543,28.2486572265625,28.5769844055176,29.0875625610352,29.694522857666,30.7458686828613,33.450122833252,37.3880386352539,37.7201614379883,36.702449798584,37.829963684082,39.3456115722656,40.3204383850098,41.0744705200195,40.8735656738281,40.5746879577637,40.238037109375,39.8146705627441,39.4994239807129,40.3192825317383,42.0941505432129,42.6597862243652,42.5030632019043,42.3843803405762,42.2068061828613,42.0001983642578,41.9190063476563,41.6881446838379,41.5118064880371,41.2952308654785,41.1897888183594,41.0162582397461,41.2264289855957,41.977710723877,42.2544326782227,42.2129821777344,42.120719909668,41.9877510070801,42.1081123352051,42.2452964782715,41.1802406311035,40.0024337768555,40.2497024536133,40.3857116699219,40.2640838623047,40.0575332641602,39.763355255127,40.0970840454102,40.9773101806641,41.5335273742676,41.8387413024902,41.9588432312012,-9999,-9999,-9999,-9999,-9999,-9999,-9999,-9999,-9999,-9999,-9999,-9999,-9999,-9999,-9999,-9999,-9999,-9999,-9999,-9999,-9999,-9999,-9999,-9999,-9999,-9999,-9999,-9999,39.0665664672852,38.90087890625,38.7781219482422,38.7256622314453,38.6815452575684,38.8961486816406,38.9727172851563,38.0311012268066,36.7913284301758,34.4551010131836,32.3813247680664,30.4991588592529,27.7894668579102,23.5090370178223,21.6431903839111,20.3137798309326,24.5564746856689,30.0397644042969,31.3682289123535,32.2335739135742,31.5883121490479,31.5319404602051,34.7107963562012,31.0986728668213,30.4177665710449,-9999,-9999,-9999,-9999,-9999,-9999,-9999,-9999,-9999,-9999,-9999,-9999,-9999,-9999,-9999,-9999
-9999,-9999,-9999,-9999,-9999,-9999,20.6728057861328,26.0974884033203,26.2519912719727,26.1638584136963,27.6196441650391,28.3851089477539,28.0335903167725,25.9314041137695,27.4144840240479,32.1285209655762,35.9873657226563,39.1032752990723,39.3119735717773,38.4511604309082,37.7993812561035,37.2430114746094,39.9474945068359,42.0019645690918,42.0497512817383,41.9276695251465,41.6162796020508,41.2634086608887,40.8913879394531,40.664794921875,40.3621444702148,40.0826110839844,39.7537841796875,39.5001602172852,39.3259353637695,39.140552520752,38.9387702941895,38.9080772399902,38.8579902648926,38.7416687011719,38.6436882019043,38.5112190246582,39.2361259460449,41.1470413208008,41.963249206543,41.8590316772461,41.5982780456543,41.248664855957,41.0156440734863,40.8165054321289,40.9206199645996,41.0721664428711,41.2701110839844,41.4716987609863,41.4651870727539,41.3938026428223,41.119270324707,40.9758262634277,40.9935073852539,41.2533760070801,41.7010078430176,-9999,-9999,-9999,-9999,-9999,-9999,-9999,-9999,-9999,-9999,-9999,-9999,-9999,-9999,-9999,-9999,-9999,-9999,-9999,-9999,-9999,-9999,-9999,-9999,-9999,-9999,-9999,-9999,-9999,-9999,-9999,-9999,38.3620986938477,38.3013114929199,38.4109306335449,38.4439582824707,37.9316673278809,37.369686126709,36.5635681152344,34.8166122436523,31.2581024169922,28.9869766235352,28.314811706543,24.6313076019287,18.5295867919922,20.6186256408691,24.3784046173096,25.7944049835205,26.8988018035889,27.3529605865479,28.280855178833,32.0923690795898,30.0372276306152,-9999,-9999,-9999,-9999,-9999,-9999,-9999,-9999,-9999,-9999,-9999,-9999,-9999,-9999,-9999,-9999,-9999
-9999,-9999,-9999,-9999,-9999,-9999,26.0251331329346,26.1983280181885,25.8656959533691,25.9335117340088,26.0336761474609,29.0876007080078,30.9202327728271,31.9560585021973,33.3081893920898,34.8201675415039,37.2502784729004,40.0840225219727,40.1646614074707,39.3397178649902,38.8504943847656,38.3228988647461,40.3896484375,42.0938453674316,42.0650215148926,41.9279251098633,41.721134185791,41.519229888916,41.1749725341797,40.8005447387695,40.3718376159668,40.1056900024414,39.8421020507813,39.5537071228027,39.27294921875,39.4490547180176,39.7053642272949,39.6537551879883,39.5851058959961,39.4321022033691,39.2923355102539,39.219612121582,39.6042594909668,40.6679992675781,41.1272125244141,41.0716133117676,40.8560791015625,40.550106048584,40.4320945739746,40.3758926391602,40.4982833862305,40.6435737609863,40.7386054992676,40.8231506347656,40.873405456543,40.8562049865723,40.6723480224609,40.5515594482422,40.5112457275391,-9999,-9999,-9999,-9999,-9999,-9999,-9999,-9999,-9999,-9999,-9999,-9999,-9999,-9999,-9999,-9999,-9999,-9999,-9999,-9999,-9999,-9999,-9999,-9999,-9999,-9999,-9999,-9999,-9999,-9999,-9999,-9999,-9999,-9999,-9999,37.8962707519531,37.9563865661621,37.9862213134766,37.8080749511719,37.533447265625,36.9772605895996,35.9417037963867,34.0971450805664,31.8166122436523,29.1764087677002,26.2247581481934,22.7267780303955,21.6441040039063,20.887638092041,24.4722805023193,27.4420623779297,28.6102504730225,29.8673706054688,31.5435752868652,29.3759307861328,29.9004402160645,28.0544757843018,-9999,-9999,-9999,-9999,-9999,-9999,-9999,-9999,-9999,-9999,-9999,-9999,-9999,-9999,-9999
-9999,-9999,-9999,-9999,25.1340751647949,26.8144989013672,26.2045745849609,25.9286308288574,25.8482723236084,25.7825222015381,26.9150276184082,31.08251953125,34.7535667419434,37.4365119934082,38.3327102661133,37.3317413330078,38.315128326416,40.5026435852051,40.7054023742676,40.185920715332,39.7147331237793,39.2168807983398,40.3354034423828,41.3311233520508,41.4207038879395,41.4757995605469,41.3546905517578,41.2138290405273,41.0220108032227,40.7733726501465,40.4983520507813,40.2103691101074,39.9237899780273,39.6103096008301,39.3033866882324,39.8969573974609,40.5817413330078,40.4963760375977,40.3959350585938,40.1902656555176,40.0229644775391,39.9909019470215,40.0038986206055,40.0915832519531,40.1318016052246,40.1339340209961,40.0061492919922,39.8045310974121,39.8674049377441,40.0025253295898,40.0459671020508,40.0757141113281,40.0575790405273,40.0553855895996,-9999,-9999,-9999,-9999,-9999,-9999,-9999,-9999,-9999,-9999,-9999,-9999,-9999,-9999,-9999,-9999,-9999,-9999,-9999,-9999,-9999,-9999,-9999,-9999,-9999,-9999,-9999,-9999,-9999,-9999,-9999,-9999,-9999,-9999,-9999,-9999,-9999,-9999,-9999,-9999,-9999,37.4971389770508,37.5279388427734,37.6673545837402,37.6497802734375,37.1620216369629,36.8179740905762,36.6121139526367,34.3852577209473,30.0165939331055,27.833854675293,26.8043651580811,23.0628700256348,17.7995529174805,23.1133995056152,28.0159893035889,29.9091701507568,31.2680473327637,30.9369640350342,22.4774627685547,22.8218212127686,28.0269718170166,28.9759902954102,-9999,-9999,-9999,-9999,-9999,-9999,-9999,-9999,-9999,-9999,-9999,-9999,-9999,-9999
-9999,-9999,-9999,-9999,30.6592845916748,28.2642860412598,27.3153972625732,25.8657169342041,26.365478515625,28.214807510376,30.3180541992188,33.5630683898926,36.1464042663574,38.1232604980469,39.150447845459,39.2296867370605,39.6762351989746,40.3615379333496,40.1867141723633,39.6982345581055,39.9588203430176,40.3483390808105,40.7457580566406,41.0948486328125,41.1062812805176,41.1078987121582,41.0656127929688,40.9867553710938,40.8454246520996,40.6699409484863,40.4582366943359,40.2640228271484,40.0847320556641,39.9300346374512,39.7782745361328,39.9835777282715,40.2311630249023,40.0270614624023,39.8181076049805,39.5299110412598,39.2848091125488,39.1736526489258,39.1085968017578,39.1153984069824,39.115291595459,39.1093063354492,39.0300598144531,-9999,-9999,-9999,-9999,-9999,-9999,-9999,-9999,-9999,-9999,-9999,-9999,-9999,-9999,-9999,-9999,-9999,-9999,-9999,-9999,-9999,-9999,-9999,-9999,-9999,-9999,-9999,-9999,-9999,-9999,-9999,-9999,-9999,-9999,-9999,-9999,-9999,-9999,-9999,-9999,-9999,-9999,-9999,-9999,-9999,-9999,-9999,-9999,-9999,37.1329040527344,37.2478408813477,37.2896575927734,37.1204223632813,36.6618804931641,35.6683578491211,33.4070663452148,29.8027248382568,27.8327827453613,26.7524318695068,22.2080001831055,16.2973575592041,19.5515174865723,23.6222076416016,25.1045894622803,26.4837169647217,27.2368755340576,27.9964809417725,21.5945816040039,26.6498680114746,24.9046459197998,-9999,-9999,-9999,-9999,-9999,-9999,-9999,-9999,-9999,-9999,-9999,-9999,-9999,-9999
-9999,-9999,-9999,-9999,-9999,30.6454658508301,28.6825046539307,28.6739025115967,27.541675567627,31.1857604980469,34.1005554199219,35.9580192565918,37.5343818664551,38.7580833435059,39.684398651123,40.3952407836914,40.3695259094238,39.837100982666,39.5073127746582,39.2515983581543,-9999,-9999,-9999,-9999,-9999,-9999,-9999,-9999,-9999,-9999,-9999,-9999,-9999,40.0080947875977,39.9632568359375,39.8523292541504,39.7322769165039,39.4376564025879,-9999,-9999,-9999,-9999,-9999,-9999,-9999,-9999,-9999,-9999,-9999,-9999,-9999,-9999,-9999,-9999,-9999,-9999,-9999,-9999,-9999,-9999,-9999,-9999,-9999,-9999,-9999,-9999,-9999,-9999,-9999,-9999,-9999,-9999,-9999,-9999,-9999,-9999,-9999,-9999,-9999,-9999,-9999,-9999,-9999,-9999,-9999,-9999,-9999,-9999,-9999,-9999,-9999,-9999,-9999,-9999,-9999,-9999,36.744945526123,36.8562393188477,36.9611663818359,37.0582809448242,36.5803527832031,35.0923614501953,33.0278053283691,30.3098678588867,28.3818988800049,26.8461265563965,22.1994800567627,15.9132432937622,16.9423179626465,18.8880882263184,20.6109485626221,22.0265789031982,23.484899520874,24.6254653930664,24.7319889068604,22.2850532531738,-9999,-9999,-9999,-9999,-9999,-9999,-9999,-9999,-9999,-9999,-9999,-9999,-9999,-9999,-9999
-9999,-9999,-9999,-9999,-9999,30.3587131500244,30.3145694732666,30.9252872467041,32.5524978637695,36.2325172424316,38.9927673339844,39.4279022216797,39.8174629211426,40.4178924560547,40.6762619018555,40.5663833618164,40.185791015625,39.6074142456055,-9999,-9999,-9999,-9999,-9999,-9999,-9999,-9999,-9999,-9999,-9999,-9999,-9999,-9999,-9999,-9999,-9999,-9999,-9999,-9999,-9999,-9999,-9999,-9999,-9999,-9999,-9999,-9999,-9999,-9999,-9999,-9999,-9999,-9999,-9999,-9999,-9999,-9999,-9999,-9999,-9999,-9999,-9999,-9999,-9999,-9999,-9999,-9999,-9999,-9999,-9999,-9999,-9999,-9999,-9999,-9999,-9999,-9999,-9999,-9999,-9999,-9999,-9999,-9999,-9999,-9999,-9999,-9999,-9999,-9999,-9999,-9999,-9999,-9999,-9999,-9999,-9999,-9999,-9999,36.6157341003418,36.7886772155762,36.8932266235352,36.7984199523926,36.3648834228516,35.4370880126953,33.943790435791,31.2466678619385,27.6416397094727,24.4593086242676,21.3423748016357,18.7559337615967,16.1250667572021,19.6554641723633,22.0870704650879,20.5441246032715,20.4344444274902,21.5794811248779,19.0467967987061,-9999,-9999,-9999,-9999,-9999,-9999,-9999,-9999,-9999,-9999,-9999,-9999,-9999,-9999,-9999
-9999,-9999,30.4894771575928,30.5180912017822,30.6355724334717,30.0938034057617,30.6639614105225,33.4563179016113,36.2135009765625,39.4573249816895,41.6237716674805,41.2755165100098,41.0525512695313,41.2873115539551,41.1010665893555,40.4031524658203,39.7617874145508,-9999,-9999,-9999,-9999,-9999,-9999,-9999,-9999,-9999,-9999,-9999,-9999,-9999,-9999,-9999,-9999,-9999,-9999,-9999,-9999,-9999,-9999,-9999,-9999,-9999,-9999,-9999,-9999,-9999,-9999,-9999,-9999,-9999,-9999,-9999,-9999,-9999,-9999,-9999,-9999,-9999,-9999,-9999,-9999,-9999,-9999,-9999,-9999,-9999,-9999,-9999,-9999,-9999,-9999,-9999,-9999,-9999,-9999,-9999,-9999,-9999,-9999,-9999,-9999,-9999,-9999,-9999,-9999,-9999,-9999,-9999,-9999,-9999,-9999,-9999,-9999,-9999,-9999,-9999,-9999,36.3544921875,36.5744094848633,36.6753768920898,36.8388671875,37.0972747802734,36.9712028503418,36.394214630127,33.8428764343262,29.7628765106201,27.1163024902344,24.912467956543,20.6455116271973,15.6057643890381,18.9929313659668,20.9953212738037,17.8708095550537,17.0198993682861,21.1687278747559,17.6656303405762,-9999,-9999,-9999,-9999,-9999,-9999,-9999,-9999,-9999,-9999,-9999,-9999,-9999,-9999,-9999
-9999,-9999,-9999,-9999,30.6464653015137,30.2196846008301,30.8120822906494,35.0829582214355,39.0710754394531,40.1599197387695,40.8012199401855,40.6478042602539,40.5379638671875,40.6408882141113,40.3191833496094,39.4844207763672,-9999,-9999,-9999,-9999,-9999,-9999,-9999,-9999,-9999,-9999,-9999,-9999,-9999,-9999,-9999,-9999,-9999,-9999,-9999,-9999,-9999,-9999,-9999,-9999,-9999,-9999,-9999,-9999,-9999,-9999,-9999,-9999,-9999,-9999,-9999,-9999,-9999,-9999,-9999,-9999,-9999,-9999,-9999,-9999,-9999,-9999,-9999,-9999,-9999,-9999,-9999,-9999,-9999,-9999,-9999,-9999,-9999,-9999,-9999,-9999,-9999,-9999,-9999,-9999,-9999,-9999,-9999,-9999,-9999,-9999,-9999,-9999,-9999,-9999,-9999,-9999,-9999,-9999,-9999,-9999,-9999,36.0512237548828,36.2709884643555,36.3395347595215,36.4915542602539,36.7718658447266,36.9470977783203,36.9755439758301,36.0268020629883,34.3650093078613,30.4626064300537,25.5669250488281,23.0122261047363,20.5279636383057,19.063570022583,17.3668041229248,16.2143058776855,15.9062194824219,17.4828033447266,18.9469985961914,-9999,-9999,-9999,-9999,-9999,-9999,-9999,-9999,-9999,-9999,-9999,-9999,-9999,-9999,-9999
-9999,-9999,-9999,-9999,30.8687877655029,30.7686748504639,31.7547225952148,36.196044921875,40.4497222900391,40.4852600097656,40.2747497558594,40.3653411865234,40.3487968444824,40.1484832763672,39.6123008728027,-9999,-9999,-9999,-9999,-9999,-9999,-9999,-9999,-9999,-9999,-9999,-9999,-9999,-9999,-9999,-9999,-9999,-9999,-9999,-9999,-9999,-9999,-9999,-9999,-9999,-9999,-9999,-9999,-9999,-9999,-9999,-9999,-9999,-9999,-9999,-9999,-9999,-9999,-9999,-9999,-9999,-9999,-9999,-9999,-9999,-9999,-9999,-9999,-9999,-9999,-9999,-9999,-9999,-9999,-9999,-9999,-9999,-9999,-9999,-9999,-9999,-9999,-9999,-9999,-9999,-9999,-9999,-9999,-9999,-9999,-9999,-9999,-9999,-9999,-9999,-9999,-9999,-9999,-9999,-9999,-9999,-9999,35.7063751220703,35.9345245361328,35.977367401123,36.0885124206543,36.3001327514648,36.5539703369141,36.8429794311523,36.7518577575684,36.375415802002,32.1154861450195,25.9583930969238,24.3185386657715,23.0774269104004,18.4245986938477,14.2654438018799,15.111439704895,15.88645362854,15.9089078903198,16.596586227417,13.6364593505859,-9999,-9999,-9999,-9999,-9999,-9999,-9999,-9999,-9999,-9999,-9999,-9999,-9999,-9999
-9999,-9999,-9999,-9999,31.1607971191406,31.0682353973389,32.2827186584473,36.6671447753906,40.4063301086426,40.4137649536133,40.235424041748,40.5677185058594,40.5697250366211,39.866096496582,39.0199203491211,-9999,-9999,-9999,-9999,-9999,-9999,-9999,-9999,-9999,-9999,-9999,-9999,-9999,-9999,-9999,-9999,-9999,-9999,-9999,-9999,-9999,-9999,-9999,-9999,-9999,-9999,-9999,-9999,-9999,-9999,-9999,-9999,-9999,-9999,-9999,-9999,-9999,-9999,-9999,-9999,-9999,-9999,-9999,-9999,-9999,-9999,-9999,-9999,-9999,-9999,-9999,-9999,-9999,-9999,-9999,-9999,-9999,-9999,-9999,-9999,-9999,-9999,-9999,-9999,-9999,-9999,-9999,-9999,-9999,-9999,-9999,-9999,-9999,-9999,-9999,-9999,-9999,-9999,-9999,-9999,-9999,-9999,35.308406829834,35.5566673278809,35.582950592041,35.6102828979492,35.6297454833984,35.6742706298828,35.7396659851074,35.7066879272461,35.5796394348145,31.7235412597656,26.1579627990723,24.3364143371582,22.8685398101807,17.4016780853271,12.7441291809082,15.1811990737915,16.77952003479,17.2714519500732,17.8453750610352,18.7169075012207,14.0510272979736,-9999,-9999,-9999,-9999,-9999,-9999,-9999,-9999,-9999,-9999,-9999,-9999,-9999
-9999,-9999,-9999,-9999,26.7064971923828,31.1927852630615,32.3208198547363,35.8222122192383,38.9266052246094,39.1332550048828,39.1979827880859,40.07568359375,40.372730255127,39.5399627685547,-9999,-9999,-9999,-9999,-9999,-9999,-9999,-9999,-9999,-9999,-9999,-9999,-9999,-9999,-9999,-9999,-9999,-9999,-9999,-9999,-9999,-9999,-9999,-9999,-9999,-9999,-9999,-9999,-9999,-9999,-9999,-9999,-9999,-9999,-9999,-9999,-9999,-9999,-9999,-9999,-9999,-9999,-9999,-9999,-9999,-9999,-9999,-9999,-9999,-9999,-9999,-9999,-9999,-9999,-9999,-9999,-9999,-9999,-9999,-9999,-9999,-9999,-9999,-9999,-9999,-9999,-9999,-9999,-9999,-9999,-9999,-9999,-9999,-9999,-9999,-9999,-9999,-9999,-9999,-9999,-9999,-9999,-9999,34.8739051818848,35.1403388977051,35.1814765930176,35.1785736083984,35.093994140625,35.0899848937988,35.1644172668457,34.994758605957,34.6707725524902,32.468864440918,29.5050754547119,26.3646926879883,22.9428768157959,18.6061305999756,14.7470626831055,15.2747869491577,15.8527412414551,16.5579509735107,17.2608871459961,18.3472061157227,18.9204788208008,16.9714508056641,16.4584331512451,-9999,-9999,-9999,-9999,-9999,-9999,-9999,-9999,-9999,-9999,-9999
-9999,-9999,-9999,-9999,29.240535736084,31.3393974304199,32.6578369140625,34.3177337646484,35.9904594421387,36.6482315063477,37.3164482116699,39.0333366394043,39.862907409668,39.1833076477051,-9999,-9999,-9999,-9999,-9999,-9999,-9999,-9999,-9999,-9999,-9999,-9999,-9999,-9999,-9999,-9999,-9999,-9999,-9999,-9999,-9999,-9999,-9999,-9999,-9999,-9999,-9999,-9999,-9999,-9999,-9999,-9999,-9999,-9999,-9999,-9999,-9999,-9999,-9999,-9999,-9999,-9999,-9999,-9999,-9999,-9999,-9999,-9999,-9999,-9999,-9999,-9999,-9999,-9999,-9999,-9999,-9999,-9999,-9999,-9999,-9999,-9999,-9999,-9999,-9999,-9999,-9999,-9999,-9999,-9999,-9999,-9999,-9999,-9999,-9999,-9999,-9999,-9999,-9999,-9999,-9999,-9999,-9999,-9999,34.6922073364258,34.7728843688965,34.7812156677246,34.6645202636719,34.7421646118164,35.0091133117676,34.5561141967773,33.6380157470703,33.9445266723633,34.5359802246094,29.6057357788086,23.1403160095215,21.1231231689453,18.9286804199219,15.9500141143799,13.4657154083252,14.2627582550049,15.5067043304443,17.6664619445801,18.7112522125244,18.8865756988525,-9999,-9999,-9999,-9999,-9999,-9999,-9999,-9999,-9999,-9999,-9999,-9999
-9999,-9999,-9999,-9999,28.6422233581543,30.6471843719482,30.5612392425537,31.7032947540283,32.467155456543,34.7274856567383,36.8946762084961,38.277042388916,38.9620590209961,38.7341957092285,-9999,-9999,-9999,-9999,-9999,-9999,-9999,-9999,-9999,-9999,-9999,-9999,-9999,-9999,-9999,-9999,-9999,-9999,-9999,-9999,-9999,-9999,-9999,-9999,-9999,-9999,-9999,-9999,-9999,-9999,-9999,-9999,-9999,-9999,-9999,-9999,-9999,-9999,-9999,-9999,-9999,-9999,-9999,-9999,-9999,-9999,-9999,-9999,-9999,-9999,-9999,-9999,-9999,-9999,-9999,-9999,-9999,-9999,-9999,-9999,-9999,-9999,-9999,-9999,-9999,-9999,-9999,-9999,-9999,-9999,-9999,-9999,-9999,-9999,-9999,-9999,-9999,-9999,-9999,-9999,-9999,-9999,-9999,-9999,34.2838897705078,34.3800659179688,34.4016914367676,34.2955513000488,34.4231872558594,34.7721519470215,34.5314674377441,33.9224052429199,34.7858352661133,35.9661865234375,30.6250038146973,23.3868198394775,22.0256423950195,20.1428546905518,15.5701599121094,11.9884481430054,12.5406913757324,13.8526973724365,16.8258686065674,23.55419921875,32.1017837524414,29.7343940734863,34.5369720458984,-9999,-9999,-9999,-9999,-9999,-9999,-9999,-9999,-9999,-9999
-9999,-9999,-9999,-9999,-9999,22.0996131896973,28.0323829650879,29.0062999725342,28.7720069885254,33.3135833740234,36.8178825378418,37.4905967712402,37.8489875793457,38.236011505127,-9999,-9999,-9999,-9999,-9999,-9999,-9999,-9999,-9999,-9999,-9999,-9999,-9999,-9999,-9999,-9999,-9999,-9999,-9999,-9999,-9999,-9999,-9999,-9999,-9999,-9999,-9999,-9999,-9999,-9999,-9999,-9999,-9999,-9999,-9999,-9999,-9999,-9999,-9999,-9999,-9999,-9999,-9999,-9999,-9999,-9999,-9999,-9999,-9999,-9999,-9999,-9999,-9999,-9999,-9999,-9999,-9999,-9999,-9999,-9999,-9999,-9999,-9999,-9999,-9999,-9999,-9999,-9999,-9999,-9999,-9999,-9999,-9999,-9999,-9999,-9999,-9999,-9999,-9999,-9999,-9999,-9999,-9999,-9999,33.889518737793,33.9910469055176,34.0271339416504,33.9545745849609,34.1166687011719,34.4971961975098,34.6905708312988,34.7632331848145,35.4292755126953,36.114315032959,30.7807006835938,23.7539196014404,22.1023216247559,19.9319591522217,14.9616575241089,11.0439100265503,10.7641506195068,12.3158731460571,16.1929969787598,23.0175533294678,31.5679302215576,33.9687118530273,34.9960098266602,32.0139198303223,-9999,-9999,-9999,-9999,-9999,-9999,-9999,-9999,-9999
-9999,-9999,-9999,-9999,-9999,25.1639289855957,26.4475593566895,26.3505153656006,27.5817070007324,32.9605979919434,36.7507972717285,37.1688346862793,37.5417861938477,38.0387306213379,-9999,-9999,-9999,-9999,-9999,-9999,-9999,-9999,-9999,-9999,-9999,-9999,-9999,-9999,-9999,-9999,-9999,-9999,-9999,-9999,-9999,-9999,-9999,-9999,-9999,-9999,-9999,-9999,-9999,-9999,-9999,-9999,-9999,-9999,-9999,-9999,-9999,-9999,-9999,-9999,-9999,-9999,-9999,-9999,-9999,-9999,-9999,-9999,-9999,-9999,-9999,-9999,-9999,-9999,-9999,-9999,-9999,-9999,-9999,-9999,-9999,-9999,-9999,-9999,-9999,-9999,-9999,-9999,-9999,-9999,-9999,-9999,-9999,-9999,-9999,-9999,-9999,-9999,-9999,-9999,-9999,-9999,-9999,-9999,33.501953125,33.611198425293,33.6659164428711,33.6375732421875,33.7800025939941,34.0764923095703,34.2807350158691,34.4142951965332,35.1200561523438,35.8382415771484,30.7830982208252,24.0364112854004,22.2549610137939,20.0760135650635,14.7584018707275,10.9527282714844,11.6433925628662,13.5090293884277,16.9853572845459,22.4929351806641,28.8827228546143,33.6273765563965,37.5948791503906,38.0172271728516,-9999,-9999,-9999,-9999,-9999,-9999,-9999,-9999,-9999
-9999,-9999,-9999,-9999,-9999,25.1098899841309,25.1678085327148,26.0874366760254,27.2575168609619,32.8797836303711,36.8581161499023,37.1180267333984,37.4199714660645,37.9046592712402,-9999,-9999,-9999,-9999,-9999,-9999,-9999,-9999,-9999,-9999,-9999,-9999,-9999,-9999,-9999,-9999,-9999,-9999,-9999,-9999,-9999,-9999,-9999,-9999,-9999,-9999,-9999,-9999,-9999,-9999,-9999,-9999,-9999,-9999,-9999,-9999,-9999,-9999,-9999,-9999,-9999,-9999,-9999,-9999,-9999,-9999,-9999,-9999,-9999,-9999,-9999,-9999,-9999,-9999,-9999,-9999,-9999,-9999,-9999,-9999,-9999,-9999,-9999,-9999,-9999,-9999,-9999,-9999,-9999,-9999,-9999,-9999,-9999,-9999,-9999,-9999,-9999,-9999,-9999,-9999,-9999,-9999,-9999,-9999,-9999,33.2288856506348,33.3039245605469,33.3240356445313,33.4351539611816,33.623851776123,33.7458114624023,33.8056259155273,34.6422920227051,35.5208778381348,30.7192840576172,24.2992210388184,22.6375064849854,20.3562526702881,14.630786895752,11.0498199462891,12.9710855484009,15.4663133621216,18.3802890777588,21.9847068786621,26.050609588623,31.1966743469238,37.3837547302246,37.9552688598633,-9999,-9999,-9999,-9999,-9999,-9999,-9999,-9999,-9999
-9999,-9999,-9999,-9999,-9999,-9999,24.3045120239258,24.6610126495361,25.8485317230225,32.0636329650879,36.3890151977539,36.8422470092773,37.1644630432129,-9999,-9999,-9999,-9999,-9999,-9999,-9999,-9999,-9999,-9999,-9999,-9999,-9999,-9999,-9999,-9999,-9999,-9999,-9999,-9999,-9999,-9999,-9999,-9999,-9999,-9999,-9999,-9999,-9999,-9999,-9999,-9999,-9999,-9999,-9999,-9999,-9999,-9999,-9999,-9999,-9999,-9999,-9999,-9999,-9999,-9999,-9999,-9999,-9999,-9999,-9999,-9999,-9999,-9999,-9999,-9999,-9999,-9999,-9999,-9999,-9999,-9999,-9999,-9999,-9999,-9999,-9999,-9999,-9999,-9999,-9999,-9999,-9999,-9999,-9999,-9999,-9999,-9999,-9999,-9999,-9999,-9999,-9999,-9999,-9999,-9999,32.9589958190918,33.0593070983887,33.1197624206543,33.2192077636719,33.3469543457031,33.6682815551758,34.082332611084,34.6044807434082,35.0044555664063,30.4700126647949,24.5808753967285,22.9732322692871,21.050630569458,17.8271064758301,14.8594779968262,13.5979776382446,13.4591102600098,14.7435445785522,19.3149509429932,25.4599647521973,29.5541896820068,32.8426513671875,33.5529708862305,-9999,-9999,-9999,-9999,-9999,-9999,-9999,-9999,-9999
-9999,-9999,-9999,-9999,-9999,-9999,22.8417663574219,22.5487518310547,24.4777126312256,31.3741416931152,36.0430679321289,36.5555038452148,36.905948638916,-9999,-9999,-9999,-9999,-9999,-9999,-9999,-9999,-9999,-9999,-9999,-9999,-9999,-9999,-9999,-9999,-9999,-9999,-9999,-9999,-9999,-9999,-9999,-9999,-9999,-9999,-9999,-9999,-9999,-9999,-9999,-9999,-9999,-9999,-9999,-9999,-9999,-9999,-9999,-9999,-9999,-9999,-9999,-9999,-9999,-9999,-9999,-9999,-9999,-9999,-9999,-9999,-9999,-9999,-9999,-9999,-9999,-9999,-9999,-9999,-9999,-9999,-9999,-9999,-9999,-9999,-9999,-9999,-9999,-9999,-9999,-9999,-9999,-9999,-9999,-9999,-9999,-9999,-9999,-9999,-9999,-9999,-9999,-9999,-9999,-9999,32.7026748657227,32.8257102966309,32.9169158935547,33.0047073364258,33.0816841125488,33.5904731750488,34.3324279785156,34.5532455444336,34.5084114074707,30.2502555847168,24.8348159790039,23.3561172485352,21.8409099578857,20.7500953674316,18.6091289520264,14.1525745391846,11.3373222351074,11.354395866394,16.5373992919922,25.1035919189453,27.792350769043,27.9770774841309,24.1384372711182,17.5669059753418,16.0478630065918,-9999,-9999,-9999,-9999,-9999,-9999,-9999
-9999,-9999,-9999,-9999,-9999,-9999,21.5368785858154,21.9184703826904,23.079496383667,30.2369709014893,35.2837715148926,36.0102462768555,36.6255760192871,-9999,-9999,-9999,-9999,-9999,-9999,-9999,-9999,-9999,-9999,-9999,-9999,-9999,-9999,-9999,-9999,-9999,-9999,-9999,-9999,-9999,-9999,-9999,-9999,-9999,-9999,-9999,-9999,-9999,-9999,-9999,-9999,-9999,-9999,-9999,-9999,-9999,-9999,-9999,-9999,-9999,-9999,-9999,-9999,-9999,-9999,-9999,-9999,-9999,-9999,-9999,-9999,-9999,-9999,-9999,-9999,-9999,-9999,-9999,-9999,-9999,-9999,-9999,-9999,-9999,-9999,-9999,-9999,-9999,-9999,-9999,-9999,-9999,-9999,-9999,-9999,-9999,-9999,-9999,-9999,-9999,-9999,-9999,-9999,-9999,-9999,32.5687828063965,32.6623268127441,32.687084197998,32.747688293457,32.8313636779785,33.3205795288086,34.0310096740723,34.2600326538086,34.2694969177246,30.1626873016357,24.975715637207,23.611234664917,22.2356109619141,20.9863586425781,18.720630645752,13.8794536590576,11.6851291656494,12.7898263931274,16.1134796142578,20.6735439300537,21.8047294616699,21.4795379638672,19.4895668029785,17.1618614196777,13.4885673522949,8.05538845062256,-9999,-9999,-9999,-9999,-9999,-9999
-9999,-9999,-9999,-9999,-9999,-9999,-9999,-9999,-9999,-9999,-9999,-9999,-9999,-9999,-9999,-9999,-9999,-9999,-9999,-9999,-9999,-9999,-9999,-9999,-9999,-9999,-9999,-9999,-9999,-9999,-9999,-9999,-9999,-9999,-9999,-9999,-9999,-9999,-9999,-9999,-9999,-9999,-9999,-9999,-9999,-9999,-9999,-9999,-9999,-9999,-9999,-9999,-9999,-9999,-9999,-9999,-9999,-9999,-9999,-9999,-9999,-9999,-9999,-9999,-9999,-9999,-9999,-9999,-9999,-9999,-9999,-9999,-9999,-9999,-9999,-9999,-9999,-9999,-9999,-9999,-9999,-9999,-9999,-9999,-9999,-9999,-9999,-9999,-9999,-9999,-9999,-9999,-9999,-9999,-9999,-9999,-9999,-9999,-9999,-9999,32.4872970581055,32.4574966430664,32.5010871887207,32.6033172607422,33.0863227844238,33.7774429321289,33.9943580627441,33.9837265014648,30.5941543579102,26.396800994873,24.4787330627441,22.5655345916748,21.2509765625,18.9187755584717,13.7494258880615,11.6460247039795,13.778302192688,15.2990961074829,16.2998313903809,15.9969329833984,14.7087841033936,15.0160274505615,15.6824989318848,10.0329303741455,7.51174163818359,2.985182762146,-9999,-9999,-9999,-9999,-9999
-9999,-9999,-9999,-9999,-9999,-9999,-9999,-9999,-9999,-9999,-9999,-9999,-9999,-9999,-9999,-9999,-9999,-9999,-9999,-9999,-9999,-9999,-9999,-9999,-9999,-9999,-9999,-9999,-9999,-9999,-9999,-9999,-9999,-9999,-9999,-9999,-9999,-9999,-9999,-9999,-9999,-9999,-9999,-9999,-9999,-9999,-9999,-9999,-9999,-9999,-9999,-9999,-9999,-9999,-9999,-9999,-9999,-9999,-9999,-9999,-9999,-9999,-9999,-9999,-9999,-9999,-9999,-9999,-9999,-9999,-9999,-9999,-9999,-9999,-9999,-9999,-9999,-9999,-9999,-9999,-9999,-9999,-9999,-9999,-9999,-9999,-9999,-9999,-9999,-9999,-9999,-9999,-9999,-9999,-9999,-9999,-9999,-9999,-9999,-9999,32.2759857177734,32.2346343994141,32.3033180236816,32.4693031311035,32.9920997619629,33.7070007324219,33.8794822692871,33.8138999938965,33.0320129394531,32.0395812988281,27.4311923980713,22.8284206390381,21.537956237793,19.2306289672852,13.87864112854,11.4413022994995,13.0761394500732,13.7668418884277,13.417329788208,12.1088218688965,10.2301349639893,9.70700454711914,9.78862762451172,6.63492679595947,3.42259168624878,3.27801418304443,2.76713562011719,-9999,-9999,-9999,-9999
-9999,-9999,-9999,-9999,-9999,-9999,-9999,-9999,-9999,-9999,-9999,-9999,-9999,-9999,-9999,-9999,-9999,-9999,-9999,-9999,-9999,-9999,-9999,-9999,-9999,-9999,-9999,-9999,-9999,-9999,-9999,-9999,-9999,-9999,-9999,-9999,-9999,-9999,-9999,-9999,-9999,-9999,-9999,-9999,-9999,-9999,-9999,-9999,-9999,-9999,-9999,-9999,-9999,-9999,-9999,-9999,-9999,-9999,-9999,-9999,-9999,-9999,-9999,-9999,-9999,-9999,-9999,-9999,-9999,-9999,-9999,-9999,-9999,-9999,-9999,-9999,-9999,-9999,-9999,-9999,-9999,-9999,-9999,-9999,-9999,-9999,-9999,-9999,-9999,-9999,-9999,-9999,-9999,-9999,-9999,-9999,-9999,-9999,-9999,-9999,32.0829010009766,32.054084777832,32.1448020935059,32.357608795166,32.7982177734375,33.3609313964844,33.6168327331543,33.7037925720215,34.5359802246094,35.2496528625488,29.2798080444336,23.0695610046387,21.846773147583,19.5081615447998,14.1956729888916,11.4016437530518,12.5272207260132,12.2926330566406,10.8986177444458,9.25879955291748,7.31067800521851,6.20688724517822,5.30332612991333,4.2255277633667,3.47418832778931,2.75162029266357,2.50872540473938,-9999,-9999,-9999,-9999
-9999,-9999,-9999,-9999,-9999,-9999,-9999,-9999,-9999,-9999,-9999,-9999,-9999,-9999,-9999,-9999,-9999,-9999,-9999,-9999,-9999,-9999,-9999,-9999,-9999,-9999,-9999,-9999,-9999,-9999,-9999,-9999,-9999,-9999,-9999,-9999,-9999,-9999,-9999,-9999,-9999,-9999,-9999,-9999,-9999,-9999,-9999,-9999,-9999,-9999,-9999,-9999,-9999,-9999,-9999,-9999,-9999,-9999,-9999,-9999,-9999,-9999,-9999,-9999,-9999,-9999,-9999,-9999,-9999,-9999,-9999,-9999,-9999,-9999,-9999,-9999,-9999,-9999,-9999,-9999,-9999,-9999,-9999,-9999,-9999,-9999,-9999,-9999,-9999,-9999,-9999,-9999,-9999,-9999,-9999,-9999,-9999,-9999,-9999,-9999,-9999,31.9511966705322,32.0705299377441,32.293384552002,32.4143829345703,32.4728088378906,33.0577545166016,33.6978988647461,34.5995330810547,35.3178863525391,29.4083576202393,23.2823677062988,22.1206073760986,19.9331455230713,14.5514059066772,11.4960660934448,12.3626251220703,11.6430749893188,9.45549392700195,8.39602088928223,7.76775789260864,6.21149826049805,3.82901906967163,3.16946339607239,2.84981870651245,2.50142908096313,2.23739504814148,-9999,-9999,3.29174327850342,3.34159374237061
-9999,-9999,-9999,-9999,-9999,-9999,-9999,-9999,-9999,-9999,-9999,-9999,-9999,-9999,-9999,-9999,-9999,-9999,-9999,-9999,-9999,-9999,-9999,-9999,-9999,-9999,-9999,-9999,-9999,-9999,-9999,-9999,-9999,-9999,-9999,-9999,-9999,-9999,-9999,-9999,-9999,-9999,-9999,-9999,-9999,-9999,-9999,-9999,-9999,-9999,-9999,-9999,-9999,-9999,-9999,-9999,-9999,-9999,-9999,-9999,-9999,-9999,-9999,-9999,-9999,-9999,-9999,-9999,-9999,-9999,-9999,-9999,-9999,-9999,-9999,-9999,-9999,-9999,-9999,-9999,-9999,-9999,-9999,-9999,-9999,-9999,-9999,-9999,-9999,-9999,-9999,-9999,-9999,-9999,-9999,-9999,-9999,-9999,-9999,-9999,-9999,-9999,32.0143203735352,32.1905059814453,32.1463584899902,31.9604721069336,32.6823806762695,33.5667533874512,34.5625228881836,35.3629875183105,29.5867462158203,23.3294143676758,20.213493347168,16.6839332580566,12.6917581558228,10.2926120758057,10.8382263183594,9.72208213806152,7.44017887115479,6.88446807861328,6.94957637786865,5.61433029174805,3.04474639892578,2.94273018836975,2.76060914993286,2.61192727088928,2.5401291847229,3.00013661384583,3.28965759277344,3.28898525238037,3.3616726398468
-9999,-9999,-9999,-9999,-9999,-9999,-9999,-9999,-9999,-9999,-9999,-9999,-9999,-9999,-9999,-9999,-9999,-9999,-9999,-9999,-9999,-9999,-9999,-9999,-9999,-9999,-9999,-9999,-9999,-9999,-9999,-9999,-9999,-9999,-9999,-9999,-9999,-9999,-9999,-9999,-9999,-9999,-9999,-9999,-9999,-9999,-9999,-9999,-9999,-9999,-9999,-9999,-9999,-9999,-9999,-9999,-9999,-9999,-9999,-9999,-9999,-9999,-9999,-9999,-9999,-9999,-9999,-9999,-9999,-9999,-9999,-9999,-9999,-9999,-9999,-9999,-9999,-9999,-9999,-9999,-9999,-9999,-9999,-9999,-9999,-9999,-9999,-9999,-9999,-9999,-9999,-9999,-9999,-9999,-9999,-9999,-9999,-9999,-9999,-9999,-9999,-9999,-9999,32.0470962524414,32.0090255737305,31.8920364379883,32.504093170166,33.215576171875,34.4307670593262,35.4390296936035,29.8714923858643,23.2258529663086,15.4336004257202,8.95567512512207,7.87835168838501,7.40885972976685,7.64906406402588,6.70230436325073,4.65335083007813,3.97755098342896,4.1823616027832,3.713947057724,3.2898690700531,3.36099100112915,3.28944563865662,3.22844362258911,3.11291790008545,3.23065090179443,3.24928784370422,2.98913431167603,2.83812856674194
-9999,-9999,-9999,-9999,-9999,-9999,-9999,-9999,-9999,-9999,-9999,-9999,-9999,-9999,-9999,-9999,-9999,-9999,-9999,-9999,-9999,-9999,-9999,-9999,-9999,-9999,-9999,-9999,-9999,-9999,-9999,-9999,-9999,-9999,-9999,-9999,-9999,-9999,-9999,-9999,-9999,-9999,-9999,-9999,-9999,-9999,-9999,-9999,-9999,-9999,-9999,-9999,-9999,-9999,-9999,-9999,-9999,-9999,-9999,-9999,-9999,-9999,-9999,-9999,-9999,-9999,-9999,-9999,-9999,-9999,-9999,-9999,-9999,-9999,-9999,-9999,-9999,-9999,-9999,-9999,-9999,-9999,-9999,-9999,-9999,-9999,-9999,-9999,-9999,-9999,-9999,-9999,-9999,-9999,-9999,-9999,-9999,-9999,-9999,-9999,-9999,-9999,-9999,31.9115219116211,31.9589405059814,32.0334320068359,32.3910179138184,32.7470436096191,33.8803100585938,34.8987197875977,29.7562732696533,23.325044631958,13.6300401687622,6.18342590332031,6.61797952651978,6.76094341278076,6.98643732070923,6.01162147521973,3.46603012084961,2.69599413871765,2.98903822898865,2.96195459365845,3.11340975761414,3.23073482513428,3.26248097419739,3.17997002601624,3.20633459091187,2.90701270103455,4.48433256149292,9.48832416534424,15.0123767852783
-9999,-9999,-9999,-9999,-9999,-9999,-9999,-9999,-9999,-9999,-9999,-9999,-9999,-9999,-9999,-9999,-9999,-9999,-9999,-9999,-9999,-9999,-9999,-9999,-9999,-9999,-9999,-9999,-9999,-9999,-9999,-9999,-9999,-9999,-9999,-9999,-9999,-9999,-9999,-9999,-9999,-9999,-9999,-9999,-9999,-9999,-9999,-9999,-9999,-9999,-9999,-9999,-9999,-9999,-9999,-9999,-9999,-9999,-9999,-9999,-9999,-9999,-9999,-9999,-9999,-9999,-9999,-9999,-9999,-9999,-9999,-9999,-9999,-9999,-9999,-9999,-9999,-9999,-9999,-9999,-9999,-9999,-9999,-9999,-9999,-9999,-9999,-9999,-9999,-9999,-9999,-9999,-9999,-9999,-9999,-9999,-9999,-9999,-9999,-9999,-9999,-9999,-9999,-9999,31.981014251709,32.3118553161621,32.4610137939453,32.5009155273438,33.0581970214844,33.9293975830078,29.3547554016113,22.7869892120361,13.2812356948853,6.48826694488525,7.18596792221069,7.57421207427979,7.75463438034058,6.53252840042114,3.71159148216248,2.57146644592285,2.61499953269958,2.55062580108643,2.56126713752747,2.53968620300293,2.49242568016052,2.36685252189636,2.36773681640625,2.11478900909424,6.6475076675415,20.1751365661621,30.8250999450684
-9999,-9999,-9999,-9999,-9999,-9999,-9999,-9999,-9999,-9999,-9999,-9999,-9999,-9999,-9999,-9999,-9999,-9999,-9999,-9999,-9999,-9999,-9999,-9999,-9999,-9999,-9999,-9999,-9999,-9999,-9999,-9999,-9999,-9999,-9999,-9999,-9999,-9999,-9999,-9999,-9999,-9999,-9999,-9999,-9999,-9999,-9999,-9999,-9999,-9999,-9999,-9999,-9999,-9999,-9999,-9999,-9999,-9999,-9999,-9999,-9999,-9999,-9999,-9999,-9999,-9999,-9999,-9999,-9999,-9999,-9999,-9999,-9999,-9999,-9999,-9999,-9999,-9999,-9999,-9999,-9999,-9999,-9999,-9999,-9999,-9999,-9999,-9999,-9999,-9999,-9999,-9999,-9999,-9999,-9999,-9999,-9999,-9999,-9999,-9999,-9999,-9999,-9999,-9999,-9999,-9999,32.2187881469727,32.1239128112793,32.6796798706055,33.2421455383301,30.3404655456543,25.9194183349609,18.8183135986328,13.3142976760864,11.5693378448486,10.5453405380249,10.7435626983643,9.90797424316406,8.09186935424805,8.82929134368896,10.8909091949463,10.9455003738403,10.1556158065796,12.4290409088135,14.2306537628174,15.6512851715088,16.61110496521,16.0736446380615,18.3771724700928,26.1973304748535,32.6704635620117
-9999,-9999,-9999,-9999,-9999,-9999,-9999,-9999,-9999,-9999,-9999,-9999,-9999,-9999,-9999,-9999,-9999,-9999,-9999,-9999,-9999,-9999,-9999,-9999,-9999,-9999,-9999,-9999,-9999,-9999,-9999,-9999,-9999,-9999,-9999,-9999,-9999,-9999,-9999,-9999,-9999,-9999,-9999,-9999,-9999,-9999,-9999,-9999,-9999,-9999,-9999,-9999,-9999,-9999,-9999,-9999,-9999,-9999,-9999,-9999,-9999,-9999,-9999,-9999,-9999,-9999,-9999,-9999,-9999,-9999,-9999,-9999,-9999,-9999,-9999,-9999,-9999,-9999,-9999,-9999,-9999,-9999,-9999,-9999,-9999,-9999,-9999,-9999,-9999,-9999,-9999,-9999,-9999,-9999,-9999,-9999,-9999,-9999,-9999,-9999,-9999,-9999,-9999,-9999,-9999,-9999,-9999,-9999,31.9189777374268,32.1743278503418,31.8836650848389,31.1837062835693,27.612232208252,23.1731185913086,17.7370338439941,14.6694812774658,15.3284473419189,15.4826202392578,14.4745693206787,17.6627941131592,22.5827407836914,22.8686771392822,22.0204963684082,24.8112621307373,27.6533279418945,29.9270553588867,31.5863800048828,31.0114212036133,30.6050796508789,30.5783138275146,-9999
-9999,-9999,-9999,-9999,-9999,-9999,-9999,-9999,-9999,-9999,-9999,-9999,-9999,-9999,-9999,-9999,-9999,-9999,-9999,-9999,-9999,-9999,-9999,-9999,-9999,-9999,-9999,-9999,-9999,-9999,-9999,-9999,-9999,-9999,-9999,-9999,-9999,-9999,-9999,-9999,-9999,-9999,-9999,-9999,-9999,-9999,-9999,-9999,-9999,-9999,-9999,-9999,-9999,-9999,-9999,-9999,-9999,-9999,-9999,-9999,-9999,-9999,-9999,-9999,-9999,-9999,-9999,-9999,-9999,-9999,-9999,-9999,-9999,-9999,-9999,-9999,-9999,-9999,-9999,-9999,-9999,-9999,-9999,-9999,-9999,-9999,-9999,-9999,-9999,-9999,-9999,-9999,-9999,-9999,-9999,-9999,-9999,-9999,-9999,-9999,-9999,-9999,-9999,-9999,-9999,-9999,-9999,-9999,-9999,-9999,31.6542472839355,31.4513473510742,29.6318130493164,27.4828853607178,24.5915298461914,22.829517364502,22.9510192871094,22.7761745452881,22.3294429779053,23.9922313690186,26.5802822113037,26.7811336517334,26.3818302154541,27.8573551177979,29.4062957763672,30.6900444030762,31.6402854919434,31.2530784606934,-9999,-9999,-9999
-9999,-9999,-9999,-9999,-9999,-9999,-9999,-9999,-9999,-9999,-9999,-9999,-9999,-9999,-9999,-9999,-9999,-9999,-9999,-9999,-9999,-9999,-9999,-9999,-9999,-9999,-9999,-9999,-9999,-9999,-9999,-9999,-9999,-9999,-9999,-9999,-9999,-9999,-9999,-9999,-9999,-9999,-9999,-9999,-9999,-9999,-9999,-9999,-9999,-9999,-9999,-9999,-9999,-9999,-9999,-9999,-9999,-9999,-9999,-9999,-9999,-9999,-9999,-9999,-9999,-9999,-9999,-9999,-9999,-9999,-9999,-9999,-9999,-9999,-9999,-9999,-9999,-9999,-9999,-9999,-9999,-9999,-9999,-9999,-9999,-9999,-9999,-9999,-9999,-9999,-9999,-9999,-9999,-9999,-9999,-9999,-9999,-9999,-9999,-9999,-9999,-9999,-9999,-9999,-9999,-9999,-9999,-9999,-9999,-9999,-9999,-9999,-9999,-9999,-9999,-9999,-9999,-9999,-9999,-9999,-9999,-9999,-9999,-9999,-9999,-9999,-9999,-9999,-9999,-9999,-9999
-9999,-9999,-9999,-9999,-9999,-9999,-9999,-9999,-9999,-9999,-9999,-9999,-9999,-9999,-9999,-9999,-9999,-9999,-9999,-9999,-9999,-9999,-9999,-9999,-9999,-9999,-9999,-9999,-9999,-9999,-9999,-9999,-9999,-9999,-9999,-9999,-9999,-9999,-9999,-9999,-9999,-9999,-9999,-9999,-9999,-9999,-9999,-9999,-9999,-9999,-9999,-9999,-9999,-9999,-9999,-9999,-9999,-9999,-9999,-9999,-9999,-9999,-9999,-9999,-9999,-9999,-9999,-9999,-9999,-9999,-9999,-9999,-9999,-9999,-9999,-9999,-9999,-9999,-9999,-9999,-9999,-9999,-9999,-9999,-9999,-9999,-9999,-9999,-9999,-9999,-9999,-9999,-9999,-9999,-9999,-9999,-9999,-9999,-9999,-9999,-9999,-9999,-9999,-9999,-9999,-9999,-9999,-9999,-9999,-9999,-9999,-9999,-9999,-9999,-9999,-9999,-9999,-9999,-9999,-9999,-9999,-9999,-9999,-9999,-9999,-9999,-9999,-9999,-9999,-9999,-9999

Step,313
Year,26.08333
-9999,-9999,-9999,-9999,-9999,-9999,-9999,-9999,-9999,-9999,-9999,-9999,-9999,-9999,-9999,-9999,-9999,-9999,-9999,-9999,-9999,-9999,-9999,-9999,-9999,-9999,-9999,-9999,-9999,-9999,-9999,-9999,-9999,-9999,-9999,-9999,-9999,-9999,-9999,-9999,-9999,-9999,-9999,-9999,-9999,-9999,-9999,-9999,-9999,-9999,-9999,-9999,-9999,-9999,-9999,-9999,-9999,-9999,-9999,-9999,-9999,-9999,-9999,-9999,-9999,-9999,-9999,-9999,-9999,-9999,-9999,-9999,-9999,-9999,-9999,-9999,-9999,-9999,-9999,-9999,-9999,-9999,-9999,-9999,-9999,-9999,-9999,-9999,-9999,-9999,-9999,-9999,-9999,-9999,-9999,-9999,-9999,-9999,-9999,-9999,-9999,-9999,-9999,-9999,-9999,-9999,-9999,-9999,-9999,-9999,-9999,-9999,-9999,-9999,-9999,-9999,-9999,-9999,-9999,-9999,-9999,-9999,-9999,-9999,-9999,-9999,-9999,-9999,-9999,-9999,-9999
-9999,-9999,-9999,-9999,-9999,-9999,-9999,-9999,-9999,-9999,-9999,-9999,-9999,-9999,-9999,-9999,-9999,-9999,-9999,-9999,-9999,-9999,-9999,-9999,-9999,-9999,-9999,-9999,-9999,-9999,-9999,-9999,-9999,-9999,-9999,-9999,-9999,-9999,-9999,-9999,-9999,-9999,-9999,-9999,-9999,-9999,-9999,-9999,-9999,-9999,-9999,-9999,-9999,-9999,-9999,-9999,-9999,-9999,-9999,-9999,-9999,-9999,-9999,-9999,-9999,-9999,-9999,-9999,-9999,-9999,-9999,-9999,-9999,-9999,-9999,-9999,-9999,-9999,-9999,-9999,-9999,-9999,-9999,-9999,-9999,-9999,-9999,-9999,-9999,-9999,-9999,-9999,-9999,-9999,-9999,-9999,-9999,-9999,-9999,-9999,-9999,-9999,-9999,-9999,-9999,-9999,-9999,-9999,-9999,-9999,-9999,-9999,-9999,-9999,-9999,-9999,-9999,-9999,-9999,-9999,-9999,-9999,-9999,-9999,-9999,-9999,-9999,-9999,-9999,-9999,-9999
-9999,-9999,-9999,-9999,-9999,-9999,-9999,-9999,-9999,-9999,-9999,-9999,-9999,-9999,-9999,-9999,-9999,-9999,-9999,-9999,-9999,-9999,-9999,-9999,-9999,-9999,-9999,-9999,-9999,-9999,-9999,-9999,-9999,-9999,-9999,-9999,-9999,-9999,-9999,-9999,-9999,-9999,-9999,-9999,-9999,-9999,-9999,-9999,-9999,-9999,-9999,-9999,-9999,-9999,-9999,-9999,-9999,-9999,-9999,-9999,-9999,-9999,-9999,-9999,-9999,-9999,-9999,-9999,-9999,-9999,-9999,-9999,-9999,-9999,37.0831336975098,37.8695907592773,-9999,-9999,-9999,-9999,-9999,-9999,-9999,-9999,-9999,-9999,-9999,-9999,-9999,-9999,-9999,-9999,-9999,-9999,-9999,-9999,-9999,-9999,-9999,-9999,-9999,-9999,-9999,-9999,-9999,-9999,-9999,-9999,-9999,-9999,-9999,-9999,-9999,-9999,-9999,-9999,-9999,-9999,-9999,-9999,-9999,-9999,-9999,-9999,-9999,-9999,-9999,-9999,-9999,-9999,-9999
-9999,-9999,-9999,-9999,-9999,-9999,-9999,-9999,-9999,-9999,-9999,-9999,-9999,-9999,-9999,-9999,-9999,-9999,-9999,-9999,-9999,-9999,-9999,-9999,-9999,-9999,-9999,-9999,-9999,-9999,-9999,-9999,-9999,-9999,-9999,-9999,-9999,-9999,-9999,-9999,-9999,-9999,-9999,-9999,-9999,-9999,-9999,-9999,-9999,-9999,-9999,-9999,-9999,-9999,-9999,-9999,-9999,-9999,-9999,-9999,-9999,-9999,-9999,-9999,-9999,-9999,-9999,-9999,-9999,-9999,-9999,-9999,-9999,-9999,38.2419624328613,37.4777412414551,-9999,-9999,-9999,-9999,-9999,-9999,-9999,-9999,-9999,-9999,-9999,-9999,-9999,-9999,-9999,-9999,-9999,-9999,-9999,-9999,-9999,-9999,-9999,-9999,-9999,-9999,-9999,-9999,-9999,-9999,-9999,-9999,-9999,-9999,-9999,-9999,-9999,-9999,-9999,-9999,-9999,-9999,-9999,-9999,-9999,-9999,-9999,-9999,-9999,-9999,-9999,-9999,-9999,-9999,-9999
-9999,-9999,-9999,-9999,-9999,-9999,-9999,-9999,-9999,-9999,-9999,-9999,-9999,-9999,-9999,-9999,-9999,-9999,-9999,-9999,-9999,-9999,-9999,-9999,-9999,-9999,-9999,-9999,-9999,-9999,-9999,-9999,-9999,-9999,-9999,-9999,-9999,-9999,-9999,-9999,-9999,-9999,-9999,-9999,-9999,-9999,-9999,-9999,-9999,-9999,-9999,-9999,-9999,-9999,-9999,-9999,6.17520520395515E-13,1.0900881086684E-08,1.08177005131438E-08,1.08034541312918E-08,-9999,-9999,-9999,-9999,-9999,38.6548004150391,38.5229644775391,39.6438865661621,39.8331146240234,37.1874160766602,35.8863143920898,32.6472625732422,32.4557723999023,31.9170017242432,35.5904235839844,34.4527893066406,32.9657516479492,-9999,-9999,25.2379570007324,23.8654632568359,23.0017547607422,23.6670684814453,30.4328079223633,33.5070686340332,35.5206146240234,35.493049621582,33.1432113647461,25.0099010467529,-9999,-9999,-9999,-9999,-9999,-9999,-9999,-9999,-9999,-9999,-9999,-9999,-9999,-9999,-9999,-9999,-9999,-9999,-9999,-9999,-9999,-9999,-9999,-9999,-9999,-9999,-9999,-9999,-9999,-9999,-9999,-9999,-9999,-9999,-9999,-9999,-9999,-9999,-9999,-9999,-9999,-9999
-9999,-9999,-9999,-9999,-9999,-9999,-9999,-9999,-9999,-9999,-9999,-9999,-9999,-9999,-9999,-9999,-9999,-9999,-9999,-9999,-9999,-9999,-9999,-9999,-9999,-9999,-9999,-9999,-9999,-9999,-9999,-9999,-9999,-9999,-9999,-9999,-9999,-9999,-9999,-9999,-9999,-9999,-9999,-9999,-9999,-9999,-9999,-9999,-9999,-9999,-9999,-9999,-9999,-9999,-9999,7.1320493998453E-13,2.48479814501934E-08,0.00067169003887102,0.00066797184990719,0.000667324580717832,0.00136929494328797,44.7424926757813,-9999,43.8200378417969,42.1619873046875,41.9521942138672,41.089672088623,40.3324012756348,39.9976692199707,39.5147323608398,36.2301368713379,35.3328132629395,36.0054168701172,34.99951171875,34.6056518554688,35.0457496643066,33.7951736450195,33.3886337280273,32.203929901123,29.6542778015137,26.4075317382813,23.629322052002,26.7069034576416,29.8454437255859,34.1084175109863,36.4542961120605,36.2710952758789,34.0546226501465,28.5536689758301,22.555383682251,15.9767475128174,-9999,-9999,-9999,-9999,-9999,-9999,-9999,-9999,-9999,-9999,-9999,-9999,-9999,-9999,-9999,-9999,-9999,-9999,-9999,-9999,-9999,-9999,-9999,-9999,-9999,-9999,-9999,-9999,-9999,-9999,-9999,-9999,-9999,-9999,-9999,-9999,-9999,-9999,-9999,-9999
-9999,-9999,-9999,-9999,-9999,-9999,-9999,-9999,-9999,-9999,-9999,-9999,-9999,-9999,-9999,-9999,-9999,-9999,-9999,-9999,-9999,-9999,-9999,-9999,-9999,-9999,-9999,-9999,-9999,-9999,-9999,-9999,-9999,-9999,-9999,-9999,-9999,-9999,-9999,-9999,-9999,-9999,-9999,-9999,-9999,-9999,-9999,-9999,-9999,-9999,-9999,-9999,-9999,-9999,-9999,1.44831524551137E-08,0.000772436324041337,45.8891258239746,45.8319931030273,45.8834915161133,46.0387344360352,45.4038505554199,44.6990966796875,44.5784111022949,42.6984901428223,42.0512809753418,41.0598526000977,40.4360427856445,39.8020362854004,38.4959335327148,37.4656028747559,37.0711288452148,36.7606239318848,36.5000953674316,36.079029083252,35.7005310058594,34.8431625366211,33.6496696472168,31.8390655517578,29.6008834838867,26.5980930328369,23.9879760742188,27.2711029052734,31.929630279541,35.8469924926758,37.6376800537109,37.3177795410156,35.1097106933594,29.3163261413574,22.932373046875,15.8727560043335,13.8475284576416,18.0685081481934,-9999,-9999,-9999,-9999,-9999,-9999,-9999,-9999,-9999,29.7683143615723,30.7729263305664,32.6037292480469,-9999,-9999,-9999,-9999,-9999,-9999,-9999,-9999,-9999,-9999,-9999,-9999,-9999,-9999,-9999,-9999,-9999,-9999,-9999,-9999,-9999,-9999,-9999,-9999,-9999,-9999
-9999,-9999,-9999,-9999,-9999,-9999,-9999,-9999,-9999,-9999,-9999,-9999,-9999,-9999,-9999,-9999,-9999,-9999,-9999,-9999,-9999,-9999,-9999,-9999,-9999,-9999,-9999,-9999,-9999,-9999,-9999,39.2176170349121,-9999,-9999,-9999,39.941463470459,-9999,-9999,-9999,-9999,-9999,-9999,-9999,-9999,-9999,-9999,-9999,-9999,-9999,-9999,-9999,-9999,-9999,-9999,-9999,-9999,-9999,45.4567832946777,45.6827774047852,45.7831764221191,-9999,46.1855583190918,45.3638076782227,44.6474113464355,43.2837104797363,41.9633522033691,41.2436218261719,40.8409271240234,40.0400314331055,37.5975074768066,36.6725616455078,38.0726547241211,38.1335563659668,37.686840057373,37.0673484802246,36.5244026184082,35.8694343566895,34.933765411377,34.6907234191895,34.4235305786133,32.5709953308105,31.6292133331299,34.7467498779297,36.7887496948242,39.5471992492676,40.789852142334,39.7609252929688,37.4188461303711,32.6315002441406,29.4471893310547,27.5294017791748,22.5540924072266,16.8210697174072,20.0612487792969,-9999,-9999,-9999,-9999,-9999,-9999,-9999,-9999,34.2727584838867,36.3142547607422,36.3116455078125,34.4727363586426,33.4441452026367,-9999,-9999,-9999,-9999,-9999,-9999,-9999,-9999,-9999,-9999,-9999,-9999,-9999,-9999,-9999,-9999,-9999,-9999,-9999,-9999,-9999,-9999,-9999,-9999
-9999,-9999,-9999,-9999,-9999,-9999,-9999,-9999,-9999,-9999,-9999,-9999,-9999,-9999,-9999,-9999,-9999,-9999,-9999,-9999,-9999,-9999,-9999,-9999,-9999,-9999,-9999,-9999,-9999,-9999,38.8288345336914,38.5266151428223,-9999,-9999,39.7607879638672,39.5445556640625,-9999,-9999,36.3339767456055,38.3275718688965,-9999,-9999,-9999,-9999,-9999,41.392017364502,-9999,-9999,-9999,-9999,-9999,-9999,-9999,-9999,-9999,-9999,-9999,-9999,-9999,-9999,-9999,46.0453224182129,46.5739593505859,44.837043762207,43.4591369628906,41.7630462646484,40.6871337890625,39.770565032959,38.6920890808105,36.5910148620605,35.3137397766113,38.7205123901367,40.029167175293,39.5310211181641,38.6140975952148,38.0111389160156,37.0281295776367,36.257495880127,37.5526924133301,39.5762367248535,39.723274230957,38.8371925354004,39.7631568908691,40.7255821228027,41.8784484863281,42.3173980712891,41.4403839111328,39.7052040100098,36.4860382080078,35.5515670776367,36.768798828125,29.9890518188477,18.0741291046143,20.0271511077881,24.340124130249,-9999,-9999,-9999,-9999,-9999,34.7786102294922,35.0158843994141,35.4500541687012,35.9270668029785,36.6100273132324,37.6569709777832,35.5558776855469,32.5927772521973,-9999,-9999,-9999,-9999,-9999,-9999,-9999,-9999,-9999,-9999,-9999,-9999,-9999,-9999,-9999,-9999,-9999,-9999,-9999,-9999,-9999,-9999,-9999
-9999,-9999,-9999,-9999,-9999,-9999,-9999,-9999,-9999,-9999,-9999,-9999,-9999,-9999,-9999,-9999,-9999,-9999,-9999,-9999,-9999,-9999,-9999,37.7815628051758,38.597526550293,-9999,-9999,-9999,-9999,38.3556327819824,37.9132995605469,38.5988922119141,38.5646629333496,39.5422019958496,39.4850234985352,39.2007713317871,37.1503028869629,35.624755859375,36.4521141052246,-9999,38.9326095581055,40.5329399108887,-9999,-9999,40.9280128479004,41.4471130371094,41.9580497741699,42.8937149047852,-9999,-9999,-9999,-9999,-9999,-9999,-9999,-9999,-9999,41.6546325683594,43.1955413818359,-9999,-9999,-9999,44.8141632080078,44.8036079406738,43.1504516601563,42.3210601806641,41.8657913208008,40.8344688415527,39.4503211975098,35.8208389282227,34.4617233276367,37.702449798584,39.519458770752,40.3486404418945,40.1823768615723,39.4972267150879,38.7554779052734,37.6567878723145,37.8607139587402,39.4554748535156,39.9163475036621,39.9435844421387,40.9714889526367,41.8315582275391,42.245304107666,42.3890800476074,42.029125213623,40.9371337890625,38.3566627502441,36.5432472229004,35.8286476135254,31.2843933105469,24.0803623199463,23.464822769165,24.1835422515869,21.3167610168457,20.8223094940186,22.2944107055664,22.848611831665,24.744556427002,29.6583633422852,34.912281036377,35.108226776123,35.5278282165527,36.3220367431641,37.5297393798828,37.7637062072754,34.7956962585449,33.5640296936035,34.3970375061035,-9999,-9999,-9999,-9999,-9999,-9999,-9999,-9999,-9999,-9999,-9999,-9999,-9999,-9999,-9999,-9999,-9999,-9999,-9999,-9999,-9999
-9999,-9999,-9999,-9999,-9999,-9999,-9999,-9999,-9999,-9999,-9999,-9999,-9999,-9999,-9999,-9999,-9999,-9999,-9999,-9999,-9999,-9999,38.2319679260254,38.0043144226074,38.4103126525879,39.8367919921875,40.6178779602051,37.5583801269531,37.6276779174805,37.9977607727051,38.5012359619141,38.414680480957,37.1289978027344,37.4752578735352,38.7261352539063,36.9817314147949,35.4653091430664,35.2909736633301,35.0735130310059,36.1670608520508,37.5738563537598,39.5005416870117,40.9361724853516,41.2962684631348,41.1390380859375,41.5738639831543,42.6454238891602,42.6865768432617,43.3091049194336,-9999,-9999,-9999,-9999,-9999,-9999,-9999,-9999,39.8829765319824,40.4130935668945,42.9175071716309,-9999,-9999,43.2792129516602,44.3134918212891,44.923656463623,43.8191566467285,42.2874298095703,40.4923667907715,38.2157707214355,34.8150749206543,33.6179466247559,37.4584846496582,39.0729560852051,40.731014251709,41.0379829406738,40.4892196655273,39.8360404968262,39.3522605895996,39.325569152832,38.674633026123,39.8828239440918,41.0313873291016,42.0080375671387,42.7054557800293,42.5636558532715,42.4690322875977,42.4673728942871,41.8385620117188,40.3622207641602,37.9373893737793,34.7193374633789,31.658052444458,28.503625869751,25.8726329803467,23.5184440612793,22.2602138519287,21.9131641387939,24.031925201416,24.2105560302734,23.6783485412598,26.0252723693848,32.3271293640137,35.321907043457,35.8872528076172,36.3899993896484,37.11181640625,37.7107086181641,39.1608467102051,36.1876907348633,34.9905090332031,-9999,-9999,-9999,-9999,-9999,-9999,-9999,-9999,-9999,-9999,-9999,-9999,-9999,-9999,-9999,-9999,-9999,-9999,-9999,-9999,-9999
-9999,-9999,-9999,-9999,-9999,-9999,-9999,-9999,-9999,-9999,-9999,-9999,-9999,-9999,-9999,-9999,-9999,-9999,-9999,-9999,-9999,-9999,38.9305648803711,37.8975219726563,37.9300765991211,39.405445098877,42.0914535522461,41.6239929199219,37.1613464355469,37.3882064819336,38.0358085632324,37.9284591674805,37.051197052002,37.1550178527832,37.363094329834,36.3080749511719,35.4241714477539,35.1611061096191,34.9551200866699,35.5992240905762,36.7601356506348,38.786693572998,40.1227073669434,40.5854187011719,40.7600479125977,41.1465644836426,41.526554107666,42.8722763061523,42.8664321899414,42.7957611083984,42.7579231262207,-9999,-9999,-9999,-9999,-9999,-9999,-9999,39.4558715820313,40.8438377380371,42.2738952636719,42.8209533691406,43.4771766662598,44.6190376281738,45.2988433837891,43.7424659729004,41.9547691345215,38.3963661193848,35.0969276428223,33.2565612792969,34.7242584228516,38.5894050598145,40.7422981262207,41.7781677246094,42.1428146362305,42.1671676635742,41.8623542785645,41.4620475769043,40.8947944641113,40.0732460021973,41.0813331604004,42.0402221679688,42.3681526184082,42.6138877868652,42.5865440368652,42.5713005065918,42.5790252685547,42.0190086364746,40.8005867004395,38.1329002380371,33.5510711669922,31.8903217315674,30.9023761749268,25.6438674926758,19.2761039733887,20.4258460998535,21.2555961608887,22.9801712036133,24.263126373291,23.7509880065918,26.3916606903076,33.0650062561035,36.692066192627,38.4672317504883,38.0083961486816,35.9327735900879,36.5537414550781,38.0491943359375,38.3589477539063,35.7201766967773,38.4640693664551,-9999,-9999,-9999,-9999,-9999,-9999,-9999,-9999,-9999,-9999,-9999,-9999,-9999,-9999,-9999,-9999,-9999,-9999,-9999,-9999
-9999,-9999,-9999,-9999,-9999,-9999,-9999,-9999,-9999,-9999,-9999,-9999,-9999,-9999,-9999,-9999,-9999,-9999,-9999,-9999,-9999,-9999,38.630256652832,38.6502723693848,36.4536743164063,35.8812789916992,42.3177261352539,44.1031074523926,40.2331314086914,38.5015487670898,38.6866340637207,38.3139762878418,38.2060012817383,37.6199150085449,37.2715187072754,36.5699005126953,36.2522087097168,35.868782043457,35.5892486572266,36.3721466064453,36.9966812133789,38.3030548095703,39.2118453979492,39.7320404052734,39.8722686767578,40.0636901855469,40.1531143188477,40.4425392150879,41.1825866699219,42.6688232421875,42.4826889038086,-9999,-9999,-9999,-9999,39.7429542541504,39.432502746582,39.1017913818359,39.049674987793,39.7639198303223,40.9894180297852,42.2353019714355,42.958065032959,43.9508628845215,44.1064186096191,42.2309989929199,41.014217376709,36.4836273193359,33.7306022644043,35.3450546264648,36.657154083252,40.0953598022461,42.1576919555664,43.1644020080566,43.5341033935547,43.344181060791,42.92041015625,42.4061813354492,41.8320159912109,41.2415161132813,41.9753952026367,42.6536483764648,42.5710067749023,42.517749786377,42.5680885314941,42.5972061157227,42.5870208740234,42.1443252563477,41.2038993835449,38.703369140625,34.6655349731445,34.1790237426758,35.3182182312012,29.275505065918,21.1653652191162,21.984245300293,23.1875820159912,24.8481369018555,25.9997253417969,26.0475997924805,28.1510028839111,33.9681396484375,37.9557304382324,40.4867630004883,39.4889717102051,36.1697196960449,37.130729675293,39.5074005126953,40.0553283691406,39.5988388061523,39.0735855102539,40.5388221740723,-9999,-9999,-9999,-9999,-9999,-9999,-9999,-9999,-9999,-9999,-9999,-9999,-9999,-9999,-9999,-9999,-9999,-9999,-9999
-9999,-9999,-9999,-9999,-9999,-9999,-9999,-9999,-9999,-9999,-9999,-9999,-9999,-9999,-9999,-9999,-9999,-9999,-9999,-9999,-9999,37.6602745056152,39.1393737792969,38.5385551452637,35.8080177307129,35.434398651123,41.9358596801758,44.4516868591309,43.1448364257813,42.1585464477539,41.8303680419922,41.4497909545898,41.2239227294922,41.0358657836914,40.5959777832031,40.2313613891602,39.7083168029785,39.3846206665039,39.2879943847656,39.4604148864746,39.2078132629395,37.3632659912109,36.8783149719238,38.310115814209,38.8559074401855,39.1838836669922,39.4070663452148,39.5327072143555,39.5525817871094,39.8116912841797,40.3153457641602,40.0414085388184,39.9674949645996,40.2079849243164,39.894702911377,39.8045043945313,39.158447265625,39.0761604309082,39.0664596557617,38.9579467773438,38.1883697509766,38.433521270752,40.0447845458984,42.6504287719727,44.3402862548828,42.5420799255371,39.9264602661133,35.4059219360352,35.5780868530273,39.5715217590332,42.2515182495117,43.2035446166992,43.6978950500488,43.701488494873,43.5739479064941,43.331111907959,43.032600402832,42.7109832763672,42.4143676757813,42.1218452453613,42.2392845153809,42.3612060546875,42.3867683410645,42.4139595031738,42.448356628418,42.4319953918457,42.3204460144043,42.0979080200195,41.7519226074219,40.9236755371094,39.7362060546875,39.7424583435059,40.1289710998535,37.7195625305176,33.8239402770996,31.1327629089355,28.8124485015869,29.8146591186523,30.9446964263916,31.2019386291504,31.9364795684814,35.289608001709,38.5041618347168,41.2583770751953,41.1043586730957,39.0219612121582,41.0745277404785,43.6835441589355,42.2642593383789,40.0861663818359,40.5659675598145,39.296501159668,38.0109100341797,37.5780792236328,-9999,-9999,-9999,-9999,-9999,-9999,-9999,-9999,-9999,-9999,-9999,-9999,-9999,-9999,-9999,-9999,-9999
-9999,-9999,-9999,-9999,-9999,-9999,-9999,-9999,-9999,-9999,-9999,-9999,-9999,-9999,-9999,-9999,-9999,-9999,-9999,-9999,-9999,35.8749618530273,35.5159797668457,36.6392974853516,36.1064910888672,36.9827766418457,41.4555168151855,43.823070526123,43.5336380004883,43.1473693847656,42.5892639160156,42.2764053344727,42.1661109924316,41.9300918579102,41.5630645751953,41.24853515625,40.8155097961426,40.4979515075684,40.2710952758789,40.2818756103516,39.7808876037598,38.0525970458984,37.1032333374023,37.6401748657227,38.1785621643066,38.7027626037598,39.2598114013672,39.7520179748535,39.4680480957031,39.1369514465332,39.3428611755371,39.4527435302734,39.5962715148926,39.5024032592773,39.44384765625,39.0514678955078,38.4315032958984,37.9937400817871,37.6922760009766,36.7210388183594,36.346061706543,38.0616645812988,38.7158432006836,39.440731048584,42.7255172729492,42.0041046142578,41.111026763916,36.0591506958008,38.0081214904785,42.1907157897949,44.5782470703125,44.3819198608398,44.1113052368164,43.7435989379883,-9999,-9999,-9999,-9999,-9999,-9999,-9999,42.0752143859863,42.1336364746094,42.1901817321777,42.2387886047363,42.2129173278809,42.0467224121094,41.9276695251465,41.8600273132324,41.8323440551758,41.8317413330078,41.7996864318848,41.7589111328125,41.1980438232422,39.7016754150391,35.6345100402832,32.3751640319824,33.167667388916,33.4284973144531,32.2043075561523,32.3344230651855,34.0342826843262,36.626335144043,39.9312896728516,40.7596778869629,40.4977188110352,42.4804382324219,44.7810478210449,42.4028625488281,39.2189140319824,40.0064659118652,39.2948341369629,38.3880500793457,36.6879768371582,36.67724609375,-9999,-9999,-9999,-9999,-9999,-9999,-9999,-9999,-9999,-9999,-9999,-9999,-9999,-9999,-9999,-9999
-9999,-9999,-9999,-9999,-9999,-9999,-9999,-9999,-9999,-9999,-9999,-9999,-9999,-9999,-9999,-9999,-9999,-9999,-9999,33.822639465332,34.6255187988281,34.0049171447754,33.4395484924316,33.2406387329102,37.1123046875,39.8477630615234,40.7179336547852,41.1080627441406,40.7211723327637,40.2983283996582,40.0272903442383,39.8691101074219,39.8287963867188,39.5013313293457,39.2474098205566,38.8759117126465,38.4772911071777,38.2541465759277,38.1287498474121,38.2539825439453,38.7526664733887,41.0372543334961,41.356689453125,39.2758941650391,38.490650177002,39.0610542297363,40.0149993896484,40.959716796875,39.7187118530273,37.8789558410645,38.1872520446777,38.3146209716797,38.1838111877441,38.0544776916504,37.8320426940918,37.2891998291016,35.8999786376953,34.8337936401367,34.3307189941406,35.5730323791504,37.7030410766602,40.1451301574707,42.068531036377,41.7044525146484,41.0752182006836,39.4169654846191,40.7884407043457,42.0445404052734,42.1804504394531,43.3445663452148,44.0286903381348,-9999,-9999,-9999,-9999,-9999,-9999,-9999,-9999,-9999,-9999,-9999,-9999,41.7911415100098,41.8984756469727,41.9161071777344,41.7646980285645,41.578441619873,41.353515625,41.0907249450684,40.8015975952148,40.7116394042969,40.7004470825195,40.7705726623535,40.8355293273926,37.3414611816406,33.8706436157227,34.3939170837402,33.8945388793945,29.2582778930664,26.3303184509277,27.627815246582,30.2905025482178,33.8105926513672,37.291877746582,40.2661590576172,41.5418014526367,42.2998123168945,39.8659706115723,36.5093574523926,38.7315292358398,40.0918731689453,39.9960289001465,34.6043014526367,35.6921920776367,-9999,-9999,-9999,-9999,-9999,-9999,-9999,-9999,-9999,-9999,-9999,-9999,-9999,-9999,-9999,-9999
-9999,-9999,-9999,-9999,-9999,-9999,-9999,-9999,-9999,-9999,-9999,-9999,-9999,-9999,-9999,-9999,-9999,-9999,31.7604103088379,33.0055084228516,33.1058464050293,35.0765724182129,33.6536827087402,32.7254867553711,36.8404884338379,39.5842132568359,40.4161376953125,40.7360572814941,40.2525062561035,39.8855094909668,39.6675186157227,39.5622177124023,39.5745658874512,39.355884552002,38.9191970825195,38.9177665710449,38.6345901489258,38.4840507507324,38.1950569152832,38.2060241699219,39.0083427429199,42.2137413024902,42.6066474914551,40.4751205444336,39.4259338378906,39.8065910339355,40.6149559020996,41.5343170166016,39.7674789428711,37.1102485656738,36.4159049987793,36.1003456115723,35.809700012207,35.7124710083008,36.7213554382324,36.9379425048828,35.6129150390625,34.4403457641602,33.93359375,36.0170822143555,39.2734184265137,41.5389556884766,42.9952964782715,43.2367973327637,43.1318473815918,42.8848724365234,42.5026550292969,43.1327590942383,-9999,-9999,-9999,-9999,-9999,-9999,-9999,-9999,-9999,-9999,-9999,-9999,-9999,-9999,-9999,-9999,-9999,41.5913314819336,41.4722137451172,41.2761001586914,40.994945526123,40.6257972717285,40.1941833496094,40.0340042114258,39.9738273620605,40.2737655639648,40.6415100097656,38.2648391723633,35.855712890625,35.0377006530762,33.4653778076172,28.5088920593262,24.7487888336182,24.0654716491699,24.8498210906982,27.9419269561768,32.7014770507813,37.7028617858887,38.6411437988281,38.9839553833008,38.4147071838379,37.6697769165039,38.5765914916992,39.4623565673828,39.0835227966309,35.9508781433105,35.1584053039551,-9999,-9999,-9999,-9999,-9999,-9999,-9999,-9999,-9999,-9999,-9999,-9999,-9999,-9999,-9999,-9999
-9999,-9999,-9999,-9999,-9999,-9999,-9999,-9999,-9999,-9999,-9999,-9999,33.2208709716797,31.9831848144531,-9999,31.5823535919189,33.0650825500488,34.5715751647949,33.9664611816406,31.3579406738281,34.0850410461426,36.997875213623,36.0042190551758,35.1293334960938,35.8367614746094,37.1559219360352,40.7961196899414,42.5858917236328,42.1427688598633,41.8920135498047,41.6907615661621,41.633903503418,41.7418632507324,41.4765396118164,41.3437194824219,41.0973892211914,41.0307769775391,40.8787727355957,40.7098579406738,40.5895080566406,40.6664352416992,40.7467727661133,41.1567497253418,40.7758331298828,40.8975830078125,40.9337043762207,41.0464935302734,41.7088508605957,39.9856300354004,37.19091796875,34.7433853149414,32.3436546325684,32.0572662353516,32.4719390869141,35.6638641357422,37.4674949645996,36.5007705688477,35.6977577209473,36.2715072631836,38.7218818664551,41.4184646606445,42.6437683105469,43.2625465393066,43.3778457641602,43.3626518249512,43.1804008483887,43.0132369995117,-9999,-9999,-9999,-9999,-9999,-9999,-9999,-9999,-9999,-9999,-9999,-9999,-9999,-9999,-9999,-9999,-9999,-9999,-9999,41.169376373291,41.0139694213867,40.765998840332,40.4060249328613,39.967456817627,39.722526550293,39.5498580932617,39.7206230163574,39.9472999572754,39.0644493103027,37.9828300476074,35.3227310180664,32.4326667785645,30.8290634155273,27.894775390625,22.6449508666992,21.1356811523438,22.8897838592529,27.5292167663574,32.2871513366699,33.6036186218262,34.4975280761719,38.1518058776855,41.3356895446777,39.563289642334,38.3909111022949,38.978458404541,36.7212715148926,34.6817054748535,-9999,-9999,-9999,-9999,-9999,-9999,-9999,-9999,-9999,-9999,-9999,-9999,-9999,-9999,-9999,-9999
-9999,-9999,-9999,-9999,-9999,-9999,-9999,-9999,-9999,-9999,30.813404083252,32.920955657959,34.3750877380371,32.0298233032227,31.6585159301758,29.555046081543,31.6968040466309,36.0857162475586,35.4642181396484,32.9690246582031,35.7844848632813,38.826904296875,38.3038787841797,37.4712142944336,37.0050621032715,37.4629516601563,40.4280662536621,42.0059700012207,41.5051307678223,42.0276527404785,42.9608383178711,43.3942832946777,43.1635894775391,43.125617980957,42.790470123291,42.6870193481445,42.6850891113281,42.5629081726074,42.1595726013184,41.9204254150391,41.6630363464355,41.3228225708008,41.4237632751465,41.3992118835449,41.5437774658203,41.6985778808594,41.9816703796387,42.3368339538574,41.5547027587891,39.2941436767578,36.700756072998,33.765495300293,33.3722114562988,33.8395500183105,36.3261337280273,37.8913879394531,37.9046211242676,37.8030242919922,38.2188758850098,39.8595924377441,41.8221702575684,42.5935554504395,42.9106788635254,42.9551010131836,42.9354972839355,42.8468284606934,-9999,-9999,-9999,-9999,-9999,-9999,-9999,-9999,-9999,-9999,-9999,-9999,-9999,-9999,-9999,-9999,-9999,-9999,-9999,-9999,-9999,40.7095527648926,40.4595489501953,40.1204452514648,39.7193298339844,39.472972869873,39.2817535400391,39.3484535217285,39.4553718566895,39.3082695007324,38.894401550293,36.4066467285156,33.5738410949707,31.9462623596191,29.4363594055176,25.0181312561035,21.8956756591797,20.9282875061035,23.0309715270996,27.1064147949219,30.4973030090332,33.2189636230469,37.0344505310059,40.2450485229492,38.190128326416,36.4936332702637,37.8989524841309,35.6114692687988,33.253475189209,-9999,-9999,-9999,-9999,-9999,-9999,-9999,-9999,-9999,-9999,-9999,-9999,-9999,-9999,-9999,-9999
-9999,-9999,-9999,-9999,-9999,-9999,-9999,-9999,27.6458892822266,28.7491302490234,29.1747913360596,28.9249973297119,30.118766784668,32.2151145935059,31.4340934753418,29.6351470947266,31.822021484375,36.3825759887695,36.2019882202148,34.9695816040039,37.9557914733887,40.7929649353027,39.9948310852051,39.5283851623535,39.2018394470215,39.3392524719238,39.1473617553711,39.2984962463379,39.0802383422852,40.3311653137207,43.1852798461914,44.2239723205566,44.2540130615234,44.1241912841797,44.0864715576172,43.941276550293,43.6888122558594,43.4071846008301,43.2636337280273,43.1066703796387,42.8779792785645,42.6613693237305,42.4875335693359,42.4646606445313,42.3505020141602,42.3734359741211,42.414909362793,42.4075012207031,42.5135688781738,42.544849395752,40.4317512512207,37.87353515625,38.1035308837891,38.2448310852051,38.519847869873,38.5052375793457,38.2654724121094,38.6779861450195,40.2177352905273,41.3809661865234,41.9273948669434,42.1889953613281,-9999,-9999,-9999,-9999,-9999,-9999,-9999,-9999,-9999,-9999,-9999,-9999,-9999,-9999,-9999,-9999,-9999,-9999,-9999,-9999,-9999,-9999,-9999,-9999,-9999,-9999,40.1112365722656,39.7994537353516,39.4601211547852,39.2532653808594,39.0943908691406,39.0673980712891,39.0621109008789,39.283519744873,39.307487487793,37.8386039733887,35.8259963989258,32.5977210998535,30.1401252746582,29.057445526123,25.9192638397217,20.1477890014648,19.8744850158691,22.612247467041,28.3573570251465,33.64599609375,35.3225860595703,36.5623321533203,35.1492576599121,34.2829170227051,36.3428840637207,34.6079711914063,33.2110595703125,-9999,-9999,-9999,-9999,-9999,-9999,-9999,-9999,-9999,-9999,-9999,-9999,-9999,-9999,-9999,-9999
-9999,-9999,-9999,-9999,-9999,-9999,-9999,-9999,26.2639789581299,27.6601753234863,28.7762889862061,28.2890129089355,28.5254364013672,28.8881530761719,29.7534561157227,30.4406795501709,33.4679641723633,37.4155426025391,38.0011711120605,36.7088928222656,37.9987754821777,39.3676376342773,40.3623657226563,41.046688079834,40.8692245483398,40.5396194458008,40.2246932983398,39.8478012084961,39.5738945007324,40.2952728271484,42.1104774475098,42.6653099060059,42.5059928894043,42.3877410888672,42.1966438293457,41.9925117492676,41.9006805419922,41.6923522949219,41.5085754394531,41.290096282959,41.1908569335938,41.0088119506836,41.2300338745117,41.9780654907227,42.2546768188477,42.2131805419922,42.108642578125,41.9880485534668,42.0989112854004,42.2445678710938,41.1847839355469,40.00537109375,40.234733581543,40.3830032348633,40.2512817382813,40.0558738708496,39.7563095092773,40.102222442627,40.9794807434082,41.5334091186523,41.8387680053711,41.9588394165039,-9999,-9999,-9999,-9999,-9999,-9999,-9999,-9999,-9999,-9999,-9999,-9999,-9999,-9999,-9999,-9999,-9999,-9999,-9999,-9999,-9999,-9999,-9999,-9999,-9999,-9999,-9999,-9999,39.0664710998535,38.9007759094238,38.7780151367188,38.7255706787109,38.6814308166504,38.8961524963379,38.9725875854492,38.0307884216309,36.7897987365723,34.4565010070801,32.3832550048828,30.4970302581787,27.7275924682617,23.7777004241943,21.6720523834229,20.3336601257324,24.8615646362305,30.031270980835,31.1739654541016,32.1688690185547,31.6136932373047,31.4624538421631,34.528450012207,31.2195777893066,30.6076011657715,-9999,-9999,-9999,-9999,-9999,-9999,-9999,-9999,-9999,-9999,-9999,-9999,-9999,-9999,-9999,-9999
-9999,-9999,-9999,-9999,-9999,-9999,20.7775478363037,26.1620216369629,26.2658252716064,26.1444911956787,27.6581153869629,28.4974327087402,28.0376853942871,26.1866722106934,27.4497051239014,31.948070526123,35.8281059265137,39.0953826904297,39.5199241638184,38.517276763916,37.8563461303711,37.1905288696289,39.9482345581055,42.0063629150391,42.0125465393066,41.9715576171875,41.6238059997559,41.2593040466309,40.885555267334,40.6537628173828,40.371265411377,40.0840072631836,39.7602348327637,39.5088577270508,39.3261032104492,39.1395606994629,38.9508323669434,38.9023551940918,38.8615379333496,38.7476348876953,38.637882232666,38.5108489990234,39.2319488525391,41.1555252075195,41.9606666564941,41.8543739318848,41.5991516113281,41.2453804016113,41.0236434936523,40.8083457946777,40.9301643371582,41.0691680908203,41.2738189697266,41.4759750366211,41.4639015197754,41.3990249633789,41.126335144043,40.9745750427246,40.9921112060547,41.2534103393555,41.7010116577148,-9999,-9999,-9999,-9999,-9999,-9999,-9999,-9999,-9999,-9999,-9999,-9999,-9999,-9999,-9999,-9999,-9999,-9999,-9999,-9999,-9999,-9999,-9999,-9999,-9999,-9999,-9999,-9999,-9999,-9999,-9999,-9999,38.3619651794434,38.3011741638184,38.4108085632324,38.4434013366699,37.9312210083008,37.3728294372559,36.5624618530273,34.8161773681641,31.2668972015381,28.9642219543457,28.1690101623535,24.5820350646973,18.6355075836182,20.530252456665,24.2086563110352,25.9081573486328,26.9785079956055,27.2698040008545,28.3780822753906,32.2216339111328,29.7451152801514,-9999,-9999,-9999,-9999,-9999,-9999,-9999,-9999,-9999,-9999,-9999,-9999,-9999,-9999,-9999,-9999,-9999
-9999,-9999,-9999,-9999,-9999,-9999,26.0288734436035,26.1205062866211,25.9161357879639,25.9407634735107,25.9985179901123,28.9690818786621,30.9361572265625,32.1799850463867,33.1527366638184,34.743766784668,37.2745170593262,40.0094604492188,40.0824851989746,39.3294715881348,38.8573455810547,38.323787689209,40.3961334228516,42.0981903076172,42.0664978027344,41.9229202270508,41.7166213989258,41.5186729431152,41.1724433898926,40.7942199707031,40.3707542419434,40.1008682250977,39.842357635498,39.5530166625977,39.2665977478027,39.4591484069824,39.7039833068848,39.6483764648438,39.5867919921875,39.4299240112305,39.2885055541992,39.2195014953613,39.6042327880859,40.6672477722168,41.1284561157227,41.0699691772461,40.8537178039551,40.5486106872559,40.4327430725098,40.3751258850098,40.4975662231445,40.6430892944336,40.739128112793,40.8218841552734,40.8702735900879,40.855354309082,40.6734924316406,40.5516128540039,40.5112419128418,-9999,-9999,-9999,-9999,-9999,-9999,-9999,-9999,-9999,-9999,-9999,-9999,-9999,-9999,-9999,-9999,-9999,-9999,-9999,-9999,-9999,-9999,-9999,-9999,-9999,-9999,-9999,-9999,-9999,-9999,-9999,-9999,-9999,-9999,-9999,37.8961219787598,37.9562492370605,37.9860992431641,37.8079109191895,37.5330924987793,36.9769630432129,35.941463470459,34.0996894836426,31.8094062805176,29.2434864044189,26.2714519500732,22.9167366027832,21.3157234191895,21.2718276977539,24.3349876403809,27.4565448760986,28.5851402282715,29.820426940918,31.5957851409912,29.3382930755615,30.2949676513672,28.1064605712891,-9999,-9999,-9999,-9999,-9999,-9999,-9999,-9999,-9999,-9999,-9999,-9999,-9999,-9999,-9999
-9999,-9999,-9999,-9999,25.2778930664063,26.6881160736084,26.2284069061279,25.9291496276855,25.9784870147705,25.7791614532471,26.9005393981934,31.2054328918457,34.6377906799316,37.4521560668945,38.3168601989746,37.3292465209961,38.3135108947754,40.5061950683594,40.704216003418,40.1817436218262,39.7139625549316,39.2206726074219,40.3451728820801,41.3384780883789,41.4282760620117,41.4691467285156,41.3593940734863,41.209716796875,41.02392578125,40.7793502807617,40.4949340820313,40.2121925354004,39.9234504699707,39.6099433898926,39.304874420166,39.8927917480469,40.5801849365234,40.4957275390625,40.3964424133301,40.1902084350586,40.020076751709,39.993350982666,40.0035438537598,40.0916557312012,40.1318778991699,40.1334953308105,40.0063514709473,39.8034934997559,39.8676452636719,40.0016708374023,40.0458984375,40.0757522583008,40.0574836730957,40.0552825927734,-9999,-9999,-9999,-9999,-9999,-9999,-9999,-9999,-9999,-9999,-9999,-9999,-9999,-9999,-9999,-9999,-9999,-9999,-9999,-9999,-9999,-9999,-9999,-9999,-9999,-9999,-9999,-9999,-9999,-9999,-9999,-9999,-9999,-9999,-9999,-9999,-9999,-9999,-9999,-9999,-9999,37.497013092041,37.5278511047363,37.6672172546387,37.6496086120605,37.1621437072754,36.8145294189453,36.6105537414551,34.3823776245117,30.0434131622314,27.8045845031738,26.7084064483643,22.887674331665,17.8461418151855,23.0354766845703,28.2010307312012,29.9008464813232,31.2262725830078,31.0410079956055,22.3796806335449,22.8990993499756,27.7313213348389,28.9320907592773,-9999,-9999,-9999,-9999,-9999,-9999,-9999,-9999,-9999,-9999,-9999,-9999,-9999,-9999
-9999,-9999,-9999,-9999,30.6656646728516,28.2417488098145,27.4008598327637,25.7685947418213,26.2417182922363,28.1805515289307,30.38818359375,33.5579643249512,36.1453666687012,38.1382827758789,39.1502685546875,39.2286605834961,39.6716575622559,40.3642730712891,40.1915817260742,39.7009696960449,39.9581451416016,40.348014831543,40.7457389831543,41.0954818725586,41.1084060668945,41.1084938049316,41.0658988952637,40.9866714477539,40.8454895019531,40.6704139709473,40.4578285217285,40.2642593383789,40.0846939086914,39.9297027587891,39.7781448364258,39.9833793640137,40.2306823730469,40.0297775268555,39.8180274963379,39.5300445556641,39.2848167419434,39.1735649108887,39.1085739135742,39.1153907775879,39.1153030395508,39.1093368530273,39.0301208496094,-9999,-9999,-9999,-9999,-9999,-9999,-9999,-9999,-9999,-9999,-9999,-9999,-9999,-9999,-9999,-9999,-9999,-9999,-9999,-9999,-9999,-9999,-9999,-9999,-9999,-9999,-9999,-9999,-9999,-9999,-9999,-9999,-9999,-9999,-9999,-9999,-9999,-9999,-9999,-9999,-9999,-9999,-9999,-9999,-9999,-9999,-9999,-9999,-9999,37.132740020752,37.2476501464844,37.289478302002,37.1204566955566,36.6626358032227,35.6669769287109,33.4007377624512,29.8017921447754,27.8592338562012,26.7343406677246,22.2773571014404,16.1597175598145,19.4555149078369,23.6149520874023,25.1053161621094,26.5601692199707,27.2371311187744,28.0902767181396,21.6137714385986,26.6633567810059,24.7638683319092,-9999,-9999,-9999,-9999,-9999,-9999,-9999,-9999,-9999,-9999,-9999,-9999,-9999,-9999
-9999,-9999,-9999,-9999,-9999,30.6941528320313,28.6504096984863,28.6825485229492,27.6685161590576,31.2730827331543,34.1023139953613,35.9467315673828,37.533878326416,38.7566986083984,39.6896476745605,40.3944549560547,40.3634338378906,39.8377914428711,39.5066604614258,39.2516899108887,-9999,-9999,-9999,-9999,-9999,-9999,-9999,-9999,-9999,-9999,-9999,-9999,-9999,40.0080947875977,39.9631805419922,39.8523445129395,39.7322120666504,39.4375762939453,-9999,-9999,-9999,-9999,-9999,-9999,-9999,-9999,-9999,-9999,-9999,-9999,-9999,-9999,-9999,-9999,-9999,-9999,-9999,-9999,-9999,-9999,-9999,-9999,-9999,-9999,-9999,-9999,-9999,-9999,-9999,-9999,-9999,-9999,-9999,-9999,-9999,-9999,-9999,-9999,-9999,-9999,-9999,-9999,-9999,-9999,-9999,-9999,-9999,-9999,-9999,-9999,-9999,-9999,-9999,-9999,-9999,-9999,36.7447814941406,36.8560676574707,36.9609870910645,37.0580596923828,36.5800857543945,35.0918769836426,33.0333061218262,30.3092079162598,28.380916595459,26.8392925262451,22.2096347808838,15.9341688156128,16.842077255249,18.8917961120605,20.5086421966553,22.004451751709,23.440149307251,24.7394790649414,24.8334808349609,22.2494945526123,-9999,-9999,-9999,-9999,-9999,-9999,-9999,-9999,-9999,-9999,-9999,-9999,-9999,-9999,-9999
-9999,-9999,-9999,-9999,-9999,30.3232040405273,30.3349113464355,31.2574100494385,32.533275604248,36.2385063171387,38.9922256469727,39.4268989562988,39.8172187805176,40.4185256958008,40.6761016845703,40.5653305053711,40.186164855957,39.6075897216797,-9999,-9999,-9999,-9999,-9999,-9999,-9999,-9999,-9999,-9999,-9999,-9999,-9999,-9999,-9999,-9999,-9999,-9999,-9999,-9999,-9999,-9999,-9999,-9999,-9999,-9999,-9999,-9999,-9999,-9999,-9999,-9999,-9999,-9999,-9999,-9999,-9999,-9999,-9999,-9999,-9999,-9999,-9999,-9999,-9999,-9999,-9999,-9999,-9999,-9999,-9999,-9999,-9999,-9999,-9999,-9999,-9999,-9999,-9999,-9999,-9999,-9999,-9999,-9999,-9999,-9999,-9999,-9999,-9999,-9999,-9999,-9999,-9999,-9999,-9999,-9999,-9999,-9999,-9999,36.615550994873,36.7884902954102,36.8930511474609,36.7981796264648,36.3636627197266,35.436840057373,33.9434585571289,31.2395610809326,27.6358757019043,24.4814338684082,21.4030532836914,18.762508392334,15.9402980804443,19.6170749664307,22.1229209899902,20.642261505127,20.3365287780762,21.6183834075928,18.9633846282959,-9999,-9999,-9999,-9999,-9999,-9999,-9999,-9999,-9999,-9999,-9999,-9999,-9999,-9999,-9999
-9999,-9999,30.6474075317383,30.4851703643799,30.609447479248,30.0106353759766,30.634859085083,33.6096115112305,36.412769317627,39.4593505859375,41.6247253417969,41.2753601074219,41.0552291870117,41.2876205444336,41.1010704040527,40.4030914306641,39.7617530822754,-9999,-9999,-9999,-9999,-9999,-9999,-9999,-9999,-9999,-9999,-9999,-9999,-9999,-9999,-9999,-9999,-9999,-9999,-9999,-9999,-9999,-9999,-9999,-9999,-9999,-9999,-9999,-9999,-9999,-9999,-9999,-9999,-9999,-9999,-9999,-9999,-9999,-9999,-9999,-9999,-9999,-9999,-9999,-9999,-9999,-9999,-9999,-9999,-9999,-9999,-9999,-9999,-9999,-9999,-9999,-9999,-9999,-9999,-9999,-9999,-9999,-9999,-9999,-9999,-9999,-9999,-9999,-9999,-9999,-9999,-9999,-9999,-9999,-9999,-9999,-9999,-9999,-9999,-9999,-9999,36.3543281555176,36.5742530822754,36.6751937866211,36.8386688232422,37.0970306396484,36.9710540771484,36.3933982849121,33.8447227478027,29.759822845459,27.1060695648193,25.0091190338135,20.7678604125977,15.4389047622681,19.0313987731934,20.9562225341797,17.9829921722412,16.9500255584717,21.155294418335,17.6835613250732,-9999,-9999,-9999,-9999,-9999,-9999,-9999,-9999,-9999,-9999,-9999,-9999,-9999,-9999,-9999
-9999,-9999,-9999,-9999,30.644136428833,30.2093143463135,30.8259258270264,35.1108207702637,39.0623321533203,40.1557998657227,40.8001861572266,40.6489028930664,40.5378608703613,40.6415061950684,40.3191146850586,39.4843597412109,-9999,-9999,-9999,-9999,-9999,-9999,-9999,-9999,-9999,-9999,-9999,-9999,-9999,-9999,-9999,-9999,-9999,-9999,-9999,-9999,-9999,-9999,-9999,-9999,-9999,-9999,-9999,-9999,-9999,-9999,-9999,-9999,-9999,-9999,-9999,-9999,-9999,-9999,-9999,-9999,-9999,-9999,-9999,-9999,-9999,-9999,-9999,-9999,-9999,-9999,-9999,-9999,-9999,-9999,-9999,-9999,-9999,-9999,-9999,-9999,-9999,-9999,-9999,-9999,-9999,-9999,-9999,-9999,-9999,-9999,-9999,-9999,-9999,-9999,-9999,-9999,-9999,-9999,-9999,-9999,-9999,36.0510520935059,36.2708320617676,36.3393363952637,36.4913558959961,36.7716445922852,36.9470024108887,36.9752807617188,36.0199394226074,34.3657531738281,30.4566612243652,25.5721855163574,22.9817562103271,20.7302169799805,18.9154472351074,17.1746883392334,16.2206974029541,16.0153274536133,17.4980430603027,18.9895210266113,-9999,-9999,-9999,-9999,-9999,-9999,-9999,-9999,-9999,-9999,-9999,-9999,-9999,-9999,-9999
-9999,-9999,-9999,-9999,30.867317199707,30.9126815795898,31.4236736297607,36.1361618041992,40.4399337768555,40.4810981750488,40.2735214233398,40.3655052185059,40.3487243652344,40.1483917236328,39.6129264831543,-9999,-9999,-9999,-9999,-9999,-9999,-9999,-9999,-9999,-9999,-9999,-9999,-9999,-9999,-9999,-9999,-9999,-9999,-9999,-9999,-9999,-9999,-9999,-9999,-9999,-9999,-9999,-9999,-9999,-9999,-9999,-9999,-9999,-9999,-9999,-9999,-9999,-9999,-9999,-9999,-9999,-9999,-9999,-9999,-9999,-9999,-9999,-9999,-9999,-9999,-9999,-9999,-9999,-9999,-9999,-9999,-9999,-9999,-9999,-9999,-9999,-9999,-9999,-9999,-9999,-9999,-9999,-9999,-9999,-9999,-9999,-9999,-9999,-9999,-9999,-9999,-9999,-9999,-9999,-9999,-9999,-9999,35.7062034606934,35.9343414306641,35.9771537780762,36.0883560180664,36.2999305725098,36.553768157959,36.8426551818848,36.7566108703613,36.3750381469727,32.1154403686523,25.9569263458252,24.3060512542725,23.0797863006592,18.5794830322266,14.2945537567139,15.0448789596558,15.840615272522,15.9228687286377,16.6197032928467,13.6566133499146,-9999,-9999,-9999,-9999,-9999,-9999,-9999,-9999,-9999,-9999,-9999,-9999,-9999,-9999
-9999,-9999,-9999,-9999,31.132173538208,31.1847286224365,32.0060729980469,36.7533683776855,40.4113960266113,40.424446105957,40.2344093322754,40.5676460266113,40.5697898864746,39.8657646179199,39.0198249816895,-9999,-9999,-9999,-9999,-9999,-9999,-9999,-9999,-9999,-9999,-9999,-9999,-9999,-9999,-9999,-9999,-9999,-9999,-9999,-9999,-9999,-9999,-9999,-9999,-9999,-9999,-9999,-9999,-9999,-9999,-9999,-9999,-9999,-9999,-9999,-9999,-9999,-9999,-9999,-9999,-9999,-9999,-9999,-9999,-9999,-9999,-9999,-9999,-9999,-9999,-9999,-9999,-9999,-9999,-9999,-9999,-9999,-9999,-9999,-9999,-9999,-9999,-9999,-9999,-9999,-9999,-9999,-9999,-9999,-9999,-9999,-9999,-9999,-9999,-9999,-9999,-9999,-9999,-9999,-9999,-9999,-9999,35.3082466125488,35.5564765930176,35.5827713012695,35.610107421875,35.6295547485352,35.6740913391113,35.7396697998047,35.7026634216309,35.5789947509766,31.7228450775146,26.1588039398193,24.3368320465088,22.9412670135498,17.6047897338867,12.6431150436401,15.044469833374,16.7376403808594,17.2226142883301,17.8727836608887,18.6082916259766,13.9520778656006,-9999,-9999,-9999,-9999,-9999,-9999,-9999,-9999,-9999,-9999,-9999,-9999,-9999
-9999,-9999,-9999,-9999,26.6668968200684,31.1593627929688,32.4477729797363,35.9795837402344,38.9134101867676,39.1314506530762,39.1961822509766,40.0748443603516,40.3750610351563,39.5403137207031,-9999,-9999,-9999,-9999,-9999,-9999,-9999,-9999,-9999,-9999,-9999,-9999,-9999,-9999,-9999,-9999,-9999,-9999,-9999,-9999,-9999,-9999,-9999,-9999,-9999,-9999,-9999,-9999,-9999,-9999,-9999,-9999,-9999,-9999,-9999,-9999,-9999,-9999,-9999,-9999,-9999,-9999,-9999,-9999,-9999,-9999,-9999,-9999,-9999,-9999,-9999,-9999,-9999,-9999,-9999,-9999,-9999,-9999,-9999,-9999,-9999,-9999,-9999,-9999,-9999,-9999,-9999,-9999,-9999,-9999,-9999,-9999,-9999,-9999,-9999,-9999,-9999,-9999,-9999,-9999,-9999,-9999,-9999,34.8737335205078,35.1401672363281,35.1812629699707,35.1784057617188,35.0937652587891,35.0897254943848,35.1641960144043,34.9952163696289,34.6698799133301,32.4670906066895,29.5046730041504,26.3608837127686,22.9302864074707,18.5201034545898,14.5842819213867,15.3299074172974,15.8684434890747,16.5662021636963,17.3305988311768,18.3952617645264,18.895694732666,17.0564098358154,16.6325664520264,-9999,-9999,-9999,-9999,-9999,-9999,-9999,-9999,-9999,-9999,-9999
-9999,-9999,-9999,-9999,29.2183666229248,31.4554443359375,32.5692825317383,34.4378280639648,36.1537742614746,36.6521301269531,37.3203315734863,39.0290718078613,39.8636283874512,39.1830139160156,-9999,-9999,-9999,-9999,-9999,-9999,-9999,-9999,-9999,-9999,-9999,-9999,-9999,-9999,-9999,-9999,-9999,-9999,-9999,-9999,-9999,-9999,-9999,-9999,-9999,-9999,-9999,-9999,-9999,-9999,-9999,-9999,-9999,-9999,-9999,-9999,-9999,-9999,-9999,-9999,-9999,-9999,-9999,-9999,-9999,-9999,-9999,-9999,-9999,-9999,-9999,-9999,-9999,-9999,-9999,-9999,-9999,-9999,-9999,-9999,-9999,-9999,-9999,-9999,-9999,-9999,-9999,-9999,-9999,-9999,-9999,-9999,-9999,-9999,-9999,-9999,-9999,-9999,-9999,-9999,-9999,-9999,-9999,-9999,34.6920318603516,34.7727355957031,34.7810401916504,34.6643371582031,34.741943359375,35.0088844299316,34.555908203125,33.6377143859863,33.944034576416,34.5354194641113,29.6039218902588,23.1330451965332,21.1938495635986,18.9176979064941,15.7916126251221,13.7835826873779,14.1280536651611,15.4852619171143,17.6742782592773,18.5539646148682,19.0148143768311,-9999,-9999,-9999,-9999,-9999,-9999,-9999,-9999,-9999,-9999,-9999,-9999
-9999,-9999,-9999,-9999,28.637825012207,30.6387424468994,30.5614318847656,31.1395244598389,32.4348945617676,34.7208557128906,36.8979148864746,38.2753448486328,38.9604530334473,38.7340888977051,-9999,-9999,-9999,-9999,-9999,-9999,-9999,-9999,-9999,-9999,-9999,-9999,-9999,-9999,-9999,-9999,-9999,-9999,-9999,-9999,-9999,-9999,-9999,-9999,-9999,-9999,-9999,-9999,-9999,-9999,-9999,-9999,-9999,-9999,-9999,-9999,-9999,-9999,-9999,-9999,-9999,-9999,-9999,-9999,-9999,-9999,-9999,-9999,-9999,-9999,-9999,-9999,-9999,-9999,-9999,-9999,-9999,-9999,-9999,-9999,-9999,-9999,-9999,-9999,-9999,-9999,-9999,-9999,-9999,-9999,-9999,-9999,-9999,-9999,-9999,-9999,-9999,-9999,-9999,-9999,-9999,-9999,-9999,-9999,34.2837219238281,34.3798904418945,34.401496887207,34.295352935791,34.4229736328125,34.7719421386719,34.5312919616699,33.9222755432129,34.7857933044434,35.9656524658203,30.624963760376,23.3872222900391,22.0200729370117,20.0991382598877,15.4356145858765,12.1131153106689,12.361011505127,13.8151979446411,16.9503784179688,23.416088104248,31.9094390869141,29.7092704772949,34.3667030334473,-9999,-9999,-9999,-9999,-9999,-9999,-9999,-9999,-9999,-9999
-9999,-9999,-9999,-9999,-9999,22.0870304107666,28.0440902709961,29.0301570892334,28.7153186798096,33.2207298278809,36.82958984375,37.4872894287109,37.852424621582,38.2367858886719,-9999,-9999,-9999,-9999,-9999,-9999,-9999,-9999,-9999,-9999,-9999,-9999,-9999,-9999,-9999,-9999,-9999,-9999,-9999,-9999,-9999,-9999,-9999,-9999,-9999,-9999,-9999,-9999,-9999,-9999,-9999,-9999,-9999,-9999,-9999,-9999,-9999,-9999,-9999,-9999,-9999,-9999,-9999,-9999,-9999,-9999,-9999,-9999,-9999,-9999,-9999,-9999,-9999,-9999,-9999,-9999,-9999,-9999,-9999,-9999,-9999,-9999,-9999,-9999,-9999,-9999,-9999,-9999,-9999,-9999,-9999,-9999,-9999,-9999,-9999,-9999,-9999,-9999,-9999,-9999,-9999,-9999,-9999,-9999,33.8893432617188,33.9908752441406,34.026969909668,33.954402923584,34.1164474487305,34.4969253540039,34.690357208252,34.7633628845215,35.4288749694824,36.113452911377,30.7662696838379,23.7622756958008,22.0512275695801,19.9337825775146,14.9659070968628,11.0164575576782,10.8330144882202,12.274564743042,16.0807952880859,23.1231002807617,31.4826393127441,34.2867050170898,35.1679725646973,32.2391510009766,-9999,-9999,-9999,-9999,-9999,-9999,-9999,-9999,-9999
-9999,-9999,-9999,-9999,-9999,25.1706466674805,26.523889541626,26.2549800872803,27.6639976501465,32.9649848937988,36.8325119018555,37.1701354980469,37.5530624389648,38.0389022827148,-9999,-9999,-9999,-9999,-9999,-9999,-9999,-9999,-9999,-9999,-9999,-9999,-9999,-9999,-9999,-9999,-9999,-9999,-9999,-9999,-9999,-9999,-9999,-9999,-9999,-9999,-9999,-9999,-9999,-9999,-9999,-9999,-9999,-9999,-9999,-9999,-9999,-9999,-9999,-9999,-9999,-9999,-9999,-9999,-9999,-9999,-9999,-9999,-9999,-9999,-9999,-9999,-9999,-9999,-9999,-9999,-9999,-9999,-9999,-9999,-9999,-9999,-9999,-9999,-9999,-9999,-9999,-9999,-9999,-9999,-9999,-9999,-9999,-9999,-9999,-9999,-9999,-9999,-9999,-9999,-9999,-9999,-9999,-9999,33.501781463623,33.6110229492188,33.6656799316406,33.637378692627,33.7797927856445,34.0762596130371,34.2804336547852,34.414134979248,35.119457244873,35.8375549316406,30.7834205627441,24.0189971923828,22.3357391357422,20.0542373657227,14.6049957275391,10.9217872619629,11.5528631210327,13.533673286438,16.9346618652344,22.4120330810547,28.9336280822754,33.3890838623047,37.0546455383301,37.4892921447754,-9999,-9999,-9999,-9999,-9999,-9999,-9999,-9999,-9999
-9999,-9999,-9999,-9999,-9999,25.0926952362061,25.2343788146973,26.1234092712402,27.2681102752686,32.8729248046875,36.8607444763184,37.1179504394531,37.4210968017578,37.9044990539551,-9999,-9999,-9999,-9999,-9999,-9999,-9999,-9999,-9999,-9999,-9999,-9999,-9999,-9999,-9999,-9999,-9999,-9999,-9999,-9999,-9999,-9999,-9999,-9999,-9999,-9999,-9999,-9999,-9999,-9999,-9999,-9999,-9999,-9999,-9999,-9999,-9999,-9999,-9999,-9999,-9999,-9999,-9999,-9999,-9999,-9999,-9999,-9999,-9999,-9999,-9999,-9999,-9999,-9999,-9999,-9999,-9999,-9999,-9999,-9999,-9999,-9999,-9999,-9999,-9999,-9999,-9999,-9999,-9999,-9999,-9999,-9999,-9999,-9999,-9999,-9999,-9999,-9999,-9999,-9999,-9999,-9999,-9999,-9999,-9999,33.228702545166,33.3037300109863,33.3238372802734,33.4349517822266,33.6235504150391,33.7455902099609,33.8056259155273,34.6418380737305,35.5202369689941,30.7192325592041,24.3017768859863,22.6145839691162,20.3075637817383,14.6853971481323,11.0456848144531,12.841456413269,15.4719266891479,18.4391174316406,21.9659976959229,25.9248828887939,31.3429927825928,36.696834564209,37.8181762695313,-9999,-9999,-9999,-9999,-9999,-9999,-9999,-9999,-9999
-9999,-9999,-9999,-9999,-9999,-9999,24.2710609436035,24.5753059387207,25.9154567718506,32.1994400024414,36.3926696777344,36.8381309509277,37.1718444824219,-9999,-9999,-9999,-9999,-9999,-9999,-9999,-9999,-9999,-9999,-9999,-9999,-9999,-9999,-9999,-9999,-9999,-9999,-9999,-9999,-9999,-9999,-9999,-9999,-9999,-9999,-9999,-9999,-9999,-9999,-9999,-9999,-9999,-9999,-9999,-9999,-9999,-9999,-9999,-9999,-9999,-9999,-9999,-9999,-9999,-9999,-9999,-9999,-9999,-9999,-9999,-9999,-9999,-9999,-9999,-9999,-9999,-9999,-9999,-9999,-9999,-9999,-9999,-9999,-9999,-9999,-9999,-9999,-9999,-9999,-9999,-9999,-9999,-9999,-9999,-9999,-9999,-9999,-9999,-9999,-9999,-9999,-9999,-9999,-9999,-9999,32.9588165283203,33.059196472168,33.1195869445801,33.2190093994141,33.3467140197754,33.6679878234863,34.0820960998535,34.604190826416,35.0035667419434,30.4699554443359,24.5824890136719,22.973783493042,21.0825157165527,17.9155616760254,15.1060972213745,13.599193572998,13.2584867477417,14.8780536651611,19.355640411377,25.6967334747314,29.5739974975586,33.127815246582,33.8090286254883,-9999,-9999,-9999,-9999,-9999,-9999,-9999,-9999,-9999
-9999,-9999,-9999,-9999,-9999,-9999,22.8552207946777,22.6704483032227,24.6324806213379,31.2422771453857,36.0482978820801,36.5563621520996,36.9061470031738,-9999,-9999,-9999,-9999,-9999,-9999,-9999,-9999,-9999,-9999,-9999,-9999,-9999,-9999,-9999,-9999,-9999,-9999,-9999,-9999,-9999,-9999,-9999,-9999,-9999,-9999,-9999,-9999,-9999,-9999,-9999,-9999,-9999,-9999,-9999,-9999,-9999,-9999,-9999,-9999,-9999,-9999,-9999,-9999,-9999,-9999,-9999,-9999,-9999,-9999,-9999,-9999,-9999,-9999,-9999,-9999,-9999,-9999,-9999,-9999,-9999,-9999,-9999,-9999,-9999,-9999,-9999,-9999,-9999,-9999,-9999,-9999,-9999,-9999,-9999,-9999,-9999,-9999,-9999,-9999,-9999,-9999,-9999,-9999,-9999,-9999,32.7024993896484,32.8254661560059,32.9167404174805,33.0044631958008,33.0815010070801,33.5902252197266,34.3322563171387,34.5529441833496,34.5076599121094,30.2497901916504,24.8348941802979,23.3536968231201,21.845043182373,20.6170806884766,18.5599956512451,14.190357208252,11.2723665237427,11.3355941772461,16.5658168792725,24.963659286499,27.5148811340332,27.9125785827637,24.0128784179688,17.7429294586182,15.9705514907837,-9999,-9999,-9999,-9999,-9999,-9999,-9999
-9999,-9999,-9999,-9999,-9999,-9999,21.5164241790771,21.898530960083,22.9404907226563,30.24267578125,35.2810897827148,36.009651184082,36.626594543457,-9999,-9999,-9999,-9999,-9999,-9999,-9999,-9999,-9999,-9999,-9999,-9999,-9999,-9999,-9999,-9999,-9999,-9999,-9999,-9999,-9999,-9999,-9999,-9999,-9999,-9999,-9999,-9999,-9999,-9999,-9999,-9999,-9999,-9999,-9999,-9999,-9999,-9999,-9999,-9999,-9999,-9999,-9999,-9999,-9999,-9999,-9999,-9999,-9999,-9999,-9999,-9999,-9999,-9999,-9999,-9999,-9999,-9999,-9999,-9999,-9999,-9999,-9999,-9999,-9999,-9999,-9999,-9999,-9999,-9999,-9999,-9999,-9999,-9999,-9999,-9999,-9999,-9999,-9999,-9999,-9999,-9999,-9999,-9999,-9999,-9999,32.5685958862305,32.6621322631836,32.6868934631348,32.747486114502,32.8310737609863,33.3203125,34.0307884216309,34.2597236633301,34.2689437866211,30.1621055603027,24.9747829437256,23.6088562011719,22.2263870239258,20.9576263427734,18.7399024963379,13.964937210083,11.629168510437,12.8992118835449,16.0808067321777,20.6460113525391,21.7597236633301,21.6428756713867,19.5919780731201,17.3059463500977,13.2319040298462,7.96141195297241,-9999,-9999,-9999,-9999,-9999,-9999
-9999,-9999,-9999,-9999,-9999,-9999,-9999,-9999,-9999,-9999,-9999,-9999,-9999,-9999,-9999,-9999,-9999,-9999,-9999,-9999,-9999,-9999,-9999,-9999,-9999,-9999,-9999,-9999,-9999,-9999,-9999,-9999,-9999,-9999,-9999,-9999,-9999,-9999,-9999,-9999,-9999,-9999,-9999,-9999,-9999,-9999,-9999,-9999,-9999,-9999,-9999,-9999,-9999,-9999,-9999,-9999,-9999,-9999,-9999,-9999,-9999,-9999,-9999,-9999,-9999,-9999,-9999,-9999,-9999,-9999,-9999,-9999,-9999,-9999,-9999,-9999,-9999,-9999,-9999,-9999,-9999,-9999,-9999,-9999,-9999,-9999,-9999,-9999,-9999,-9999,-9999,-9999,-9999,-9999,-9999,-9999,-9999,-9999,-9999,-9999,32.4870948791504,32.4572868347168,32.5007820129395,32.6031303405762,33.0860557556152,33.7771682739258,33.9941368103027,33.9832077026367,30.5940284729004,26.3962955474854,24.4791564941406,22.5583171844482,21.2081699371338,18.9042186737061,13.7104339599609,11.6980094909668,13.6114883422852,15.116382598877,16.3614253997803,15.9512205123901,14.7221641540527,15.0414047241211,15.9099626541138,9.71806812286377,7.60224103927612,2.97486400604248,-9999,-9999,-9999,-9999,-9999
-9999,-9999,-9999,-9999,-9999,-9999,-9999,-9999,-9999,-9999,-9999,-9999,-9999,-9999,-9999,-9999,-9999,-9999,-9999,-9999,-9999,-9999,-9999,-9999,-9999,-9999,-9999,-9999,-9999,-9999,-9999,-9999,-9999,-9999,-9999,-9999,-9999,-9999,-9999,-9999,-9999,-9999,-9999,-9999,-9999,-9999,-9999,-9999,-9999,-9999,-9999,-9999,-9999,-9999,-9999,-9999,-9999,-9999,-9999,-9999,-9999,-9999,-9999,-9999,-9999,-9999,-9999,-9999,-9999,-9999,-9999,-9999,-9999,-9999,-9999,-9999,-9999,-9999,-9999,-9999,-9999,-9999,-9999,-9999,-9999,-9999,-9999,-9999,-9999,-9999,-9999,-9999,-9999,-9999,-9999,-9999,-9999,-9999,-9999,-9999,32.2757759094238,32.2344551086426,32.3031730651855,32.4690017700195,32.9918746948242,33.7068481445313,33.8790512084961,33.8132095336914,33.0314826965332,32.0391998291016,27.429780960083,22.8258266448975,21.5153694152832,19.1295680999756,13.9338006973267,11.4205846786499,13.0422611236572,13.6392459869385,13.5176753997803,12.0876379013062,10.1093788146973,9.78222370147705,9.74421787261963,7.10328578948975,3.42388534545898,3.23243165016174,2.76770353317261,-9999,-9999,-9999,-9999
-9999,-9999,-9999,-9999,-9999,-9999,-9999,-9999,-9999,-9999,-9999,-9999,-9999,-9999,-9999,-9999,-9999,-9999,-9999,-9999,-9999,-9999,-9999,-9999,-9999,-9999,-9999,-9999,-9999,-9999,-9999,-9999,-9999,-9999,-9999,-9999,-9999,-9999,-9999,-9999,-9999,-9999,-9999,-9999,-9999,-9999,-9999,-9999,-9999,-9999,-9999,-9999,-9999,-9999,-9999,-9999,-9999,-9999,-9999,-9999,-9999,-9999,-9999,-9999,-9999,-9999,-9999,-9999,-9999,-9999,-9999,-9999,-9999,-9999,-9999,-9999,-9999,-9999,-9999,-9999,-9999,-9999,-9999,-9999,-9999,-9999,-9999,-9999,-9999,-9999,-9999,-9999,-9999,-9999,-9999,-9999,-9999,-9999,-9999,-9999,32.0826988220215,32.0538749694824,32.1445198059082,32.3573989868164,32.7979965209961,33.3607406616211,33.6164970397949,33.703239440918,34.535343170166,35.2491111755371,29.278434753418,23.0610103607178,21.8561000823975,19.5774745941162,14.2029438018799,11.4356603622437,12.5903005599976,12.3375225067139,10.9501104354858,9.15674591064453,7.33438968658447,6.18893432617188,5.12856769561768,4.24185943603516,3.36436104774475,2.70055365562439,2.53058624267578,-9999,-9999,-9999,-9999
-9999,-9999,-9999,-9999,-9999,-9999,-9999,-9999,-9999,-9999,-9999,-9999,-9999,-9999,-9999,-9999,-9999,-9999,-9999,-9999,-9999,-9999,-9999,-9999,-9999,-9999,-9999,-9999,-9999,-9999,-9999,-9999,-9999,-9999,-9999,-9999,-9999,-9999,-9999,-9999,-9999,-9999,-9999,-9999,-9999,-9999,-9999,-9999,-9999,-9999,-9999,-9999,-9999,-9999,-9999,-9999,-9999,-9999,-9999,-9999,-9999,-9999,-9999,-9999,-9999,-9999,-9999,-9999,-9999,-9999,-9999,-9999,-9999,-9999,-9999,-9999,-9999,-9999,-9999,-9999,-9999,-9999,-9999,-9999,-9999,-9999,-9999,-9999,-9999,-9999,-9999,-9999,-9999,-9999,-9999,-9999,-9999,-9999,-9999,-9999,-9999,31.950963973999,32.0702743530273,32.2931213378906,32.4141120910645,32.4726371765137,33.0573539733887,33.6971664428711,34.5988655090332,35.3169746398926,29.4076690673828,23.2802677154541,22.1660652160645,19.9328022003174,14.5994348526001,11.6048383712769,12.536566734314,11.7199420928955,9.4561767578125,8.44370269775391,7.8669753074646,6.26524448394775,3.84378623962402,3.37867212295532,2.87344431877136,2.53623580932617,2.29180026054382,-9999,-9999,3.29260110855103,3.33924198150635
-9999,-9999,-9999,-9999,-9999,-9999,-9999,-9999,-9999,-9999,-9999,-9999,-9999,-9999,-9999,-9999,-9999,-9999,-9999,-9999,-9999,-9999,-9999,-9999,-9999,-9999,-9999,-9999,-9999,-9999,-9999,-9999,-9999,-9999,-9999,-9999,-9999,-9999,-9999,-9999,-9999,-9999,-9999,-9999,-9999,-9999,-9999,-9999,-9999,-9999,-9999,-9999,-9999,-9999,-9999,-9999,-9999,-9999,-9999,-9999,-9999,-9999,-9999,-9999,-9999,-9999,-9999,-9999,-9999,-9999,-9999,-9999,-9999,-9999,-9999,-9999,-9999,-9999,-9999,-9999,-9999,-9999,-9999,-9999,-9999,-9999,-9999,-9999,-9999,-9999,-9999,-9999,-9999,-9999,-9999,-9999,-9999,-9999,-9999,-9999,-9999,-9999,32.0140686035156,32.1902313232422,32.1461372375488,31.9601783752441,32.6820907592773,33.5658531188965,34.561882019043,35.36181640625,29.587272644043,23.3282852172852,20.2097129821777,16.7698440551758,12.5829048156738,10.293176651001,10.7724990844727,9.71169567108154,7.59504795074463,6.923011302948,7.00404787063599,5.56355285644531,3.05669498443604,2.92677712440491,2.76350617408752,2.60268974304199,2.61024951934814,2.98480439186096,3.25548195838928,3.28571844100952,3.35926699638367
-9999,-9999,-9999,-9999,-9999,-9999,-9999,-9999,-9999,-9999,-9999,-9999,-9999,-9999,-9999,-9999,-9999,-9999,-9999,-9999,-9999,-9999,-9999,-9999,-9999,-9999,-9999,-9999,-9999,-9999,-9999,-9999,-9999,-9999,-9999,-9999,-9999,-9999,-9999,-9999,-9999,-9999,-9999,-9999,-9999,-9999,-9999,-9999,-9999,-9999,-9999,-9999,-9999,-9999,-9999,-9999,-9999,-9999,-9999,-9999,-9999,-9999,-9999,-9999,-9999,-9999,-9999,-9999,-9999,-9999,-9999,-9999,-9999,-9999,-9999,-9999,-9999,-9999,-9999,-9999,-9999,-9999,-9999,-9999,-9999,-9999,-9999,-9999,-9999,-9999,-9999,-9999,-9999,-9999,-9999,-9999,-9999,-9999,-9999,-9999,-9999,-9999,-9999,32.0468254089355,32.0087814331055,31.8917694091797,32.5036392211914,33.214599609375,34.4300422668457,35.4371795654297,29.8726139068604,23.2268466949463,15.420392036438,8.98301219940186,7.87745666503906,7.29842138290405,7.62235403060913,6.81363296508789,4.74642992019653,4.02156448364258,4.31998157501221,4.00398349761963,3.33741188049316,3.06201720237732,3.17064523696899,3.14027380943298,3.17233276367188,3.21950459480286,3.15613484382629,2.96538066864014,2.83142423629761
-9999,-9999,-9999,-9999,-9999,-9999,-9999,-9999,-9999,-9999,-9999,-9999,-9999,-9999,-9999,-9999,-9999,-9999,-9999,-9999,-9999,-9999,-9999,-9999,-9999,-9999,-9999,-9999,-9999,-9999,-9999,-9999,-9999,-9999,-9999,-9999,-9999,-9999,-9999,-9999,-9999,-9999,-9999,-9999,-9999,-9999,-9999,-9999,-9999,-9999,-9999,-9999,-9999,-9999,-9999,-9999,-9999,-9999,-9999,-9999,-9999,-9999,-9999,-9999,-9999,-9999,-9999,-9999,-9999,-9999,-9999,-9999,-9999,-9999,-9999,-9999,-9999,-9999,-9999,-9999,-9999,-9999,-9999,-9999,-9999,-9999,-9999,-9999,-9999,-9999,-9999,-9999,-9999,-9999,-9999,-9999,-9999,-9999,-9999,-9999,-9999,-9999,-9999,31.911226272583,31.9586277008057,32.0332794189453,32.390697479248,32.7465705871582,33.8794975280762,34.8979721069336,29.7543754577637,23.3345813751221,13.6547899246216,6.1609411239624,6.63402700424194,6.7432427406311,6.81327962875366,6.02089786529541,3.52847695350647,2.6987681388855,2.86916828155518,3.02393436431885,3.13242053985596,3.16756296157837,3.16722536087036,3.20392847061157,3.1954345703125,2.90197277069092,4.472252368927,9.48732280731201,15.011757850647
-9999,-9999,-9999,-9999,-9999,-9999,-9999,-9999,-9999,-9999,-9999,-9999,-9999,-9999,-9999,-9999,-9999,-9999,-9999,-9999,-9999,-9999,-9999,-9999,-9999,-9999,-9999,-9999,-9999,-9999,-9999,-9999,-9999,-9999,-9999,-9999,-9999,-9999,-9999,-9999,-9999,-9999,-9999,-9999,-9999,-9999,-9999,-9999,-9999,-9999,-9999,-9999,-9999,-9999,-9999,-9999,-9999,-9999,-9999,-9999,-9999,-9999,-9999,-9999,-9999,-9999,-9999,-9999,-9999,-9999,-9999,-9999,-9999,-9999,-9999,-9999,-9999,-9999,-9999,-9999,-9999,-9999,-9999,-9999,-9999,-9999,-9999,-9999,-9999,-9999,-9999,-9999,-9999,-9999,-9999,-9999,-9999,-9999,-9999,-9999,-9999,-9999,-9999,-9999,31.9807147979736,32.3115539550781,32.4607353210449,32.5008888244629,33.0564842224121,33.9348411560059,29.360710144043,22.8257675170898,13.3659648895264,6.52735996246338,7.26797580718994,7.61022186279297,7.62179613113403,6.57465362548828,3.71155762672424,2.57123303413391,2.67837524414063,2.65035796165466,2.70021390914917,2.4624559879303,2.41461253166199,2.39221930503845,2.3916757106781,2.10874032974243,6.64660978317261,20.1744804382324,30.8246116638184
-9999,-9999,-9999,-9999,-9999,-9999,-9999,-9999,-9999,-9999,-9999,-9999,-9999,-9999,-9999,-9999,-9999,-9999,-9999,-9999,-9999,-9999,-9999,-9999,-9999,-9999,-9999,-9999,-9999,-9999,-9999,-9999,-9999,-9999,-9999,-9999,-9999,-9999,-9999,-9999,-9999,-9999,-9999,-9999,-9999,-9999,-9999,-9999,-9999,-9999,-9999,-9999,-9999,-9999,-9999,-9999,-9999,-9999,-9999,-9999,-9999,-9999,-9999,-9999,-9999,-9999,-9999,-9999,-9999,-9999,-9999,-9999,-9999,-9999,-9999,-9999,-9999,-9999,-9999,-9999,-9999,-9999,-9999,-9999,-9999,-9999,-9999,-9999,-9999,-9999,-9999,-9999,-9999,-9999,-9999,-9999,-9999,-9999,-9999,-9999,-9999,-9999,-9999,-9999,-9999,-9999,32.2184562683105,32.1236152648926,32.6790428161621,33.237865447998,30.3431568145752,25.8431167602539,18.7803974151611,13.253378868103,11.5619821548462,10.5491218566895,10.7709808349609,9.89902305603027,8.06740283966064,8.66611289978027,10.9201707839966,11.1604928970337,10.488730430603,12.0697336196899,14.2210083007813,15.6497077941895,16.5968265533447,16.0729236602783,18.3764305114746,26.1968040466309,32.670036315918
-9999,-9999,-9999,-9999,-9999,-9999,-9999,-9999,-9999,-9999,-9999,-9999,-9999,-9999,-9999,-9999,-9999,-9999,-9999,-9999,-9999,-9999,-9999,-9999,-9999,-9999,-9999,-9999,-9999,-9999,-9999,-9999,-9999,-9999,-9999,-9999,-9999,-9999,-9999,-9999,-9999,-9999,-9999,-9999,-9999,-9999,-9999,-9999,-9999,-9999,-9999,-9999,-9999,-9999,-9999,-9999,-9999,-9999,-9999,-9999,-9999,-9999,-9999,-9999,-9999,-9999,-9999,-9999,-9999,-9999,-9999,-9999,-9999,-9999,-9999,-9999,-9999,-9999,-9999,-9999,-9999,-9999,-9999,-9999,-9999,-9999,-9999,-9999,-9999,-9999,-9999,-9999,-9999,-9999,-9999,-9999,-9999,-9999,-9999,-9999,-9999,-9999,-9999,-9999,-9999,-9999,-9999,-9999,31.9185581207275,32.1737823486328,31.886739730835,31.1797180175781,27.6140155792236,23.1811962127686,17.7566394805908,14.6510353088379,15.4052305221558,15.4906215667725,14.4729633331299,17.659351348877,22.5788669586182,22.8714065551758,22.0280170440674,24.8092670440674,27.6523265838623,29.9265651702881,31.5859527587891,31.0109367370605,30.604621887207,30.5778884887695,-9999
-9999,-9999,-9999,-9999,-9999,-9999,-9999,-9999,-9999,-9999,-9999,-9999,-9999,-9999,-9999,-9999,-9999,-9999,-9999,-9999,-9999,-9999,-9999,-9999,-9999,-9999,-9999,-9999,-9999,-9999,-9999,-9999,-9999,-9999,-9999,-9999,-9999,-9999,-9999,-9999,-9999,-9999,-9999,-9999,-9999,-9999,-9999,-9999,-9999,-9999,-9999,-9999,-9999,-9999,-9999,-9999,-9999,-9999,-9999,-9999,-9999,-9999,-9999,-9999,-9999,-9999,-9999,-9999,-9999,-9999,-9999,-9999,-9999,-9999,-9999,-9999,-9999,-9999,-9999,-9999,-9999,-9999,-9999,-9999,-9999,-9999,-9999,-9999,-9999,-9999,-9999,-9999,-9999,-9999,-9999,-9999,-9999,-9999,-9999,-9999,-9999,-9999,-9999,-9999,-9999,-9999,-9999,-9999,-9999,-9999,31.653564453125,31.450366973877,29.6308746337891,27.4862823486328,24.5954704284668,22.8274822235107,22.949254989624,22.7755737304688,22.3279476165771,23.9909591674805,26.5796070098877,26.7807369232178,26.3817386627197,27.8566722869873,29.4057693481445,30.6895866394043,31.6398601531982,31.2526626586914,-9999,-9999,-9999
-9999,-9999,-9999,-9999,-9999,-9999,-9999,-9999,-9999,-9999,-9999,-9999,-9999,-9999,-9999,-9999,-9999,-9999,-9999,-9999,-9999,-9999,-9999,-9999,-9999,-9999,-9999,-9999,-9999,-9999,-9999,-9999,-9999,-9999,-9999,-9999,-9999,-9999,-9999,-9999,-9999,-9999,-9999,-9999,-9999,-9999,-9999,-9999,-9999,-9999,-9999,-9999,-9999,-9999,-9999,-9999,-9999,-9999,-9999,-9999,-9999,-9999,-9999,-9999,-9999,-9999,-9999,-9999,-9999,-9999,-9999,-9999,-9999,-9999,-9999,-9999,-9999,-9999,-9999,-9999,-9999,-9999,-9999,-9999,-9999,-9999,-9999,-9999,-9999,-9999,-9999,-9999,-9999,-9999,-9999,-9999,-9999,-9999,-9999,-9999,-9999,-9999,-9999,-9999,-9999,-9999,-9999,-9999,-9999,-9999,-9999,-9999,-9999,-9999,-9999,-9999,-9999,-9999,-9999,-9999,-9999,-9999,-9999,-9999,-9999,-9999,-9999,-9999,-9999,-9999,-9999
-9999,-9999,-9999,-9999,-9999,-9999,-9999,-9999,-9999,-9999,-9999,-9999,-9999,-9999,-9999,-9999,-9999,-9999,-9999,-9999,-9999,-9999,-9999,-9999,-9999,-9999,-9999,-9999,-9999,-9999,-9999,-9999,-9999,-9999,-9999,-9999,-9999,-9999,-9999,-9999,-9999,-9999,-9999,-9999,-9999,-9999,-9999,-9999,-9999,-9999,-9999,-9999,-9999,-9999,-9999,-9999,-9999,-9999,-9999,-9999,-9999,-9999,-9999,-9999,-9999,-9999,-9999,-9999,-9999,-9999,-9999,-9999,-9999,-9999,-9999,-9999,-9999,-9999,-9999,-9999,-9999,-9999,-9999,-9999,-9999,-9999,-9999,-9999,-9999,-9999,-9999,-9999,-9999,-9999,-9999,-9999,-9999,-9999,-9999,-9999,-9999,-9999,-9999,-9999,-9999,-9999,-9999,-9999,-9999,-9999,-9999,-9999,-9999,-9999,-9999,-9999,-9999,-9999,-9999,-9999,-9999,-9999,-9999,-9999,-9999,-9999,-9999,-9999,-9999,-9999,-9999

Step,325
Year,27.08333
-9999,-9999,-9999,-9999,-9999,-9999,-9999,-9999,-9999,-9999,-9999,-9999,-9999,-9999,-9999,-9999,-9999,-9999,-9999,-9999,-9999,-9999,-9999,-9999,-9999,-9999,-9999,-9999,-9999,-9999,-9999,-9999,-9999,-9999,-9999,-9999,-9999,-9999,-9999,-9999,-9999,-9999,-9999,-9999,-9999,-9999,-9999,-9999,-9999,-9999,-9999,-9999,-9999,-9999,-9999,-9999,-9999,-9999,-9999,-9999,-9999,-9999,-9999,-9999,-9999,-9999,-9999,-9999,-9999,-9999,-9999,-9999,-9999,-9999,-9999,-9999,-9999,-9999,-9999,-9999,-9999,-9999,-9999,-9999,-9999,-9999,-9999,-9999,-9999,-9999,-9999,-9999,-9999,-9999,-9999,-9999,-9999,-9999,-9999,-9999,-9999,-9999,-9999,-9999,-9999,-9999,-9999,-9999,-9999,-9999,-9999,-9999,-9999,-9999,-9999,-9999,-9999,-9999,-9999,-9999,-9999,-9999,-9999,-9999,-9999,-9999,-9999,-9999,-9999,-9999,-9999
-9999,-9999,-9999,-9999,-9999,-9999,-9999,-9999,-9999,-9999,-9999,-9999,-9999,-9999,-9999,-9999,-9999,-9999,-9999,-9999,-9999,-9999,-9999,-9999,-9999,-9999,-9999,-9999,-9999,-9999,-9999,-9999,-9999,-9999,-9999,-9999,-9999,-9999,-9999,-9999,-9999,-9999,-9999,-9999,-9999,-9999,-9999,-9999,-9999,-9999,-9999,-9999,-9999,-9999,-9999,-9999,-9999,-9999,-9999,-9999,-9999,-9999,-9999,-9999,-9999,-9999,-9999,-9999,-9999,-9999,-9999,-9999,-9999,-9999,-9999,-9999,-9999,-9999,-9999,-9999,-9999,-9999,-9999,-9999,-9999,-9999,-9999,-9999,-9999,-9999,-9999,-9999,-9999,-9999,-9999,-9999,-9999,-9999,-9999,-9999,-9999,-9999,-9999,-9999,-9999,-9999,-9999,-9999,-9999,-9999,-9999,-9999,-9999,-9999,-9999,-9999,-9999,-9999,-9999,-9999,-9999,-9999,-9999,-9999,-9999,-9999,-9999,-9999,-9999,-9999,-9999
-9999,-9999,-9999,-9999,-9999,-9999,-9999,-9999,-9999,-9999,-9999,-9999,-9999,-9999,-9999,-9999,-9999,-9999,-9999,-9999,-9999,-9999,-9999,-9999,-9999,-9999,-9999,-9999,-9999,-9999,-9999,-9999,-9999,-9999,-9999,-9999,-9999,-9999,-9999,-9999,-9999,-9999,-9999,-9999,-9999,-9999,-9999,-9999,-9999,-9999,-9999,-9999,-9999,-9999,-9999,-9999,-9999,-9999,-9999,-9999,-9999,-9999,-9999,-9999,-9999,-9999,-9999,-9999,-9999,-9999,-9999,-9999,-9999,-9999,36.9331398010254,37.5390625,-9999,-9999,-9999,-9999,-9999,-9999,-9999,-9999,-9999,-9999,-9999,-9999,-9999,-9999,-9999,-9999,-9999,-9999,-9999,-9999,-9999,-9999,-9999,-9999,-9999,-9999,-9999,-9999,-9999,-9999,-9999,-9999,-9999,-9999,-9999,-9999,-9999,-9999,-9999,-9999,-9999,-9999,-9999,-9999,-9999,-9999,-9999,-9999,-9999,-9999,-9999,-9999,-9999,-9999,-9999
-9999,-9999,-9999,-9999,-9999,-9999,-9999,-9999,-9999,-9999,-9999,-9999,-9999,-9999,-9999,-9999,-9999,-9999,-9999,-9999,-9999,-9999,-9999,-9999,-9999,-9999,-9999,-9999,-9999,-9999,-9999,-9999,-9999,-9999,-9999,-9999,-9999,-9999,-9999,-9999,-9999,-9999,-9999,-9999,-9999,-9999,-9999,-9999,-9999,-9999,-9999,-9999,-9999,-9999,-9999,-9999,-9999,-9999,-9999,-9999,-9999,-9999,-9999,-9999,-9999,-9999,-9999,-9999,-9999,-9999,-9999,-9999,-9999,-9999,37.9292526245117,37.7268409729004,-9999,-9999,-9999,-9999,-9999,-9999,-9999,-9999,-9999,-9999,-9999,-9999,-9999,-9999,-9999,-9999,-9999,-9999,-9999,-9999,-9999,-9999,-9999,-9999,-9999,-9999,-9999,-9999,-9999,-9999,-9999,-9999,-9999,-9999,-9999,-9999,-9999,-9999,-9999,-9999,-9999,-9999,-9999,-9999,-9999,-9999,-9999,-9999,-9999,-9999,-9999,-9999,-9999,-9999,-9999
-9999,-9999,-9999,-9999,-9999,-9999,-9999,-9999,-9999,-9999,-9999,-9999,-9999,-9999,-9999,-9999,-9999,-9999,-9999,-9999,-9999,-9999,-9999,-9999,-9999,-9999,-9999,-9999,-9999,-9999,-9999,-9999,-9999,-9999,-9999,-9999,-9999,-9999,-9999,-9999,-9999,-9999,-9999,-9999,-9999,-9999,-9999,-9999,-9999,-9999,-9999,-9999,-9999,-9999,-9999,-9999,6.17500462655324E-13,1.09005497961334E-08,1.08172697466102E-08,1.08029851730862E-08,-9999,-9999,-9999,-9999,-9999,38.6609725952148,38.177173614502,39.1383056640625,39.895751953125,37.3798866271973,35.9108505249023,32.6676750183105,32.5168533325195,31.9004173278809,35.6273574829102,34.447883605957,32.9752197265625,-9999,-9999,25.2149448394775,23.89328956604,22.9879684448242,23.61061668396,30.3972702026367,33.5226898193359,35.4994812011719,35.4372749328613,33.170482635498,25.0254402160645,-9999,-9999,-9999,-9999,-9999,-9999,-9999,-9999,-9999,-9999,-9999,-9999,-9999,-9999,-9999,-9999,-9999,-9999,-9999,-9999,-9999,-9999,-9999,-9999,-9999,-9999,-9999,-9999,-9999,-9999,-9999,-9999,-9999,-9999,-9999,-9999,-9999,-9999,-9999,-9999,-9999,-9999
-9999,-9999,-9999,-9999,-9999,-9999,-9999,-9999,-9999,-9999,-9999,-9999,-9999,-9999,-9999,-9999,-9999,-9999,-9999,-9999,-9999,-9999,-9999,-9999,-9999,-9999,-9999,-9999,-9999,-9999,-9999,-9999,-9999,-9999,-9999,-9999,-9999,-9999,-9999,-9999,-9999,-9999,-9999,-9999,-9999,-9999,-9999,-9999,-9999,-9999,-9999,-9999,-9999,-9999,-9999,7.13181141746844E-13,2.48471572206199E-08,0.000671671819873154,0.000667949032504112,0.000667300599161536,0.0013692396460101,44.7423057556152,-9999,44.0716247558594,42.1977310180664,42.0191764831543,41.2273445129395,40.8056106567383,40.0379371643066,39.4720497131348,36.2234420776367,35.2413558959961,35.9937782287598,34.9791793823242,34.6169319152832,35.0356674194336,33.7981948852539,33.376148223877,32.145938873291,29.6979789733887,26.3998508453369,23.5637340545654,26.7750225067139,29.8556346893311,34.0898628234863,36.3769874572754,36.2552337646484,33.9976844787598,28.5959606170654,22.4894218444824,15.9465475082397,-9999,-9999,-9999,-9999,-9999,-9999,-9999,-9999,-9999,-9999,-9999,-9999,-9999,-9999,-9999,-9999,-9999,-9999,-9999,-9999,-9999,-9999,-9999,-9999,-9999,-9999,-9999,-9999,-9999,-9999,-9999,-9999,-9999,-9999,-9999,-9999,-9999,-9999,-9999,-9999
-9999,-9999,-9999,-9999,-9999,-9999,-9999,-9999,-9999,-9999,-9999,-9999,-9999,-9999,-9999,-9999,-9999,-9999,-9999,-9999,-9999,-9999,-9999,-9999,-9999,-9999,-9999,-9999,-9999,-9999,-9999,-9999,-9999,-9999,-9999,-9999,-9999,-9999,-9999,-9999,-9999,-9999,-9999,-9999,-9999,-9999,-9999,-9999,-9999,-9999,-9999,-9999,-9999,-9999,-9999,1.44826870496217E-08,0.000772414903622121,45.8885650634766,45.8314208984375,45.8831939697266,46.0384254455566,45.4021797180176,44.1286125183105,44.4863624572754,42.684139251709,42.2608757019043,40.767692565918,40.5119895935059,39.8623428344727,38.5144653320313,37.4738693237305,37.1703453063965,36.7351188659668,36.5246391296387,36.0938453674316,35.6771621704102,34.824821472168,33.7054786682129,31.8379020690918,29.5224418640137,26.7014846801758,24.0671329498291,27.3317070007324,31.9302883148193,36.0306930541992,37.9222412109375,37.509105682373,35.0339660644531,29.3454475402832,22.8836631774902,15.9842357635498,13.9306840896606,18.0900650024414,-9999,-9999,-9999,-9999,-9999,-9999,-9999,-9999,-9999,29.5641345977783,30.5424556732178,32.7650032043457,-9999,-9999,-9999,-9999,-9999,-9999,-9999,-9999,-9999,-9999,-9999,-9999,-9999,-9999,-9999,-9999,-9999,-9999,-9999,-9999,-9999,-9999,-9999,-9999,-9999,-9999
-9999,-9999,-9999,-9999,-9999,-9999,-9999,-9999,-9999,-9999,-9999,-9999,-9999,-9999,-9999,-9999,-9999,-9999,-9999,-9999,-9999,-9999,-9999,-9999,-9999,-9999,-9999,-9999,-9999,-9999,-9999,39.3770370483398,-9999,-9999,-9999,40.0938568115234,-9999,-9999,-9999,-9999,-9999,-9999,-9999,-9999,-9999,-9999,-9999,-9999,-9999,-9999,-9999,-9999,-9999,-9999,-9999,-9999,-9999,45.455982208252,45.6820755004883,45.783016204834,-9999,46.1744422912598,45.5940322875977,44.707202911377,43.2830123901367,42.2077674865723,41.3211288452148,40.6654357910156,40.0513114929199,37.5990982055664,36.7031326293945,37.8365135192871,38.1664810180664,37.6993789672852,37.0318565368652,36.5814094543457,35.87646484375,35.0225524902344,34.5475959777832,34.807746887207,32.7125511169434,31.3791446685791,34.7349548339844,36.7992744445801,39.5374946594238,40.7796859741211,39.785831451416,37.4722137451172,32.8503684997559,29.569372177124,26.9963760375977,22.6462478637695,16.7226467132568,20.0597896575928,-9999,-9999,-9999,-9999,-9999,-9999,-9999,-9999,33.9592742919922,36.1204833984375,35.5278358459473,34.2661056518555,33.6219024658203,-9999,-9999,-9999,-9999,-9999,-9999,-9999,-9999,-9999,-9999,-9999,-9999,-9999,-9999,-9999,-9999,-9999,-9999,-9999,-9999,-9999,-9999,-9999,-9999
-9999,-9999,-9999,-9999,-9999,-9999,-9999,-9999,-9999,-9999,-9999,-9999,-9999,-9999,-9999,-9999,-9999,-9999,-9999,-9999,-9999,-9999,-9999,-9999,-9999,-9999,-9999,-9999,-9999,-9999,38.7746849060059,38.7889976501465,-9999,-9999,39.9276885986328,40.0746154785156,-9999,-9999,36.0568542480469,38.2271957397461,-9999,-9999,-9999,-9999,-9999,41.3841133117676,-9999,-9999,-9999,-9999,-9999,-9999,-9999,-9999,-9999,-9999,-9999,-9999,-9999,-9999,-9999,46.0357513427734,46.6001586914063,44.8229446411133,43.4329643249512,42.3733100891113,40.7599258422852,39.8193550109863,38.7630767822266,36.6379241943359,35.446891784668,38.3726501464844,39.9738426208496,39.513916015625,38.5686225891113,38.1382484436035,37.1505241394043,36.4058799743652,37.7881317138672,39.085319519043,39.7272415161133,38.8316764831543,39.7564392089844,40.7299385070801,41.8764839172363,42.3192596435547,41.4348487854004,39.7058181762695,36.4513168334961,35.541374206543,36.5912399291992,30.186695098877,18.1163520812988,20.0856494903564,24.3115539550781,-9999,-9999,-9999,-9999,-9999,34.8104019165039,35.3117294311523,35.4735450744629,35.9389686584473,36.982536315918,37.5502662658691,35.7953910827637,32.8864479064941,-9999,-9999,-9999,-9999,-9999,-9999,-9999,-9999,-9999,-9999,-9999,-9999,-9999,-9999,-9999,-9999,-9999,-9999,-9999,-9999,-9999,-9999,-9999
-9999,-9999,-9999,-9999,-9999,-9999,-9999,-9999,-9999,-9999,-9999,-9999,-9999,-9999,-9999,-9999,-9999,-9999,-9999,-9999,-9999,-9999,-9999,38.6432418823242,39.040283203125,-9999,-9999,-9999,-9999,38.5474090576172,38.4529457092285,38.8643798828125,39.0385932922363,39.7254257202148,39.9747886657715,40.0191116333008,37.7186660766602,35.6957244873047,36.0746383666992,-9999,38.6811790466309,41.0529098510742,-9999,-9999,40.9010772705078,41.4669647216797,41.932861328125,42.8657188415527,-9999,-9999,-9999,-9999,-9999,-9999,-9999,-9999,-9999,41.6556396484375,43.4933853149414,-9999,-9999,-9999,44.9086265563965,44.7210578918457,44.1229667663574,42.4626159667969,42.0113754272461,40.9215126037598,39.4679679870605,35.9045944213867,34.3535766601563,37.6990737915039,39.736083984375,40.4008674621582,40.0369758605957,39.3210792541504,38.7253799438477,37.748462677002,37.8537178039551,39.485725402832,39.9127464294434,39.9417839050293,40.9656982421875,41.8260116577148,42.2470397949219,42.3848915100098,42.0311737060547,40.9368057250977,38.3457374572754,36.7035827636719,35.8066749572754,31.2927436828613,24.2135543823242,23.336893081665,24.189115524292,21.2969627380371,20.8224201202393,22.2372264862061,22.8237037658691,24.7668533325195,29.6193695068359,34.9736366271973,35.0461959838867,35.6296653747559,36.2533721923828,37.5363273620605,38.1454315185547,35.3840789794922,33.7200622558594,34.6404266357422,-9999,-9999,-9999,-9999,-9999,-9999,-9999,-9999,-9999,-9999,-9999,-9999,-9999,-9999,-9999,-9999,-9999,-9999,-9999,-9999,-9999
-9999,-9999,-9999,-9999,-9999,-9999,-9999,-9999,-9999,-9999,-9999,-9999,-9999,-9999,-9999,-9999,-9999,-9999,-9999,-9999,-9999,-9999,38.7114219665527,38.4459075927734,37.9325180053711,39.8208541870117,40.2103843688965,37.8680305480957,38.0125389099121,38.4364166259766,38.4600372314453,38.3580513000488,37.7533149719238,38.4083023071289,38.4361190795898,37.6643867492676,35.5380935668945,35.5121307373047,35.5095748901367,36.0735511779785,37.3764457702637,39.7646827697754,40.755973815918,40.8537139892578,41.0910186767578,41.4775276184082,42.6953353881836,42.9888648986816,43.2840270996094,-9999,-9999,-9999,-9999,-9999,-9999,-9999,-9999,39.7854080200195,40.8895149230957,42.3021850585938,-9999,-9999,43.9298095703125,44.4926795959473,44.8797340393066,43.9802551269531,42.5562591552734,40.8896713256836,38.2084121704102,34.7788505554199,33.5560493469238,37.5058364868164,39.1093139648438,41.0498046875,40.9916496276855,40.4782638549805,39.7952499389648,39.2323379516602,39.3161659240723,38.6742973327637,39.8762054443359,41.023063659668,42.0069046020508,42.7025489807129,42.5635223388672,42.4699249267578,42.4625282287598,41.8378410339355,40.3609237670898,37.9523239135742,34.7498741149902,31.8156681060791,28.5292434692383,25.8682041168213,23.493688583374,22.270206451416,21.9394664764404,24.0478553771973,24.2388572692871,23.6810035705566,26.0180797576904,32.4473152160645,35.2874526977539,35.879638671875,36.4270133972168,37.0182647705078,37.8187942504883,39.0840873718262,37.04931640625,34.8846282958984,-9999,-9999,-9999,-9999,-9999,-9999,-9999,-9999,-9999,-9999,-9999,-9999,-9999,-9999,-9999,-9999,-9999,-9999,-9999,-9999,-9999
-9999,-9999,-9999,-9999,-9999,-9999,-9999,-9999,-9999,-9999,-9999,-9999,-9999,-9999,-9999,-9999,-9999,-9999,-9999,-9999,-9999,-9999,38.9878730773926,38.2047233581543,37.5064163208008,39.3217544555664,41.5029258728027,41.1601982116699,37.0322227478027,37.4760398864746,37.9062309265137,38.0146026611328,37.4966011047363,37.535400390625,37.6970329284668,36.2704658508301,35.4580612182617,35.1774063110352,34.6543769836426,35.5111427307129,36.6319808959961,38.728515625,39.9792098999023,40.6253814697266,40.7715759277344,41.2856254577637,41.5279846191406,42.8259201049805,43.2913703918457,43.1196670532227,43.040412902832,-9999,-9999,-9999,-9999,-9999,-9999,-9999,39.3820571899414,40.8470115661621,41.9976654052734,42.7970161437988,43.630744934082,44.1280403137207,45.1615142822266,44.2442932128906,42.257453918457,38.5481605529785,35.1599769592285,33.2236289978027,34.6978874206543,38.5578651428223,40.7410774230957,41.7658729553223,42.12939453125,42.2203369140625,41.8807907104492,41.4577713012695,40.894660949707,40.0802879333496,41.0849533081055,42.0432510375977,42.3691215515137,42.6139907836914,42.585636138916,42.5713081359863,42.5788497924805,42.0190277099609,40.8028869628906,38.1338500976563,33.558837890625,31.7115821838379,30.8480739593506,25.7519855499268,19.3910903930664,20.3250942230225,21.3051795959473,23.0548324584961,24.3102283477783,23.8818759918213,26.398286819458,33.0689888000488,36.6931533813477,38.5028076171875,37.9645118713379,35.9613189697266,36.6073684692383,38.2596588134766,38.7774772644043,35.8497085571289,38.6612663269043,-9999,-9999,-9999,-9999,-9999,-9999,-9999,-9999,-9999,-9999,-9999,-9999,-9999,-9999,-9999,-9999,-9999,-9999,-9999,-9999
-9999,-9999,-9999,-9999,-9999,-9999,-9999,-9999,-9999,-9999,-9999,-9999,-9999,-9999,-9999,-9999,-9999,-9999,-9999,-9999,-9999,-9999,39.1068344116211,38.7894554138184,36.6208992004395,35.9464721679688,42.2561111450195,44.3316307067871,40.3716468811035,38.547794342041,38.5958061218262,38.7112655639648,38.153636932373,37.7096061706543,37.2578392028809,36.6751441955566,36.0914039611816,35.8288497924805,35.7836112976074,36.3354682922363,37.1023941040039,38.2669525146484,39.2291984558105,39.7428245544434,39.8617248535156,40.0505714416504,40.5896301269531,40.1845397949219,41.4564971923828,42.8629684448242,43.1133232116699,-9999,-9999,-9999,-9999,39.6821441650391,39.8684425354004,39.1033401489258,39.0288314819336,39.713306427002,41.1671142578125,42.0253753662109,42.939510345459,44.2712707519531,44.3002853393555,42.5115661621094,40.8999710083008,36.4618453979492,33.7335929870605,35.398250579834,36.6463470458984,40.0965805053711,42.161994934082,43.1637878417969,43.523551940918,43.3386154174805,42.9263458251953,42.4024314880371,41.8315467834473,41.2383422851563,41.9765739440918,42.6527862548828,42.5709648132324,42.5170745849609,42.5677490234375,42.597225189209,42.5870819091797,42.1445388793945,41.2038650512695,38.704475402832,34.6649932861328,34.1623344421387,35.3614120483398,29.3394050598145,20.9192447662354,21.9509906768799,23.2064590454102,24.7340068817139,25.9974193572998,25.6766300201416,28.0248947143555,34.0555953979492,37.8928108215332,40.5139007568359,39.4619789123535,36.104175567627,37.2043190002441,39.4083480834961,40.1108894348145,39.3331413269043,39.2173080444336,40.5342025756836,-9999,-9999,-9999,-9999,-9999,-9999,-9999,-9999,-9999,-9999,-9999,-9999,-9999,-9999,-9999,-9999,-9999,-9999,-9999
-9999,-9999,-9999,-9999,-9999,-9999,-9999,-9999,-9999,-9999,-9999,-9999,-9999,-9999,-9999,-9999,-9999,-9999,-9999,-9999,-9999,37.7536468505859,39.2432441711426,38.496467590332,35.8054618835449,35.5391731262207,41.8238067626953,44.4686813354492,43.1498641967773,42.1297874450684,41.8501739501953,41.5008277893066,41.1810722351074,40.9617805480957,40.6944007873535,40.2170486450195,39.7057800292969,39.4175643920898,39.2451553344727,39.507568359375,39.2233085632324,37.2824172973633,36.9356231689453,38.3010215759277,38.917610168457,39.2119522094727,39.400707244873,39.4257011413574,39.6617774963379,39.9303779602051,40.0423965454102,40.2491493225098,40.3584747314453,40.0754356384277,40.2300720214844,39.8487205505371,39.1786804199219,39.1260223388672,39.0003700256348,39.008129119873,38.2486763000488,38.4056854248047,40.0557250976563,42.7608184814453,44.4496612548828,42.6415786743164,40.4971733093262,35.4162483215332,35.5814895629883,39.5757255554199,42.2519569396973,43.2130813598633,43.7006416320801,43.7102699279785,43.5730285644531,43.3298721313477,43.0312347412109,42.7105407714844,42.4151382446289,42.1216812133789,42.2384567260742,42.3612861633301,42.3867492675781,42.4139022827148,42.4482650756836,42.4319381713867,42.320384979248,42.0981903076172,41.7521553039551,40.9238510131836,39.7373733520508,39.7397804260254,40.1196708679199,37.7192230224609,33.8616752624512,30.98610496521,28.9130172729492,30.3973331451416,30.898717880249,30.6913681030273,32.2324371337891,35.3070449829102,38.4537544250488,41.2966423034668,41.1352920532227,39.0408058166504,41.0566711425781,43.6677284240723,42.3060493469238,40.1291961669922,40.5206909179688,39.85791015625,38.5981636047363,37.8676223754883,-9999,-9999,-9999,-9999,-9999,-9999,-9999,-9999,-9999,-9999,-9999,-9999,-9999,-9999,-9999,-9999,-9999
-9999,-9999,-9999,-9999,-9999,-9999,-9999,-9999,-9999,-9999,-9999,-9999,-9999,-9999,-9999,-9999,-9999,-9999,-9999,-9999,-9999,35.943603515625,35.409610748291,36.6939697265625,36.2005348205566,36.9013023376465,41.4731369018555,43.804859161377,43.4947052001953,43.1345291137695,42.6008644104004,42.2347755432129,42.1984748840332,41.9283599853516,41.5953750610352,41.2203216552734,40.7690887451172,40.5029067993164,40.3042144775391,40.2960357666016,39.7717437744141,38.0837669372559,37.1336402893066,37.6590576171875,38.0995140075684,38.693546295166,39.2697906494141,39.7929000854492,39.4352111816406,39.104736328125,39.3639335632324,39.4105644226074,39.4384918212891,39.437614440918,39.5562362670898,39.0326995849609,38.413215637207,38.0028762817383,37.6263236999512,36.7608833312988,36.4689712524414,37.806713104248,38.7695503234863,39.6283111572266,42.9535942077637,42.0580749511719,41.5786247253418,36.1619110107422,38.0011405944824,42.1949996948242,44.5782203674316,44.3816680908203,44.1102142333984,43.743465423584,-9999,-9999,-9999,-9999,-9999,-9999,-9999,42.0752067565918,42.1336135864258,42.1901550292969,42.2387657165527,42.2128715515137,42.0466766357422,41.9276237487793,41.8600158691406,41.8324584960938,41.8316078186035,41.7995796203613,41.7585258483887,41.1994857788086,39.7273406982422,35.952392578125,32.1879081726074,33.0255508422852,33.7105751037598,32.0045928955078,32.070686340332,33.8936462402344,36.6737518310547,39.884838104248,40.8053970336914,40.5425720214844,42.4606895446777,44.8130798339844,42.3867721557617,38.9820175170898,39.8301696777344,39.2294120788574,38.5470237731934,36.8084449768066,37.3799171447754,-9999,-9999,-9999,-9999,-9999,-9999,-9999,-9999,-9999,-9999,-9999,-9999,-9999,-9999,-9999,-9999
-9999,-9999,-9999,-9999,-9999,-9999,-9999,-9999,-9999,-9999,-9999,-9999,-9999,-9999,-9999,-9999,-9999,-9999,-9999,33.8133392333984,34.5915832519531,34.001838684082,33.4494781494141,33.3009185791016,37.0617561340332,39.8645935058594,40.7032699584961,41.0428810119629,40.7411499023438,40.3344230651855,40.0019950866699,39.8778228759766,39.8208236694336,39.519588470459,39.2610054016113,38.9032516479492,38.5415458679199,38.3099365234375,38.1255874633789,38.196704864502,38.8493232727051,40.9122505187988,41.4572792053223,39.2317504882813,38.4966049194336,39.1374893188477,40.04345703125,40.928352355957,39.790412902832,37.8161010742188,38.2368087768555,38.3851432800293,38.1914672851563,38.0874252319336,37.8378295898438,37.2445526123047,35.8828086853027,34.9214172363281,34.3547134399414,35.3857650756836,37.6810073852539,40.0924835205078,42.0660018920898,41.7078323364258,41.3321914672852,39.3821678161621,40.7459869384766,42.0444183349609,42.1803359985352,43.3443908691406,44.0286598205566,-9999,-9999,-9999,-9999,-9999,-9999,-9999,-9999,-9999,-9999,-9999,-9999,41.7911148071289,41.8984451293945,41.9160804748535,41.7646522521973,41.5783805847168,41.3534622192383,41.0906867980957,40.801342010498,40.7125816345215,40.7013206481934,40.7699089050293,40.8294525146484,37.3341598510742,33.8650169372559,34.3889427185059,33.8697624206543,29.0778942108154,26.3199119567871,27.8283405303955,30.4607601165771,33.6216926574707,37.321174621582,40.2843399047852,41.503978729248,42.336109161377,39.7762718200684,36.544605255127,38.6426010131836,40.4237937927246,40.6248550415039,34.70849609375,35.9846343994141,-9999,-9999,-9999,-9999,-9999,-9999,-9999,-9999,-9999,-9999,-9999,-9999,-9999,-9999,-9999,-9999
-9999,-9999,-9999,-9999,-9999,-9999,-9999,-9999,-9999,-9999,-9999,-9999,-9999,-9999,-9999,-9999,-9999,-9999,31.7802257537842,33.003116607666,33.0951080322266,35.0623626708984,33.6406097412109,32.7281799316406,36.8321914672852,39.5623054504395,40.4168357849121,40.7012062072754,40.2518424987793,39.8452682495117,39.6595649719238,39.5686264038086,39.5811195373535,39.3862571716309,38.9869232177734,38.8527793884277,38.6442832946777,38.3760833740234,38.1816482543945,38.2538108825684,39.241584777832,41.9897880554199,42.624454498291,40.3497161865234,39.318977355957,39.8863143920898,40.580753326416,41.4791564941406,39.7659034729004,37.0738334655762,36.3828620910645,36.1120147705078,35.8460311889648,35.695198059082,36.7049560546875,37.0240669250488,35.5584526062012,34.3564910888672,33.9419898986816,35.9225578308105,39.2491798400879,41.5369186401367,42.9995574951172,43.2370147705078,43.1278991699219,42.8854370117188,42.5009613037109,43.1327323913574,-9999,-9999,-9999,-9999,-9999,-9999,-9999,-9999,-9999,-9999,-9999,-9999,-9999,-9999,-9999,-9999,-9999,41.5912857055664,41.47216796875,41.2760620117188,40.9949378967285,40.6256561279297,40.193920135498,40.0342750549316,39.9727745056152,40.2742004394531,40.6334190368652,38.2726364135742,35.8728294372559,35.0671272277832,33.4142608642578,28.6139068603516,24.7504692077637,23.9975509643555,24.8331184387207,27.7566928863525,32.9648246765137,37.5657348632813,38.663272857666,38.9356956481934,38.338996887207,37.6807022094727,38.6250915527344,39.8015899658203,38.9833755493164,36.4212417602539,34.8640441894531,-9999,-9999,-9999,-9999,-9999,-9999,-9999,-9999,-9999,-9999,-9999,-9999,-9999,-9999,-9999,-9999
-9999,-9999,-9999,-9999,-9999,-9999,-9999,-9999,-9999,-9999,-9999,-9999,33.1989631652832,31.9083099365234,-9999,31.5694141387939,33.0774536132813,34.590950012207,33.9645767211914,31.389533996582,34.0227470397949,36.9543800354004,36.0073165893555,35.1219863891602,35.7702751159668,37.184886932373,40.708366394043,42.5281028747559,42.1253433227539,41.9479598999023,41.7140502929688,41.7361907958984,41.7279586791992,41.4801940917969,41.0850105285645,40.9852867126465,40.8999671936035,40.9759483337402,40.3837013244629,40.8817367553711,40.5975761413574,40.5875968933105,41.2848358154297,40.5898857116699,40.9000511169434,41.2172241210938,41.3948020935059,41.5958976745605,39.8003311157227,37.2692604064941,34.6760749816895,32.2772636413574,32.0801277160645,32.4478874206543,35.7851486206055,37.4852294921875,36.424560546875,35.7891464233398,36.1219520568848,38.7228813171387,41.4200210571289,42.6399459838867,43.2667846679688,43.3741607666016,43.3619995117188,43.1798286437988,43.0132026672363,-9999,-9999,-9999,-9999,-9999,-9999,-9999,-9999,-9999,-9999,-9999,-9999,-9999,-9999,-9999,-9999,-9999,-9999,-9999,41.1693344116211,41.013916015625,40.7658805847168,40.4060440063477,39.9675483703613,39.7228775024414,39.5491638183594,39.7187728881836,39.9423332214355,39.0687866210938,37.9778099060059,35.3147125244141,32.4363784790039,30.8634796142578,27.900218963623,22.4994125366211,20.8067970275879,22.9375476837158,27.0735759735107,32.014591217041,33.5717277526855,34.5655517578125,38.2199058532715,41.2761116027832,39.6083908081055,38.3262748718262,39.4919967651367,36.4463157653809,34.577579498291,-9999,-9999,-9999,-9999,-9999,-9999,-9999,-9999,-9999,-9999,-9999,-9999,-9999,-9999,-9999,-9999
-9999,-9999,-9999,-9999,-9999,-9999,-9999,-9999,-9999,-9999,30.8273544311523,32.7390251159668,34.3769149780273,32.0218200683594,31.6793670654297,29.602668762207,31.6645889282227,36.0530471801758,35.4418144226074,33.062744140625,35.634407043457,39.2013359069824,38.232479095459,37.4067001342773,37.691089630127,37.6306419372559,40.3831520080566,41.962043762207,41.5970802307129,41.8576889038086,43.1041450500488,43.1175842285156,43.2445182800293,43.1165771484375,42.7983436584473,42.5473213195801,42.5613632202148,42.3017463684082,42.0746726989746,41.8940658569336,41.6034088134766,41.3887825012207,41.3037796020508,41.4587516784668,41.4722213745117,41.7752304077148,42.1727256774902,42.2889785766602,41.4402084350586,39.3745727539063,36.806640625,33.6504974365234,33.459056854248,33.7190818786621,36.3331260681152,37.8260612487793,37.5714988708496,37.8044395446777,38.2341575622559,39.8586349487305,41.8215560913086,42.5937004089355,42.9116744995117,42.9548034667969,42.9354286193848,42.8467750549316,-9999,-9999,-9999,-9999,-9999,-9999,-9999,-9999,-9999,-9999,-9999,-9999,-9999,-9999,-9999,-9999,-9999,-9999,-9999,-9999,-9999,40.7095031738281,40.4595108032227,40.1204071044922,39.7197303771973,39.4723930358887,39.2815895080566,39.3494491577148,39.458065032959,39.3082046508789,38.8948593139648,36.406421661377,33.5799217224121,31.9434947967529,29.4151554107666,25.1732521057129,22.1082706451416,20.8841686248779,23.2905311584473,27.1215515136719,30.3703804016113,33.192497253418,36.9781341552734,40.2874946594238,38.094051361084,36.5533752441406,38.266529083252,35.4859390258789,33.4756774902344,-9999,-9999,-9999,-9999,-9999,-9999,-9999,-9999,-9999,-9999,-9999,-9999,-9999,-9999,-9999,-9999
-9999,-9999,-9999,-9999,-9999,-9999,-9999,-9999,27.7714881896973,28.8130893707275,29.1265926361084,28.9392414093018,30.2101650238037,32.2132110595703,31.4862079620361,29.627986907959,31.8150863647461,36.1886711120605,36.435302734375,34.9490814208984,37.7062072753906,40.8759384155273,40.1746597290039,39.4429016113281,39.3322868347168,39.1424446105957,39.3164596557617,39.3145332336426,39.0198097229004,40.3403663635254,43.1666679382324,44.2138252258301,44.2570610046387,44.2136878967285,44.1056594848633,43.9094314575195,43.7023391723633,43.3947334289551,43.3376007080078,43.0704078674316,42.8296051025391,42.6532859802246,42.5146217346191,42.4386177062988,42.3495025634766,42.3445091247559,42.387336730957,42.4530715942383,42.5169067382813,42.5409851074219,40.5019493103027,37.9963684082031,37.9451484680176,38.0966033935547,38.5999374389648,38.6430015563965,38.2477378845215,38.6894187927246,40.2179679870605,41.3805999755859,41.927433013916,42.1890602111816,-9999,-9999,-9999,-9999,-9999,-9999,-9999,-9999,-9999,-9999,-9999,-9999,-9999,-9999,-9999,-9999,-9999,-9999,-9999,-9999,-9999,-9999,-9999,-9999,-9999,-9999,40.1111831665039,39.7993965148926,39.4600563049316,39.2531700134277,39.0943603515625,39.067325592041,39.0620918273926,39.2840919494629,39.304069519043,37.8405456542969,35.8224334716797,32.6052169799805,30.1348724365234,29.0874557495117,25.7832012176514,20.0995121002197,20.0792713165283,22.3557434082031,28.2229423522949,33.5842895507813,35.2872047424316,36.693473815918,35.1423110961914,34.2548942565918,36.2293319702148,34.7733879089355,33.3592834472656,-9999,-9999,-9999,-9999,-9999,-9999,-9999,-9999,-9999,-9999,-9999,-9999,-9999,-9999,-9999,-9999
-9999,-9999,-9999,-9999,-9999,-9999,-9999,-9999,26.1829452514648,27.6529197692871,28.6547679901123,28.2642841339111,28.4888763427734,29.0662460327148,29.5373878479004,30.5050392150879,33.5579032897949,37.5945243835449,37.600341796875,36.7159042358398,37.7575378417969,39.344970703125,40.3672332763672,40.9927597045898,40.800163269043,40.5212478637695,40.1840286254883,39.825065612793,39.6004028320313,40.309440612793,42.1130142211914,42.6569900512695,42.502555847168,42.3922119140625,42.2146186828613,41.9917602539063,41.9070281982422,41.6897850036621,41.530517578125,41.2904167175293,41.1847381591797,41.003475189209,41.2276840209961,41.9846343994141,42.2623519897461,42.2145156860352,42.1120719909668,41.9773635864258,42.0995025634766,42.245418548584,41.1821250915527,40.0084075927734,40.2507209777832,40.3755874633789,40.2587356567383,40.0472145080566,39.7647666931152,40.1050720214844,40.9814338684082,41.5333557128906,41.8387489318848,41.9588432312012,-9999,-9999,-9999,-9999,-9999,-9999,-9999,-9999,-9999,-9999,-9999,-9999,-9999,-9999,-9999,-9999,-9999,-9999,-9999,-9999,-9999,-9999,-9999,-9999,-9999,-9999,-9999,-9999,39.0664100646973,38.9007034301758,38.7779350280762,38.7254409790039,38.6813278198242,38.8962554931641,38.9718017578125,38.0301856994629,36.790168762207,34.4559211730957,32.3812675476074,30.4971923828125,27.7877750396729,23.7490539550781,21.5178775787354,20.1893463134766,24.9015369415283,29.9986667633057,31.3813171386719,32.1874504089355,31.6425437927246,31.5262641906738,34.5118942260742,31.1971797943115,30.3893852233887,-9999,-9999,-9999,-9999,-9999,-9999,-9999,-9999,-9999,-9999,-9999,-9999,-9999,-9999,-9999,-9999
-9999,-9999,-9999,-9999,-9999,-9999,20.5515823364258,26.0636005401611,26.2735977172852,26.1383590698242,27.6623191833496,28.5023612976074,27.9788093566895,26.0384120941162,27.5357990264893,32.0932464599609,35.8205261230469,39.3486251831055,39.4838027954102,38.399845123291,37.8786659240723,37.1875762939453,39.9685516357422,42.0530014038086,42.0142478942871,41.9667129516602,41.6221733093262,41.2752418518066,40.8872337341309,40.663875579834,40.3713684082031,40.0871810913086,39.7530174255371,39.4998245239258,39.317310333252,39.1340789794922,38.9398803710938,38.9110221862793,38.8560333251953,38.7468376159668,38.6434173583984,38.5065803527832,39.228832244873,41.1513328552246,41.9601211547852,41.8577880859375,41.5952758789063,41.2447280883789,41.0199890136719,40.8122406005859,40.928352355957,41.0661582946777,41.2642097473145,41.4695663452148,41.4637985229492,41.3967514038086,41.1255111694336,40.9748229980469,40.9937477111816,41.2533874511719,41.701000213623,-9999,-9999,-9999,-9999,-9999,-9999,-9999,-9999,-9999,-9999,-9999,-9999,-9999,-9999,-9999,-9999,-9999,-9999,-9999,-9999,-9999,-9999,-9999,-9999,-9999,-9999,-9999,-9999,-9999,-9999,-9999,-9999,38.3618659973145,38.3010635375977,38.4107093811035,38.4441604614258,37.9312629699707,37.3679275512695,36.5625038146973,34.8156356811523,31.2648391723633,28.9615917205811,28.2485046386719,24.6378211975098,18.6177043914795,20.4504051208496,24.2186546325684,25.7366847991943,26.8235397338867,27.2551517486572,28.2809276580811,32.2401008605957,30.0202140808105,-9999,-9999,-9999,-9999,-9999,-9999,-9999,-9999,-9999,-9999,-9999,-9999,-9999,-9999,-9999,-9999,-9999
-9999,-9999,-9999,-9999,-9999,-9999,26.1362495422363,26.1767463684082,25.839334487915,25.9504909515381,26.1188640594482,28.8322067260742,31.4560165405273,32.0321235656738,33.2885589599609,34.8820343017578,37.3830680847168,40.0093994140625,40.1589508056641,39.3222045898438,38.8610229492188,38.3227310180664,40.3966674804688,42.0962448120117,42.0724296569824,41.9263000488281,41.7066192626953,41.5256156921387,41.1731872558594,40.7999877929688,40.3576507568359,40.1053428649902,39.8370933532715,39.546875,39.2664375305176,39.4503135681152,39.7019195556641,39.6545906066895,39.5815544128418,39.4244194030762,39.2939300537109,39.2192764282227,39.5993766784668,40.6664237976074,41.1270408630371,41.070068359375,40.8602600097656,40.5505523681641,40.4331932067871,40.371711730957,40.4977111816406,40.6427841186523,40.7390670776367,40.8261680603027,40.8724212646484,40.8566932678223,40.6732406616211,40.5513916015625,40.51123046875,-9999,-9999,-9999,-9999,-9999,-9999,-9999,-9999,-9999,-9999,-9999,-9999,-9999,-9999,-9999,-9999,-9999,-9999,-9999,-9999,-9999,-9999,-9999,-9999,-9999,-9999,-9999,-9999,-9999,-9999,-9999,-9999,-9999,-9999,-9999,37.8960151672363,37.956127166748,37.9859161376953,37.8077926635742,37.5330352783203,36.9743728637695,35.9411087036133,34.0991401672363,31.8108196258545,29.2825317382813,26.2191028594971,22.7304420471191,21.3462905883789,21.0426120758057,24.5016307830811,27.4413433074951,28.5772666931152,29.8413009643555,31.5867614746094,29.3399276733398,29.9479656219482,27.6319999694824,-9999,-9999,-9999,-9999,-9999,-9999,-9999,-9999,-9999,-9999,-9999,-9999,-9999,-9999,-9999
-9999,-9999,-9999,-9999,25.1804523468018,26.6455936431885,26.2259502410889,25.997730255127,25.9129447937012,25.8672199249268,26.782299041748,31.0051364898682,34.725456237793,37.4360008239746,38.3339576721191,37.3326988220215,38.3003082275391,40.481315612793,40.7056617736816,40.1893653869629,39.7070770263672,39.221378326416,40.3435211181641,41.3390884399414,41.4290161132813,41.4738655090332,41.3605499267578,41.2104263305664,41.0288581848145,40.7800178527832,40.4987030029297,40.2119903564453,39.9204406738281,39.610782623291,39.3071823120117,39.8956985473633,40.5793075561523,40.4957733154297,40.3966674804688,40.1902198791504,40.0229644775391,39.9931449890137,40.0056915283203,40.091495513916,40.1292304992676,40.1337242126465,40.0063285827637,39.804271697998,39.8674850463867,40.0024833679199,40.0460433959961,40.0743179321289,40.0575141906738,40.0552749633789,-9999,-9999,-9999,-9999,-9999,-9999,-9999,-9999,-9999,-9999,-9999,-9999,-9999,-9999,-9999,-9999,-9999,-9999,-9999,-9999,-9999,-9999,-9999,-9999,-9999,-9999,-9999,-9999,-9999,-9999,-9999,-9999,-9999,-9999,-9999,-9999,-9999,-9999,-9999,-9999,-9999,37.4968948364258,37.5277214050293,37.6670684814453,37.6494903564453,37.1617126464844,36.8172149658203,36.6112899780273,34.3867149353027,30.0302963256836,27.805046081543,26.8320331573486,23.0061378479004,17.8391265869141,22.8406276702881,28.3054676055908,29.8687915802002,31.3332805633545,30.9312038421631,22.3444595336914,22.7727279663086,27.9555721282959,28.7822818756104,-9999,-9999,-9999,-9999,-9999,-9999,-9999,-9999,-9999,-9999,-9999,-9999,-9999,-9999
-9999,-9999,-9999,-9999,30.5655250549316,28.3352127075195,27.3540058135986,25.7876129150391,26.1746940612793,28.2511596679688,30.4632453918457,33.5542526245117,36.1412391662598,38.1303901672363,39.1455383300781,39.219108581543,39.6779823303223,40.3659706115723,40.1907043457031,39.6953468322754,39.9600868225098,40.3481330871582,40.7455673217773,41.0925369262695,41.1088180541992,41.1089782714844,41.0652313232422,40.9867401123047,40.8451995849609,40.669921875,40.4580574035645,40.2641143798828,40.0841484069824,39.9294013977051,39.7773094177246,39.9836120605469,40.2307281494141,40.0298538208008,39.8157844543457,39.5300521850586,39.2847747802734,39.1731376647949,39.1085586547852,39.1154022216797,39.1152992248535,39.1093711853027,39.0300788879395,-9999,-9999,-9999,-9999,-9999,-9999,-9999,-9999,-9999,-9999,-9999,-9999,-9999,-9999,-9999,-9999,-9999,-9999,-9999,-9999,-9999,-9999,-9999,-9999,-9999,-9999,-9999,-9999,-9999,-9999,-9999,-9999,-9999,-9999,-9999,-9999,-9999,-9999,-9999,-9999,-9999,-9999,-9999,-9999,-9999,-9999,-9999,-9999,-9999,37.1326179504395,37.2475051879883,37.2893676757813,37.120231628418,36.6618194580078,35.6679801940918,33.4062805175781,29.8000183105469,27.8295993804932,26.7632675170898,22.3596973419189,16.0632705688477,19.4793319702148,23.5993156433105,24.992317199707,26.5392913818359,27.2542400360107,28.0336723327637,21.667179107666,26.7570571899414,24.989860534668,-9999,-9999,-9999,-9999,-9999,-9999,-9999,-9999,-9999,-9999,-9999,-9999,-9999,-9999
-9999,-9999,-9999,-9999,-9999,30.6780662536621,28.6956024169922,28.686897277832,27.7704410552979,31.2326507568359,34.089958190918,35.9550018310547,37.5347480773926,38.7566413879395,39.6916236877441,40.3936157226563,40.3690414428711,39.8373718261719,39.5069541931152,39.2515754699707,-9999,-9999,-9999,-9999,-9999,-9999,-9999,-9999,-9999,-9999,-9999,-9999,-9999,40.0080947875977,39.9631271362305,39.8523406982422,39.7322158813477,39.437572479248,-9999,-9999,-9999,-9999,-9999,-9999,-9999,-9999,-9999,-9999,-9999,-9999,-9999,-9999,-9999,-9999,-9999,-9999,-9999,-9999,-9999,-9999,-9999,-9999,-9999,-9999,-9999,-9999,-9999,-9999,-9999,-9999,-9999,-9999,-9999,-9999,-9999,-9999,-9999,-9999,-9999,-9999,-9999,-9999,-9999,-9999,-9999,-9999,-9999,-9999,-9999,-9999,-9999,-9999,-9999,-9999,-9999,-9999,36.7446403503418,36.8559188842773,36.960865020752,37.0579032897949,36.580005645752,35.0918273925781,33.0329704284668,30.3101387023926,28.3836975097656,26.8593692779541,22.1932277679443,15.8333730697632,16.8656311035156,18.7741889953613,20.4835643768311,22.0345134735107,23.4998302459717,24.7263355255127,24.5633525848389,22.2515563964844,-9999,-9999,-9999,-9999,-9999,-9999,-9999,-9999,-9999,-9999,-9999,-9999,-9999,-9999,-9999
-9999,-9999,-9999,-9999,-9999,30.3327884674072,30.2537975311279,31.2067642211914,32.3496780395508,36.2383499145508,38.9924964904785,39.424144744873,39.8171043395996,40.4180297851563,40.676025390625,40.5662612915039,40.1856384277344,39.6072082519531,-9999,-9999,-9999,-9999,-9999,-9999,-9999,-9999,-9999,-9999,-9999,-9999,-9999,-9999,-9999,-9999,-9999,-9999,-9999,-9999,-9999,-9999,-9999,-9999,-9999,-9999,-9999,-9999,-9999,-9999,-9999,-9999,-9999,-9999,-9999,-9999,-9999,-9999,-9999,-9999,-9999,-9999,-9999,-9999,-9999,-9999,-9999,-9999,-9999,-9999,-9999,-9999,-9999,-9999,-9999,-9999,-9999,-9999,-9999,-9999,-9999,-9999,-9999,-9999,-9999,-9999,-9999,-9999,-9999,-9999,-9999,-9999,-9999,-9999,-9999,-9999,-9999,-9999,-9999,36.6154022216797,36.7883186340332,36.8928985595703,36.7980613708496,36.3635520935059,35.4362258911133,33.9432411193848,31.2460517883301,27.6402473449707,24.4756126403809,21.4058570861816,18.6533527374268,16.2342281341553,19.6906337738037,22.1190719604492,20.5643062591553,20.4715957641602,21.557014465332,18.9768333435059,-9999,-9999,-9999,-9999,-9999,-9999,-9999,-9999,-9999,-9999,-9999,-9999,-9999,-9999,-9999
-9999,-9999,30.6137580871582,30.5040168762207,30.5971183776855,30.0241966247559,30.7866649627686,33.6118431091309,36.2171669006348,39.4576988220215,41.6235313415527,41.2728691101074,41.055103302002,41.2875442504883,41.1009483337402,40.4030570983887,39.7617874145508,-9999,-9999,-9999,-9999,-9999,-9999,-9999,-9999,-9999,-9999,-9999,-9999,-9999,-9999,-9999,-9999,-9999,-9999,-9999,-9999,-9999,-9999,-9999,-9999,-9999,-9999,-9999,-9999,-9999,-9999,-9999,-9999,-9999,-9999,-9999,-9999,-9999,-9999,-9999,-9999,-9999,-9999,-9999,-9999,-9999,-9999,-9999,-9999,-9999,-9999,-9999,-9999,-9999,-9999,-9999,-9999,-9999,-9999,-9999,-9999,-9999,-9999,-9999,-9999,-9999,-9999,-9999,-9999,-9999,-9999,-9999,-9999,-9999,-9999,-9999,-9999,-9999,-9999,-9999,-9999,36.3541717529297,36.5741195678711,36.6749992370605,36.8384819030762,37.096923828125,36.9709854125977,36.3935279846191,33.8418655395508,29.7626857757568,27.1097755432129,24.992654800415,20.4754180908203,15.5872535705566,19.1172523498535,20.9155502319336,17.8614158630371,16.9206485748291,21.1860771179199,17.681116104126,-9999,-9999,-9999,-9999,-9999,-9999,-9999,-9999,-9999,-9999,-9999,-9999,-9999,-9999,-9999
-9999,-9999,-9999,-9999,30.6727600097656,30.1992053985596,30.6932220458984,35.3597946166992,39.0713691711426,40.153392791748,40.797306060791,40.6482925415039,40.5378913879395,40.6414260864258,40.3190689086914,39.484317779541,-9999,-9999,-9999,-9999,-9999,-9999,-9999,-9999,-9999,-9999,-9999,-9999,-9999,-9999,-9999,-9999,-9999,-9999,-9999,-9999,-9999,-9999,-9999,-9999,-9999,-9999,-9999,-9999,-9999,-9999,-9999,-9999,-9999,-9999,-9999,-9999,-9999,-9999,-9999,-9999,-9999,-9999,-9999,-9999,-9999,-9999,-9999,-9999,-9999,-9999,-9999,-9999,-9999,-9999,-9999,-9999,-9999,-9999,-9999,-9999,-9999,-9999,-9999,-9999,-9999,-9999,-9999,-9999,-9999,-9999,-9999,-9999,-9999,-9999,-9999,-9999,-9999,-9999,-9999,-9999,-9999,36.0508995056152,36.2706527709961,36.3392143249512,36.4912109375,36.771484375,36.9468383789063,36.9752082824707,36.0239715576172,34.3574676513672,30.455738067627,25.5610046386719,23.0535793304443,20.6931228637695,18.9318447113037,17.470832824707,16.2578258514404,16.0057544708252,17.4808483123779,18.9908103942871,-9999,-9999,-9999,-9999,-9999,-9999,-9999,-9999,-9999,-9999,-9999,-9999,-9999,-9999,-9999
-9999,-9999,-9999,-9999,30.8197040557861,30.8727550506592,31.2842426300049,36.2815093994141,40.4451446533203,40.4765014648438,40.2752990722656,40.3654632568359,40.3486404418945,40.1483497619629,39.6128845214844,-9999,-9999,-9999,-9999,-9999,-9999,-9999,-9999,-9999,-9999,-9999,-9999,-9999,-9999,-9999,-9999,-9999,-9999,-9999,-9999,-9999,-9999,-9999,-9999,-9999,-9999,-9999,-9999,-9999,-9999,-9999,-9999,-9999,-9999,-9999,-9999,-9999,-9999,-9999,-9999,-9999,-9999,-9999,-9999,-9999,-9999,-9999,-9999,-9999,-9999,-9999,-9999,-9999,-9999,-9999,-9999,-9999,-9999,-9999,-9999,-9999,-9999,-9999,-9999,-9999,-9999,-9999,-9999,-9999,-9999,-9999,-9999,-9999,-9999,-9999,-9999,-9999,-9999,-9999,-9999,-9999,-9999,35.7060470581055,35.9342269897461,35.9769515991211,36.0881690979004,36.2997589111328,36.5536155700684,36.8426971435547,36.7558250427246,36.374584197998,32.1150856018066,25.9561424255371,24.2819881439209,23.1507606506348,18.3732776641846,14.4645738601685,15.0244331359863,15.7970657348633,15.870231628418,16.7164211273193,13.6413993835449,-9999,-9999,-9999,-9999,-9999,-9999,-9999,-9999,-9999,-9999,-9999,-9999,-9999,-9999
-9999,-9999,-9999,-9999,31.1224613189697,31.0805339813232,32.0130348205566,36.7256393432617,40.4066276550293,40.4249649047852,40.232234954834,40.5672874450684,40.5688705444336,39.8656768798828,39.0197868347168,-9999,-9999,-9999,-9999,-9999,-9999,-9999,-9999,-9999,-9999,-9999,-9999,-9999,-9999,-9999,-9999,-9999,-9999,-9999,-9999,-9999,-9999,-9999,-9999,-9999,-9999,-9999,-9999,-9999,-9999,-9999,-9999,-9999,-9999,-9999,-9999,-9999,-9999,-9999,-9999,-9999,-9999,-9999,-9999,-9999,-9999,-9999,-9999,-9999,-9999,-9999,-9999,-9999,-9999,-9999,-9999,-9999,-9999,-9999,-9999,-9999,-9999,-9999,-9999,-9999,-9999,-9999,-9999,-9999,-9999,-9999,-9999,-9999,-9999,-9999,-9999,-9999,-9999,-9999,-9999,-9999,-9999,35.3080863952637,35.5563201904297,35.5826187133789,35.6099281311035,35.6294059753418,35.6738929748535,35.7392768859863,35.7058868408203,35.5786437988281,31.7226638793945,26.1564750671387,24.3272304534912,22.8426322937012,17.4272727966309,12.8645896911621,15.079270362854,16.6604995727539,17.2105693817139,17.8095321655273,18.6872825622559,14.0492286682129,-9999,-9999,-9999,-9999,-9999,-9999,-9999,-9999,-9999,-9999,-9999,-9999,-9999
-9999,-9999,-9999,-9999,26.6701107025146,31.2431640625,32.283130645752,36.0299224853516,38.9165382385254,39.1300811767578,39.1946258544922,40.0754623413086,40.3746871948242,39.540153503418,-9999,-9999,-9999,-9999,-9999,-9999,-9999,-9999,-9999,-9999,-9999,-9999,-9999,-9999,-9999,-9999,-9999,-9999,-9999,-9999,-9999,-9999,-9999,-9999,-9999,-9999,-9999,-9999,-9999,-9999,-9999,-9999,-9999,-9999,-9999,-9999,-9999,-9999,-9999,-9999,-9999,-9999,-9999,-9999,-9999,-9999,-9999,-9999,-9999,-9999,-9999,-9999,-9999,-9999,-9999,-9999,-9999,-9999,-9999,-9999,-9999,-9999,-9999,-9999,-9999,-9999,-9999,-9999,-9999,-9999,-9999,-9999,-9999,-9999,-9999,-9999,-9999,-9999,-9999,-9999,-9999,-9999,-9999,34.8735656738281,35.1400032043457,35.181095123291,35.1782302856445,35.0935897827148,35.089542388916,35.1640892028809,34.9941101074219,34.6692047119141,32.4668197631836,29.5048065185547,26.3618984222412,22.9664306640625,18.5196132659912,14.6208801269531,15.4119720458984,15.9094524383545,16.5568008422852,17.3423824310303,18.4000835418701,18.8964958190918,16.8684730529785,16.616641998291,-9999,-9999,-9999,-9999,-9999,-9999,-9999,-9999,-9999,-9999,-9999
-9999,-9999,-9999,-9999,29.2863655090332,31.3150329589844,32.7066993713379,34.1901969909668,36.1605567932129,36.6537895202637,37.3208389282227,39.0325622558594,39.8631896972656,39.1831703186035,-9999,-9999,-9999,-9999,-9999,-9999,-9999,-9999,-9999,-9999,-9999,-9999,-9999,-9999,-9999,-9999,-9999,-9999,-9999,-9999,-9999,-9999,-9999,-9999,-9999,-9999,-9999,-9999,-9999,-9999,-9999,-9999,-9999,-9999,-9999,-9999,-9999,-9999,-9999,-9999,-9999,-9999,-9999,-9999,-9999,-9999,-9999,-9999,-9999,-9999,-9999,-9999,-9999,-9999,-9999,-9999,-9999,-9999,-9999,-9999,-9999,-9999,-9999,-9999,-9999,-9999,-9999,-9999,-9999,-9999,-9999,-9999,-9999,-9999,-9999,-9999,-9999,-9999,-9999,-9999,-9999,-9999,-9999,-9999,34.6918716430664,34.7725868225098,34.7808609008789,34.6641616821289,34.741771697998,35.0087089538574,34.555721282959,33.6374359130859,33.9435501098633,34.5351028442383,29.6070194244385,23.1669464111328,21.056697845459,19.0064163208008,15.7305278778076,13.6652269363403,14.2210111618042,15.4754047393799,17.6449546813965,18.702808380127,18.8767871856689,-9999,-9999,-9999,-9999,-9999,-9999,-9999,-9999,-9999,-9999,-9999,-9999
-9999,-9999,-9999,-9999,28.638692855835,30.6656322479248,30.543830871582,31.4163150787354,32.4167594909668,34.7183265686035,36.8828163146973,38.2733001708984,38.9625244140625,38.734016418457,-9999,-9999,-9999,-9999,-9999,-9999,-9999,-9999,-9999,-9999,-9999,-9999,-9999,-9999,-9999,-9999,-9999,-9999,-9999,-9999,-9999,-9999,-9999,-9999,-9999,-9999,-9999,-9999,-9999,-9999,-9999,-9999,-9999,-9999,-9999,-9999,-9999,-9999,-9999,-9999,-9999,-9999,-9999,-9999,-9999,-9999,-9999,-9999,-9999,-9999,-9999,-9999,-9999,-9999,-9999,-9999,-9999,-9999,-9999,-9999,-9999,-9999,-9999,-9999,-9999,-9999,-9999,-9999,-9999,-9999,-9999,-9999,-9999,-9999,-9999,-9999,-9999,-9999,-9999,-9999,-9999,-9999,-9999,-9999,34.2835502624512,34.3797073364258,34.4013710021973,34.295166015625,34.4228096008301,34.7717399597168,34.5311012268066,33.9221115112305,34.7855567932129,35.9653358459473,30.6247100830078,23.3778285980225,22.021463394165,20.1684131622314,15.5282907485962,12.0147724151611,12.4251403808594,13.9288635253906,16.9473037719727,23.4390468597412,32.0154190063477,29.5487518310547,34.5594635009766,-9999,-9999,-9999,-9999,-9999,-9999,-9999,-9999,-9999,-9999
-9999,-9999,-9999,-9999,-9999,22.1016731262207,28.0969676971436,29.0709648132324,28.7172527313232,33.2077713012695,36.8213806152344,37.4885864257813,37.8520202636719,38.2366523742676,-9999,-9999,-9999,-9999,-9999,-9999,-9999,-9999,-9999,-9999,-9999,-9999,-9999,-9999,-9999,-9999,-9999,-9999,-9999,-9999,-9999,-9999,-9999,-9999,-9999,-9999,-9999,-9999,-9999,-9999,-9999,-9999,-9999,-9999,-9999,-9999,-9999,-9999,-9999,-9999,-9999,-9999,-9999,-9999,-9999,-9999,-9999,-9999,-9999,-9999,-9999,-9999,-9999,-9999,-9999,-9999,-9999,-9999,-9999,-9999,-9999,-9999,-9999,-9999,-9999,-9999,-9999,-9999,-9999,-9999,-9999,-9999,-9999,-9999,-9999,-9999,-9999,-9999,-9999,-9999,-9999,-9999,-9999,-9999,33.8891716003418,33.9907150268555,34.0267868041992,33.9542045593262,34.1162872314453,34.496768951416,34.6902542114258,34.7631454467773,35.4304466247559,36.113166809082,30.7874336242676,23.7547168731689,22.092643737793,19.8693408966064,14.8712739944458,11.0069694519043,10.8019676208496,12.3126239776611,16.2070446014404,23.1596546173096,31.4798793792725,33.857723236084,35.0882453918457,31.9892864227295,-9999,-9999,-9999,-9999,-9999,-9999,-9999,-9999,-9999
-9999,-9999,-9999,-9999,-9999,25.1724281311035,26.4174957275391,26.1535091400146,27.8164539337158,33.0409126281738,36.8084716796875,37.172119140625,37.5522270202637,38.038875579834,-9999,-9999,-9999,-9999,-9999,-9999,-9999,-9999,-9999,-9999,-9999,-9999,-9999,-9999,-9999,-9999,-9999,-9999,-9999,-9999,-9999,-9999,-9999,-9999,-9999,-9999,-9999,-9999,-9999,-9999,-9999,-9999,-9999,-9999,-9999,-9999,-9999,-9999,-9999,-9999,-9999,-9999,-9999,-9999,-9999,-9999,-9999,-9999,-9999,-9999,-9999,-9999,-9999,-9999,-9999,-9999,-9999,-9999,-9999,-9999,-9999,-9999,-9999,-9999,-9999,-9999,-9999,-9999,-9999,-9999,-9999,-9999,-9999,-9999,-9999,-9999,-9999,-9999,-9999,-9999,-9999,-9999,-9999,-9999,33.5016059875488,33.6108512878418,33.6655044555664,33.6371536254883,33.7796669006348,34.0760459899902,34.2802848815918,34.4139442443848,35.1191062927246,35.8282814025879,30.7832565307617,24.0357913970947,22.2798385620117,19.9933929443359,14.7262897491455,10.9764680862427,11.5559415817261,13.4862394332886,17.039737701416,22.3643569946289,29.0418376922607,33.2274436950684,37.416919708252,37.8585014343262,-9999,-9999,-9999,-9999,-9999,-9999,-9999,-9999,-9999
-9999,-9999,-9999,-9999,-9999,25.0978603363037,25.206506729126,26.0246715545654,27.4065322875977,32.8366966247559,36.7779655456543,37.1147575378418,37.4212799072266,37.9034843444824,-9999,-9999,-9999,-9999,-9999,-9999,-9999,-9999,-9999,-9999,-9999,-9999,-9999,-9999,-9999,-9999,-9999,-9999,-9999,-9999,-9999,-9999,-9999,-9999,-9999,-9999,-9999,-9999,-9999,-9999,-9999,-9999,-9999,-9999,-9999,-9999,-9999,-9999,-9999,-9999,-9999,-9999,-9999,-9999,-9999,-9999,-9999,-9999,-9999,-9999,-9999,-9999,-9999,-9999,-9999,-9999,-9999,-9999,-9999,-9999,-9999,-9999,-9999,-9999,-9999,-9999,-9999,-9999,-9999,-9999,-9999,-9999,-9999,-9999,-9999,-9999,-9999,-9999,-9999,-9999,-9999,-9999,-9999,-9999,-9999,33.2285308837891,33.3035774230957,33.3237037658691,33.434757232666,33.6234092712402,33.7453689575195,33.8054542541504,34.6414337158203,35.5196914672852,30.7184181213379,24.2994861602783,22.639045715332,20.3997840881348,14.6097583770752,10.9666709899902,12.966721534729,15.32408618927,18.3314723968506,22.0261001586914,25.9082832336426,31.2446422576904,36.8131866455078,38.3668632507324,-9999,-9999,-9999,-9999,-9999,-9999,-9999,-9999,-9999
-9999,-9999,-9999,-9999,-9999,-9999,24.2243728637695,24.7034969329834,25.8410472869873,32.063102722168,36.3910369873047,36.8399353027344,37.1716651916504,-9999,-9999,-9999,-9999,-9999,-9999,-9999,-9999,-9999,-9999,-9999,-9999,-9999,-9999,-9999,-9999,-9999,-9999,-9999,-9999,-9999,-9999,-9999,-9999,-9999,-9999,-9999,-9999,-9999,-9999,-9999,-9999,-9999,-9999,-9999,-9999,-9999,-9999,-9999,-9999,-9999,-9999,-9999,-9999,-9999,-9999,-9999,-9999,-9999,-9999,-9999,-9999,-9999,-9999,-9999,-9999,-9999,-9999,-9999,-9999,-9999,-9999,-9999,-9999,-9999,-9999,-9999,-9999,-9999,-9999,-9999,-9999,-9999,-9999,-9999,-9999,-9999,-9999,-9999,-9999,-9999,-9999,-9999,-9999,-9999,-9999,32.9586334228516,33.0589599609375,33.119384765625,33.2188453674316,33.3465690612793,33.6678619384766,34.0819244384766,34.6039009094238,35.0029907226563,30.469181060791,24.5792427062988,22.9739360809326,21.1010360717773,17.8168544769287,14.8576936721802,13.6388053894043,13.4224414825439,14.8033046722412,19.2611694335938,25.628776550293,29.6374168395996,32.9934959411621,33.7161560058594,-9999,-9999,-9999,-9999,-9999,-9999,-9999,-9999,-9999
-9999,-9999,-9999,-9999,-9999,-9999,22.8927383422852,22.5151519775391,24.3451862335205,31.3973426818848,36.047779083252,36.5541915893555,36.9062690734863,-9999,-9999,-9999,-9999,-9999,-9999,-9999,-9999,-9999,-9999,-9999,-9999,-9999,-9999,-9999,-9999,-9999,-9999,-9999,-9999,-9999,-9999,-9999,-9999,-9999,-9999,-9999,-9999,-9999,-9999,-9999,-9999,-9999,-9999,-9999,-9999,-9999,-9999,-9999,-9999,-9999,-9999,-9999,-9999,-9999,-9999,-9999,-9999,-9999,-9999,-9999,-9999,-9999,-9999,-9999,-9999,-9999,-9999,-9999,-9999,-9999,-9999,-9999,-9999,-9999,-9999,-9999,-9999,-9999,-9999,-9999,-9999,-9999,-9999,-9999,-9999,-9999,-9999,-9999,-9999,-9999,-9999,-9999,-9999,-9999,-9999,32.7023010253906,32.8253517150879,32.9165153503418,33.0042419433594,33.0813026428223,33.5900077819824,34.3321075439453,34.5527725219727,34.5069351196289,30.2493381500244,24.8341464996338,23.354154586792,21.8451080322266,20.6866264343262,18.6562728881836,14.1506481170654,11.3576850891113,11.1498517990112,16.5324192047119,25.0860767364502,27.460262298584,28.0610466003418,24.265811920166,17.6929092407227,15.953332901001,-9999,-9999,-9999,-9999,-9999,-9999,-9999
-9999,-9999,-9999,-9999,-9999,-9999,21.529260635376,21.9845771789551,23.0375938415527,30.2129001617432,35.2847099304199,36.0117416381836,36.6266326904297,-9999,-9999,-9999,-9999,-9999,-9999,-9999,-9999,-9999,-9999,-9999,-9999,-9999,-9999,-9999,-9999,-9999,-9999,-9999,-9999,-9999,-9999,-9999,-9999,-9999,-9999,-9999,-9999,-9999,-9999,-9999,-9999,-9999,-9999,-9999,-9999,-9999,-9999,-9999,-9999,-9999,-9999,-9999,-9999,-9999,-9999,-9999,-9999,-9999,-9999,-9999,-9999,-9999,-9999,-9999,-9999,-9999,-9999,-9999,-9999,-9999,-9999,-9999,-9999,-9999,-9999,-9999,-9999,-9999,-9999,-9999,-9999,-9999,-9999,-9999,-9999,-9999,-9999,-9999,-9999,-9999,-9999,-9999,-9999,-9999,-9999,32.5684051513672,32.661922454834,32.6867141723633,32.7472877502441,32.8308944702148,33.3200836181641,34.0306549072266,34.2594566345215,34.2683639526367,30.1614608764648,24.9744911193848,23.6092281341553,22.2343673706055,21.0128688812256,18.7524795532227,13.9545316696167,11.4429626464844,13.0419769287109,16.0859985351563,20.6893405914307,21.9153728485107,21.3080902099609,19.5951099395752,17.3848571777344,13.6260852813721,8.24479484558105,-9999,-9999,-9999,-9999,-9999,-9999
-9999,-9999,-9999,-9999,-9999,-9999,-9999,-9999,-9999,-9999,-9999,-9999,-9999,-9999,-9999,-9999,-9999,-9999,-9999,-9999,-9999,-9999,-9999,-9999,-9999,-9999,-9999,-9999,-9999,-9999,-9999,-9999,-9999,-9999,-9999,-9999,-9999,-9999,-9999,-9999,-9999,-9999,-9999,-9999,-9999,-9999,-9999,-9999,-9999,-9999,-9999,-9999,-9999,-9999,-9999,-9999,-9999,-9999,-9999,-9999,-9999,-9999,-9999,-9999,-9999,-9999,-9999,-9999,-9999,-9999,-9999,-9999,-9999,-9999,-9999,-9999,-9999,-9999,-9999,-9999,-9999,-9999,-9999,-9999,-9999,-9999,-9999,-9999,-9999,-9999,-9999,-9999,-9999,-9999,-9999,-9999,-9999,-9999,-9999,-9999,32.486888885498,32.4571304321289,32.5006141662598,32.6029243469238,33.0859184265137,33.7770576477051,33.9938278198242,33.9827575683594,30.593713760376,26.3960781097412,24.4801635742188,22.5814514160156,21.197021484375,18.8501091003418,13.7192716598511,11.6086492538452,13.6425256729126,15.2062673568726,16.2893161773682,15.8904666900635,14.8563423156738,15.0666313171387,15.859525680542,9.94788551330566,7.73693799972534,3.06675338745117,-9999,-9999,-9999,-9999,-9999
-9999,-9999,-9999,-9999,-9999,-9999,-9999,-9999,-9999,-9999,-9999,-9999,-9999,-9999,-9999,-9999,-9999,-9999,-9999,-9999,-9999,-9999,-9999,-9999,-9999,-9999,-9999,-9999,-9999,-9999,-9999,-9999,-9999,-9999,-9999,-9999,-9999,-9999,-9999,-9999,-9999,-9999,-9999,-9999,-9999,-9999,-9999,-9999,-9999,-9999,-9999,-9999,-9999,-9999,-9999,-9999,-9999,-9999,-9999,-9999,-9999,-9999,-9999,-9999,-9999,-9999,-9999,-9999,-9999,-9999,-9999,-9999,-9999,-9999,-9999,-9999,-9999,-9999,-9999,-9999,-9999,-9999,-9999,-9999,-9999,-9999,-9999,-9999,-9999,-9999,-9999,-9999,-9999,-9999,-9999,-9999,-9999,-9999,-9999,-9999,32.2755699157715,32.2342529296875,32.302921295166,32.4688110351563,32.9916763305664,33.7067070007324,33.878833770752,33.8126335144043,33.0311241149902,32.0388069152832,27.4298133850098,22.8269290924072,21.5359115600586,19.1993312835693,13.9249486923218,11.435736656189,13.0773468017578,13.7270545959473,13.4304857254028,12.0753402709961,10.2138004302979,9.91673851013184,9.70839786529541,6.91159343719482,3.61171436309814,3.36590123176575,2.8137469291687,-9999,-9999,-9999,-9999
-9999,-9999,-9999,-9999,-9999,-9999,-9999,-9999,-9999,-9999,-9999,-9999,-9999,-9999,-9999,-9999,-9999,-9999,-9999,-9999,-9999,-9999,-9999,-9999,-9999,-9999,-9999,-9999,-9999,-9999,-9999,-9999,-9999,-9999,-9999,-9999,-9999,-9999,-9999,-9999,-9999,-9999,-9999,-9999,-9999,-9999,-9999,-9999,-9999,-9999,-9999,-9999,-9999,-9999,-9999,-9999,-9999,-9999,-9999,-9999,-9999,-9999,-9999,-9999,-9999,-9999,-9999,-9999,-9999,-9999,-9999,-9999,-9999,-9999,-9999,-9999,-9999,-9999,-9999,-9999,-9999,-9999,-9999,-9999,-9999,-9999,-9999,-9999,-9999,-9999,-9999,-9999,-9999,-9999,-9999,-9999,-9999,-9999,-9999,-9999,32.0824813842773,32.0536842346191,32.1443176269531,32.3571739196777,32.7978019714355,33.3606376647949,33.6163024902344,33.7026329040527,34.534854888916,35.2483329772949,29.2783374786377,23.0597457885742,21.8479824066162,19.5133171081543,14.1808042526245,11.3690233230591,12.7265911102295,12.2396697998047,10.9564180374146,9.22176170349121,7.31863069534302,6.22002363204956,5.27174186706543,4.56102848052979,3.78977680206299,2.874844789505,2.61207890510559,-9999,-9999,-9999,-9999
-9999,-9999,-9999,-9999,-9999,-9999,-9999,-9999,-9999,-9999,-9999,-9999,-9999,-9999,-9999,-9999,-9999,-9999,-9999,-9999,-9999,-9999,-9999,-9999,-9999,-9999,-9999,-9999,-9999,-9999,-9999,-9999,-9999,-9999,-9999,-9999,-9999,-9999,-9999,-9999,-9999,-9999,-9999,-9999,-9999,-9999,-9999,-9999,-9999,-9999,-9999,-9999,-9999,-9999,-9999,-9999,-9999,-9999,-9999,-9999,-9999,-9999,-9999,-9999,-9999,-9999,-9999,-9999,-9999,-9999,-9999,-9999,-9999,-9999,-9999,-9999,-9999,-9999,-9999,-9999,-9999,-9999,-9999,-9999,-9999,-9999,-9999,-9999,-9999,-9999,-9999,-9999,-9999,-9999,-9999,-9999,-9999,-9999,-9999,-9999,-9999,31.9507446289063,32.0700798034668,32.2929611206055,32.4139633178711,32.4724807739258,33.0570755004883,33.6965827941895,34.5983543395996,35.3164978027344,29.4070529937744,23.2800750732422,22.1235466003418,19.9642314910889,14.4842004776001,11.6151762008667,12.3857021331787,11.654598236084,9.54520130157471,8.44295787811279,7.94642543792725,6.26396751403809,3.8297176361084,3.16891670227051,2.87007904052734,2.49772667884827,2.2727370262146,-9999,-9999,3.2929208278656,3.34060716629028
-9999,-9999,-9999,-9999,-9999,-9999,-9999,-9999,-9999,-9999,-9999,-9999,-9999,-9999,-9999,-9999,-9999,-9999,-9999,-9999,-9999,-9999,-9999,-9999,-9999,-9999,-9999,-9999,-9999,-9999,-9999,-9999,-9999,-9999,-9999,-9999,-9999,-9999,-9999,-9999,-9999,-9999,-9999,-9999,-9999,-9999,-9999,-9999,-9999,-9999,-9999,-9999,-9999,-9999,-9999,-9999,-9999,-9999,-9999,-9999,-9999,-9999,-9999,-9999,-9999,-9999,-9999,-9999,-9999,-9999,-9999,-9999,-9999,-9999,-9999,-9999,-9999,-9999,-9999,-9999,-9999,-9999,-9999,-9999,-9999,-9999,-9999,-9999,-9999,-9999,-9999,-9999,-9999,-9999,-9999,-9999,-9999,-9999,-9999,-9999,-9999,-9999,32.0138320922852,32.1900100708008,32.145923614502,31.9600734710693,32.6818771362305,33.5652122497559,34.5614051818848,35.3615913391113,29.5873489379883,23.3323802947998,20.2344360351563,16.7655296325684,12.5934219360352,10.3396911621094,10.8247375488281,9.67457008361816,7.54772806167603,6.90202665328979,7.00174856185913,5.61348009109497,3.1696925163269,2.84783458709717,2.70596694946289,2.58837175369263,2.57142734527588,2.97237062454224,3.25358438491821,3.23238897323608,3.33184313774109
-9999,-9999,-9999,-9999,-9999,-9999,-9999,-9999,-9999,-9999,-9999,-9999,-9999,-9999,-9999,-9999,-9999,-9999,-9999,-9999,-9999,-9999,-9999,-9999,-9999,-9999,-9999,-9999,-9999,-9999,-9999,-9999,-9999,-9999,-9999,-9999,-9999,-9999,-9999,-9999,-9999,-9999,-9999,-9999,-9999,-9999,-9999,-9999,-9999,-9999,-9999,-9999,-9999,-9999,-9999,-9999,-9999,-9999,-9999,-9999,-9999,-9999,-9999,-9999,-9999,-9999,-9999,-9999,-9999,-9999,-9999,-9999,-9999,-9999,-9999,-9999,-9999,-9999,-9999,-9999,-9999,-9999,-9999,-9999,-9999,-9999,-9999,-9999,-9999,-9999,-9999,-9999,-9999,-9999,-9999,-9999,-9999,-9999,-9999,-9999,-9999,-9999,-9999,32.0466117858887,32.0086212158203,31.8915672302246,32.5033683776855,33.2138748168945,34.4296073913574,35.4377517700195,29.8739204406738,23.2300052642822,15.3647594451904,9.03535747528076,7.92526483535767,7.2868390083313,7.58076810836792,6.732750415802,4.6941556930542,4.02311611175537,4.33458423614502,3.80331921577454,3.3834753036499,3.12585973739624,3.24454021453857,3.04560422897339,3.13471031188965,3.189049243927,3.14717435836792,2.98104047775269,2.83424353599548
-9999,-9999,-9999,-9999,-9999,-9999,-9999,-9999,-9999,-9999,-9999,-9999,-9999,-9999,-9999,-9999,-9999,-9999,-9999,-9999,-9999,-9999,-9999,-9999,-9999,-9999,-9999,-9999,-9999,-9999,-9999,-9999,-9999,-9999,-9999,-9999,-9999,-9999,-9999,-9999,-9999,-9999,-9999,-9999,-9999,-9999,-9999,-9999,-9999,-9999,-9999,-9999,-9999,-9999,-9999,-9999,-9999,-9999,-9999,-9999,-9999,-9999,-9999,-9999,-9999,-9999,-9999,-9999,-9999,-9999,-9999,-9999,-9999,-9999,-9999,-9999,-9999,-9999,-9999,-9999,-9999,-9999,-9999,-9999,-9999,-9999,-9999,-9999,-9999,-9999,-9999,-9999,-9999,-9999,-9999,-9999,-9999,-9999,-9999,-9999,-9999,-9999,-9999,31.9109573364258,31.9583644866943,32.0332565307617,32.3905258178711,32.7461929321289,33.8790969848633,34.8976821899414,29.7546310424805,23.333812713623,13.6458158493042,6.15152359008789,6.55724859237671,6.72816562652588,7.05816459655762,6.04803323745728,3.53981566429138,2.6834077835083,2.88160037994385,3.26103734970093,3.39021253585815,3.23543953895569,3.20669841766357,3.2591826915741,3.24307322502136,2.90352392196655,4.47411632537842,9.49121952056885,15.0122852325439
-9999,-9999,-9999,-9999,-9999,-9999,-9999,-9999,-9999,-9999,-9999,-9999,-9999,-9999,-9999,-9999,-9999,-9999,-9999,-9999,-9999,-9999,-9999,-9999,-9999,-9999,-9999,-9999,-9999,-9999,-9999,-9999,-9999,-9999,-9999,-9999,-9999,-9999,-9999,-9999,-9999,-9999,-9999,-9999,-9999,-9999,-9999,-9999,-9999,-9999,-9999,-9999,-9999,-9999,-9999,-9999,-9999,-9999,-9999,-9999,-9999,-9999,-9999,-9999,-9999,-9999,-9999,-9999,-9999,-9999,-9999,-9999,-9999,-9999,-9999,-9999,-9999,-9999,-9999,-9999,-9999,-9999,-9999,-9999,-9999,-9999,-9999,-9999,-9999,-9999,-9999,-9999,-9999,-9999,-9999,-9999,-9999,-9999,-9999,-9999,-9999,-9999,-9999,-9999,31.9804248809814,32.3112449645996,32.4603271484375,32.5004539489746,33.0560836791992,33.9303855895996,29.3593158721924,22.8242492675781,13.2942342758179,6.50845432281494,7.19535446166992,7.55371475219727,7.69356346130371,6.55057430267334,3.6516797542572,2.54753875732422,2.54365110397339,2.73268389701843,2.5484881401062,2.48821616172791,2.45423865318298,2.43336462974548,2.32298851013184,2.11557793617249,6.64623737335205,20.1739959716797,30.8242835998535
-9999,-9999,-9999,-9999,-9999,-9999,-9999,-9999,-9999,-9999,-9999,-9999,-9999,-9999,-9999,-9999,-9999,-9999,-9999,-9999,-9999,-9999,-9999,-9999,-9999,-9999,-9999,-9999,-9999,-9999,-9999,-9999,-9999,-9999,-9999,-9999,-9999,-9999,-9999,-9999,-9999,-9999,-9999,-9999,-9999,-9999,-9999,-9999,-9999,-9999,-9999,-9999,-9999,-9999,-9999,-9999,-9999,-9999,-9999,-9999,-9999,-9999,-9999,-9999,-9999,-9999,-9999,-9999,-9999,-9999,-9999,-9999,-9999,-9999,-9999,-9999,-9999,-9999,-9999,-9999,-9999,-9999,-9999,-9999,-9999,-9999,-9999,-9999,-9999,-9999,-9999,-9999,-9999,-9999,-9999,-9999,-9999,-9999,-9999,-9999,-9999,-9999,-9999,-9999,-9999,-9999,32.2181053161621,32.123119354248,32.6785507202148,33.2394752502441,30.3417472839355,25.9216384887695,18.9251537322998,13.3564300537109,11.4953508377075,10.535008430481,10.7273597717285,9.91770839691162,8.16087627410889,8.76261043548584,10.8675880432129,10.8797883987427,10.6328907012939,12.1002292633057,14.2198324203491,15.6545495986938,16.6099090576172,16.0721797943115,18.3759117126465,26.1964168548584,32.6696739196777
-9999,-9999,-9999,-9999,-9999,-9999,-9999,-9999,-9999,-9999,-9999,-9999,-9999,-9999,-9999,-9999,-9999,-9999,-9999,-9999,-9999,-9999,-9999,-9999,-9999,-9999,-9999,-9999,-9999,-9999,-9999,-9999,-9999,-9999,-9999,-9999,-9999,-9999,-9999,-9999,-9999,-9999,-9999,-9999,-9999,-9999,-9999,-9999,-9999,-9999,-9999,-9999,-9999,-9999,-9999,-9999,-9999,-9999,-9999,-9999,-9999,-9999,-9999,-9999,-9999,-9999,-9999,-9999,-9999,-9999,-9999,-9999,-9999,-9999,-9999,-9999,-9999,-9999,-9999,-9999,-9999,-9999,-9999,-9999,-9999,-9999,-9999,-9999,-9999,-9999,-9999,-9999,-9999,-9999,-9999,-9999,-9999,-9999,-9999,-9999,-9999,-9999,-9999,-9999,-9999,-9999,-9999,-9999,31.9181747436523,32.1739692687988,31.8868026733398,31.1811656951904,27.6055240631104,23.1700954437256,17.7731647491455,14.6849250793457,15.3354244232178,15.4931793212891,14.4712285995483,17.6439571380615,22.5818500518799,22.8667373657227,22.0189590454102,24.8045921325684,27.6517086029053,29.9262027740479,31.5855369567871,31.0104732513428,30.6042766571045,30.5774974822998,-9999
-9999,-9999,-9999,-9999,-9999,-9999,-9999,-9999,-9999,-9999,-9999,-9999,-9999,-9999,-9999,-9999,-9999,-9999,-9999,-9999,-9999,-9999,-9999,-9999,-9999,-9999,-9999,-9999,-9999,-9999,-9999,-9999,-9999,-9999,-9999,-9999,-9999,-9999,-9999,-9999,-9999,-9999,-9999,-9999,-9999,-9999,-9999,-9999,-9999,-9999,-9999,-9999,-9999,-9999,-9999,-9999,-9999,-9999,-9999,-9999,-9999,-9999,-9999,-9999,-9999,-9999,-9999,-9999,-9999,-9999,-9999,-9999,-9999,-9999,-9999,-9999,-9999,-9999,-9999,-9999,-9999,-9999,-9999,-9999,-9999,-9999,-9999,-9999,-9999,-9999,-9999,-9999,-9999,-9999,-9999,-9999,-9999,-9999,-9999,-9999,-9999,-9999,-9999,-9999,-9999,-9999,-9999,-9999,-9999,-9999,31.6531829833984,31.4497756958008,29.6299209594727,27.4838485717773,24.5915603637695,22.8254165649414,22.9523162841797,22.774995803833,22.328010559082,23.9909782409668,26.5794086456299,26.7800407409668,26.3808097839355,27.8560810089111,29.4053554534912,30.6891899108887,31.6394844055176,31.2522945404053,-9999,-9999,-9999
-9999,-9999,-9999,-9999,-9999,-9999,-9999,-9999,-9999,-9999,-9999,-9999,-9999,-9999,-9999,-9999,-9999,-9999,-9999,-9999,-9999,-9999,-9999,-9999,-9999,-9999,-9999,-9999,-9999,-9999,-9999,-9999,-9999,-9999,-9999,-9999,-9999,-9999,-9999,-9999,-9999,-9999,-9999,-9999,-9999,-9999,-9999,-9999,-9999,-9999,-9999,-9999,-9999,-9999,-9999,-9999,-9999,-9999,-9999,-9999,-9999,-9999,-9999,-9999,-9999,-9999,-9999,-9999,-9999,-9999,-9999,-9999,-9999,-9999,-9999,-9999,-9999,-9999,-9999,-9999,-9999,-9999,-9999,-9999,-9999,-9999,-9999,-9999,-9999,-9999,-9999,-9999,-9999,-9999,-9999,-9999,-9999,-9999,-9999,-9999,-9999,-9999,-9999,-9999,-9999,-9999,-9999,-9999,-9999,-9999,-9999,-9999,-9999,-9999,-9999,-9999,-9999,-9999,-9999,-9999,-9999,-9999,-9999,-9999,-9999,-9999,-9999,-9999,-9999,-9999,-9999
-9999,-9999,-9999,-9999,-9999,-9999,-9999,-9999,-9999,-9999,-9999,-9999,-9999,-9999,-9999,-9999,-9999,-9999,-9999,-9999,-9999,-9999,-9999,-9999,-9999,-9999,-9999,-9999,-9999,-9999,-9999,-9999,-9999,-9999,-9999,-9999,-9999,-9999,-9999,-9999,-9999,-9999,-9999,-9999,-9999,-9999,-9999,-9999,-9999,-9999,-9999,-9999,-9999,-9999,-9999,-9999,-9999,-9999,-9999,-9999,-9999,-9999,-9999,-9999,-9999,-9999,-9999,-9999,-9999,-9999,-9999,-9999,-9999,-9999,-9999,-9999,-9999,-9999,-9999,-9999,-9999,-9999,-9999,-9999,-9999,-9999,-9999,-9999,-9999,-9999,-9999,-9999,-9999,-9999,-9999,-9999,-9999,-9999,-9999,-9999,-9999,-9999,-9999,-9999,-9999,-9999,-9999,-9999,-9999,-9999,-9999,-9999,-9999,-9999,-9999,-9999,-9999,-9999,-9999,-9999,-9999,-9999,-9999,-9999,-9999,-9999,-9999,-9999,-9999,-9999,-9999

Step,337
Year,28.08333
-9999,-9999,-9999,-9999,-9999,-9999,-9999,-9999,-9999,-9999,-9999,-9999,-9999,-9999,-9999,-9999,-9999,-9999,-9999,-9999,-9999,-9999,-9999,-9999,-9999,-9999,-9999,-9999,-9999,-9999,-9999,-9999,-9999,-9999,-9999,-9999,-9999,-9999,-9999,-9999,-9999,-9999,-9999,-9999,-9999,-9999,-9999,-9999,-9999,-9999,-9999,-9999,-9999,-9999,-9999,-9999,-9999,-9999,-9999,-9999,-9999,-9999,-9999,-9999,-9999,-9999,-9999,-9999,-9999,-9999,-9999,-9999,-9999,-9999,-9999,-9999,-9999,-9999,-9999,-9999,-9999,-9999,-9999,-9999,-9999,-9999,-9999,-9999,-9999,-9999,-9999,-9999,-9999,-9999,-9999,-9999,-9999,-9999,-9999,-9999,-9999,-9999,-9999,-9999,-9999,-9999,-9999,-9999,-9999,-9999,-9999,-9999,-9999,-9999,-9999,-9999,-9999,-9999,-9999,-9999,-9999,-9999,-9999,-9999,-9999,-9999,-9999,-9999,-9999,-9999,-9999
-9999,-9999,-9999,-9999,-9999,-9999,-9999,-9999,-9999,-9999,-9999,-9999,-9999,-9999,-9999,-9999,-9999,-9999,-9999,-9999,-9999,-9999,-9999,-9999,-9999,-9999,-9999,-9999,-9999,-9999,-9999,-9999,-9999,-9999,-9999,-9999,-9999,-9999,-9999,-9999,-9999,-9999,-9999,-9999,-9999,-9999,-9999,-9999,-9999,-9999,-9999,-9999,-9999,-9999,-9999,-9999,-9999,-9999,-9999,-9999,-9999,-9999,-9999,-9999,-9999,-9999,-9999,-9999,-9999,-9999,-9999,-9999,-9999,-9999,-9999,-9999,-9999,-9999,-9999,-9999,-9999,-9999,-9999,-9999,-9999,-9999,-9999,-9999,-9999,-9999,-9999,-9999,-9999,-9999,-9999,-9999,-9999,-9999,-9999,-9999,-9999,-9999,-9999,-9999,-9999,-9999,-9999,-9999,-9999,-9999,-9999,-9999,-9999,-9999,-9999,-9999,-9999,-9999,-9999,-9999,-9999,-9999,-9999,-9999,-9999,-9999,-9999,-9999,-9999,-9999,-9999
-9999,-9999,-9999,-9999,-9999,-9999,-9999,-9999,-9999,-9999,-9999,-9999,-9999,-9999,-9999,-9999,-9999,-9999,-9999,-9999,-9999,-9999,-9999,-9999,-9999,-9999,-9999,-9999,-9999,-9999,-9999,-9999,-9999,-9999,-9999,-9999,-9999,-9999,-9999,-9999,-9999,-9999,-9999,-9999,-9999,-9999,-9999,-9999,-9999,-9999,-9999,-9999,-9999,-9999,-9999,-9999,-9999,-9999,-9999,-9999,-9999,-9999,-9999,-9999,-9999,-9999,-9999,-9999,-9999,-9999,-9999,-9999,-9999,-9999,37.1313591003418,37.6742668151855,-9999,-9999,-9999,-9999,-9999,-9999,-9999,-9999,-9999,-9999,-9999,-9999,-9999,-9999,-9999,-9999,-9999,-9999,-9999,-9999,-9999,-9999,-9999,-9999,-9999,-9999,-9999,-9999,-9999,-9999,-9999,-9999,-9999,-9999,-9999,-9999,-9999,-9999,-9999,-9999,-9999,-9999,-9999,-9999,-9999,-9999,-9999,-9999,-9999,-9999,-9999,-9999,-9999,-9999,-9999
-9999,-9999,-9999,-9999,-9999,-9999,-9999,-9999,-9999,-9999,-9999,-9999,-9999,-9999,-9999,-9999,-9999,-9999,-9999,-9999,-9999,-9999,-9999,-9999,-9999,-9999,-9999,-9999,-9999,-9999,-9999,-9999,-9999,-9999,-9999,-9999,-9999,-9999,-9999,-9999,-9999,-9999,-9999,-9999,-9999,-9999,-9999,-9999,-9999,-9999,-9999,-9999,-9999,-9999,-9999,-9999,-9999,-9999,-9999,-9999,-9999,-9999,-9999,-9999,-9999,-9999,-9999,-9999,-9999,-9999,-9999,-9999,-9999,-9999,38.0679779052734,37.7988128662109,-9999,-9999,-9999,-9999,-9999,-9999,-9999,-9999,-9999,-9999,-9999,-9999,-9999,-9999,-9999,-9999,-9999,-9999,-9999,-9999,-9999,-9999,-9999,-9999,-9999,-9999,-9999,-9999,-9999,-9999,-9999,-9999,-9999,-9999,-9999,-9999,-9999,-9999,-9999,-9999,-9999,-9999,-9999,-9999,-9999,-9999,-9999,-9999,-9999,-9999,-9999,-9999,-9999,-9999,-9999
-9999,-9999,-9999,-9999,-9999,-9999,-9999,-9999,-9999,-9999,-9999,-9999,-9999,-9999,-9999,-9999,-9999,-9999,-9999,-9999,-9999,-9999,-9999,-9999,-9999,-9999,-9999,-9999,-9999,-9999,-9999,-9999,-9999,-9999,-9999,-9999,-9999,-9999,-9999,-9999,-9999,-9999,-9999,-9999,-9999,-9999,-9999,-9999,-9999,-9999,-9999,-9999,-9999,-9999,-9999,-9999,6.17451402507019E-13,1.08997513237341E-08,1.08163717982279E-08,1.08020614675297E-08,-9999,-9999,-9999,-9999,-9999,38.6664352416992,38.4973754882813,39.1919822692871,39.653148651123,37.373592376709,35.8139724731445,32.5882263183594,32.4685897827148,31.901741027832,35.5881042480469,34.3711585998535,32.9932708740234,-9999,-9999,25.2150058746338,23.8787784576416,22.9922256469727,23.674036026001,30.3759422302246,33.5511016845703,35.5088005065918,35.4319915771484,33.1219863891602,25.0299949645996,-9999,-9999,-9999,-9999,-9999,-9999,-9999,-9999,-9999,-9999,-9999,-9999,-9999,-9999,-9999,-9999,-9999,-9999,-9999,-9999,-9999,-9999,-9999,-9999,-9999,-9999,-9999,-9999,-9999,-9999,-9999,-9999,-9999,-9999,-9999,-9999,-9999,-9999,-9999,-9999,-9999,-9999
-9999,-9999,-9999,-9999,-9999,-9999,-9999,-9999,-9999,-9999,-9999,-9999,-9999,-9999,-9999,-9999,-9999,-9999,-9999,-9999,-9999,-9999,-9999,-9999,-9999,-9999,-9999,-9999,-9999,-9999,-9999,-9999,-9999,-9999,-9999,-9999,-9999,-9999,-9999,-9999,-9999,-9999,-9999,-9999,-9999,-9999,-9999,-9999,-9999,-9999,-9999,-9999,-9999,-9999,-9999,7.13124437973223E-13,2.48452245443787E-08,0.000671629793941975,0.000667903455905616,0.000667256186716259,0.00136913626920432,44.7415046691895,-9999,44.0495414733887,42.277645111084,42.0469398498535,41.4193344116211,40.6770057678223,40.0549545288086,39.4102058410645,36.1814346313477,35.3734016418457,35.9767723083496,34.9556045532227,34.6406669616699,34.9966316223145,33.8016395568848,33.404354095459,32.1348571777344,29.6762199401855,26.365062713623,23.6069717407227,26.7688884735107,29.7652931213379,34.0601043701172,36.4254417419434,36.2629470825195,34.1653861999512,28.6079425811768,22.4878559112549,15.957859992981,-9999,-9999,-9999,-9999,-9999,-9999,-9999,-9999,-9999,-9999,-9999,-9999,-9999,-9999,-9999,-9999,-9999,-9999,-9999,-9999,-9999,-9999,-9999,-9999,-9999,-9999,-9999,-9999,-9999,-9999,-9999,-9999,-9999,-9999,-9999,-9999,-9999,-9999,-9999,-9999
-9999,-9999,-9999,-9999,-9999,-9999,-9999,-9999,-9999,-9999,-9999,-9999,-9999,-9999,-9999,-9999,-9999,-9999,-9999,-9999,-9999,-9999,-9999,-9999,-9999,-9999,-9999,-9999,-9999,-9999,-9999,-9999,-9999,-9999,-9999,-9999,-9999,-9999,-9999,-9999,-9999,-9999,-9999,-9999,-9999,-9999,-9999,-9999,-9999,-9999,-9999,-9999,-9999,-9999,-9999,1.44816407754433E-08,0.000772367930039763,45.8871994018555,45.8301620483398,45.8823699951172,46.0377082824707,45.3996086120605,44.6269607543945,44.5933227539063,42.6512794494629,42.1040573120117,40.4786262512207,40.4885559082031,39.8131713867188,38.4766082763672,37.526969909668,37.1270980834961,36.7657203674316,36.4405937194824,36.0879364013672,35.7171173095703,34.8332061767578,33.6615295410156,31.910572052002,29.6380958557129,26.7179145812988,24.1812477111816,27.4548244476318,31.9553470611572,36.0822067260742,37.9677772521973,37.6126899719238,34.883113861084,29.0843467712402,22.9203109741211,15.8402986526489,13.8789958953857,18.0758476257324,-9999,-9999,-9999,-9999,-9999,-9999,-9999,-9999,-9999,29.651683807373,30.337869644165,32.1832885742188,-9999,-9999,-9999,-9999,-9999,-9999,-9999,-9999,-9999,-9999,-9999,-9999,-9999,-9999,-9999,-9999,-9999,-9999,-9999,-9999,-9999,-9999,-9999,-9999,-9999,-9999
-9999,-9999,-9999,-9999,-9999,-9999,-9999,-9999,-9999,-9999,-9999,-9999,-9999,-9999,-9999,-9999,-9999,-9999,-9999,-9999,-9999,-9999,-9999,-9999,-9999,-9999,-9999,-9999,-9999,-9999,-9999,38.9835319519043,-9999,-9999,-9999,40.2444190979004,-9999,-9999,-9999,-9999,-9999,-9999,-9999,-9999,-9999,-9999,-9999,-9999,-9999,-9999,-9999,-9999,-9999,-9999,-9999,-9999,-9999,45.4547691345215,45.6809349060059,45.7823638916016,-9999,46.1741027832031,45.5879592895508,44.3753662109375,43.308521270752,42.2389450073242,41.7242126464844,40.7076568603516,39.992488861084,37.604621887207,36.6973876953125,37.8984985351563,38.2178726196289,37.7573127746582,37.0617713928223,36.6203842163086,35.7932662963867,34.9557266235352,34.5765151977539,34.4658966064453,33.1240234375,31.4048881530762,34.7422752380371,36.801155090332,39.5437126159668,40.7885818481445,39.7647705078125,37.4142379760742,32.735221862793,29.5245838165283,27.2733535766602,22.6040134429932,16.8087635040283,20.0490589141846,-9999,-9999,-9999,-9999,-9999,-9999,-9999,-9999,33.9512901306152,35.6259231567383,36.1345062255859,34.0425834655762,33.4740028381348,-9999,-9999,-9999,-9999,-9999,-9999,-9999,-9999,-9999,-9999,-9999,-9999,-9999,-9999,-9999,-9999,-9999,-9999,-9999,-9999,-9999,-9999,-9999,-9999
-9999,-9999,-9999,-9999,-9999,-9999,-9999,-9999,-9999,-9999,-9999,-9999,-9999,-9999,-9999,-9999,-9999,-9999,-9999,-9999,-9999,-9999,-9999,-9999,-9999,-9999,-9999,-9999,-9999,-9999,38.7792510986328,38.5974235534668,-9999,-9999,40.367073059082,39.5981864929199,-9999,-9999,36.3464546203613,38.3226890563965,-9999,-9999,-9999,-9999,-9999,41.3809814453125,-9999,-9999,-9999,-9999,-9999,-9999,-9999,-9999,-9999,-9999,-9999,-9999,-9999,-9999,-9999,46.0357513427734,46.5977363586426,44.7888107299805,43.461597442627,42.4564743041992,40.5156402587891,39.8395195007324,38.6746520996094,36.5803909301758,35.3815307617188,38.6248550415039,39.9410552978516,39.6605834960938,38.397102355957,37.9014739990234,37.1609191894531,36.3787231445313,37.5467720031738,39.2855110168457,39.723934173584,38.8381271362305,39.7616958618164,40.7323837280273,41.8752136230469,42.3101196289063,41.4356842041016,39.7057876586914,36.4631080627441,35.2784271240234,36.7773170471191,30.3034534454346,18.0431251525879,20.0519008636475,24.3032379150391,-9999,-9999,-9999,-9999,-9999,34.8929061889648,35.1459274291992,35.3418426513672,35.7291145324707,36.9052772521973,37.7491149902344,36.2817001342773,32.235969543457,-9999,-9999,-9999,-9999,-9999,-9999,-9999,-9999,-9999,-9999,-9999,-9999,-9999,-9999,-9999,-9999,-9999,-9999,-9999,-9999,-9999,-9999,-9999
-9999,-9999,-9999,-9999,-9999,-9999,-9999,-9999,-9999,-9999,-9999,-9999,-9999,-9999,-9999,-9999,-9999,-9999,-9999,-9999,-9999,-9999,-9999,38.59619140625,39.1783599853516,-9999,-9999,-9999,-9999,38.0945625305176,38.2963371276855,38.1555023193359,38.456615447998,39.2178230285645,39.5555610656738,39.6314697265625,37.200023651123,35.9111175537109,35.9082489013672,-9999,38.5276489257813,40.9995613098145,-9999,-9999,40.9750366210938,41.4368553161621,41.8896865844727,42.8990859985352,-9999,-9999,-9999,-9999,-9999,-9999,-9999,-9999,-9999,41.6768264770508,43.8572082519531,-9999,-9999,-9999,44.9028129577637,45.046932220459,43.751277923584,42.4340515136719,41.882453918457,41.0462074279785,39.4767456054688,35.8699111938477,34.4341468811035,38.0275421142578,39.8624534606934,40.1630477905273,39.892448425293,39.4726524353027,38.7485809326172,37.8437309265137,37.8732566833496,39.4705505371094,39.9135704040527,39.945369720459,40.9735946655273,41.8294486999512,42.2463836669922,42.3912506103516,42.0250129699707,40.9373512268066,38.3536605834961,36.7231636047363,35.8715858459473,31.1788635253906,24.1738300323486,23.3976078033447,24.2225952148438,21.3304576873779,20.8419570922852,22.2785053253174,22.8151187896729,24.7706203460693,29.6460838317871,34.9884452819824,35.0938873291016,35.3960456848145,36.4514083862305,37.5586853027344,37.6047630310059,34.9371070861816,33.7578506469727,34.5837783813477,-9999,-9999,-9999,-9999,-9999,-9999,-9999,-9999,-9999,-9999,-9999,-9999,-9999,-9999,-9999,-9999,-9999,-9999,-9999,-9999,-9999
-9999,-9999,-9999,-9999,-9999,-9999,-9999,-9999,-9999,-9999,-9999,-9999,-9999,-9999,-9999,-9999,-9999,-9999,-9999,-9999,-9999,-9999,38.7344741821289,38.6785736083984,38.1965713500977,39.5979804992676,40.450496673584,37.7757759094238,37.38818359375,37.3657531738281,37.7386779785156,38.1100006103516,37.6677627563477,37.6422920227051,38.9465370178223,37.0606269836426,35.3930892944336,35.1803131103516,35.2818794250488,36.0019493103027,37.8661766052246,39.7233238220215,40.6841125488281,41.1258773803711,41.4107246398926,41.5701370239258,42.5077934265137,43.0699272155762,43.2538528442383,-9999,-9999,-9999,-9999,-9999,-9999,-9999,-9999,39.7132949829102,40.344425201416,42.5927810668945,-9999,-9999,43.9571838378906,44.6060638427734,45.3663215637207,43.7888488769531,42.3228378295898,40.8019409179688,38.1329231262207,34.8425445556641,33.6122398376465,37.5525360107422,39.1952323913574,40.9284896850586,41.1630821228027,40.4762191772461,39.7514915466309,39.3253364562988,39.3131484985352,38.6757392883301,39.8811149597168,41.0299911499023,42.0073776245117,42.7029113769531,42.5621452331543,42.4660682678223,42.4659690856934,41.8386535644531,40.3609237670898,37.9585494995117,34.5404434204102,31.9226837158203,28.4331817626953,25.8574104309082,23.536060333252,22.2348442077637,21.9439373016357,24.0182914733887,24.247688293457,23.6576404571533,26.0705718994141,32.4478302001953,35.3253326416016,35.8728523254395,36.4016990661621,37.0544128417969,37.6758155822754,38.7295913696289,36.8692779541016,34.5296516418457,-9999,-9999,-9999,-9999,-9999,-9999,-9999,-9999,-9999,-9999,-9999,-9999,-9999,-9999,-9999,-9999,-9999,-9999,-9999,-9999,-9999
-9999,-9999,-9999,-9999,-9999,-9999,-9999,-9999,-9999,-9999,-9999,-9999,-9999,-9999,-9999,-9999,-9999,-9999,-9999,-9999,-9999,-9999,39.1487884521484,38.1930351257324,37.5888519287109,39.3641242980957,41.3159637451172,41.3307495117188,36.778621673584,36.8463325500488,37.3071060180664,37.7634925842285,37.2629356384277,37.182731628418,37.8444137573242,36.4390640258789,35.3179550170898,35.2002182006836,34.9122886657715,35.8302268981934,36.7840042114258,38.8238105773926,40.2497634887695,40.5365295410156,40.7494773864746,41.3835411071777,41.4398422241211,42.5076217651367,43.2825317382813,43.0814590454102,42.9734497070313,-9999,-9999,-9999,-9999,-9999,-9999,-9999,39.8527450561523,40.6355667114258,42.4549369812012,43.0041122436523,43.7522277832031,44.8088989257813,45.658260345459,43.8705520629883,41.9616012573242,38.4704704284668,35.0922966003418,33.3134078979492,34.4759750366211,38.5692329406738,40.7461814880371,41.8947410583496,42.1143760681152,42.2079086303711,41.8688354492188,41.4580154418945,40.8963470458984,40.0728721618652,41.0818748474121,42.0419387817383,42.3692016601563,42.61376953125,42.5847358703613,42.5713043212891,42.5789184570313,42.0186347961426,40.8031616210938,38.1375045776367,33.5634765625,31.8742427825928,30.996883392334,25.5828113555908,19.3752994537354,20.3323860168457,21.3067684173584,23.0780830383301,24.3006153106689,23.7796325683594,26.3121433258057,33.0658874511719,36.6791801452637,38.4835624694824,37.9416999816895,35.9215278625488,36.689136505127,38.4952774047852,38.204532623291,35.9845733642578,38.4850006103516,-9999,-9999,-9999,-9999,-9999,-9999,-9999,-9999,-9999,-9999,-9999,-9999,-9999,-9999,-9999,-9999,-9999,-9999,-9999,-9999
-9999,-9999,-9999,-9999,-9999,-9999,-9999,-9999,-9999,-9999,-9999,-9999,-9999,-9999,-9999,-9999,-9999,-9999,-9999,-9999,-9999,-9999,39.2244071960449,38.8801689147949,36.5224380493164,35.9461288452148,42.0489921569824,43.8296203613281,40.2400436401367,38.1306991577148,38.3718795776367,38.4044570922852,37.9619026184082,37.7373580932617,37.3718414306641,36.7086639404297,36.2353172302246,35.7398910522461,35.6876983642578,36.3375091552734,37.1355056762695,38.1499252319336,39.2490921020508,39.6859283447266,40.0102195739746,39.9960746765137,40.2716827392578,40.2689056396484,41.5471267700195,42.8186111450195,43.177661895752,-9999,-9999,-9999,-9999,39.9532089233398,39.4657516479492,39.1844024658203,39.1806411743164,39.9587860107422,41.0572700500488,42.1132850646973,42.8607597351074,44.1643486022949,44.3602714538574,43.1542816162109,41.4102210998535,36.4432907104492,33.769100189209,35.3791198730469,36.6594619750977,40.0971412658691,42.1409454345703,43.1507225036621,43.5260047912598,43.3387145996094,42.9198417663574,42.4021224975586,41.8305015563965,41.2409934997559,41.9755973815918,42.6535491943359,42.5709419250488,42.5177268981934,42.5675773620605,42.5971527099609,42.5868835449219,42.1443481445313,41.1994247436523,38.7037887573242,34.6669235229492,34.1839065551758,35.3740692138672,29.3371677398682,20.8861713409424,21.9374370574951,23.1569175720215,24.8269348144531,25.8160419464111,25.605525970459,28.206298828125,33.9526596069336,37.8986701965332,40.4807777404785,39.5007286071777,36.1766319274902,37.1487121582031,39.3548126220703,40.191520690918,39.4658088684082,39.130428314209,40.5416107177734,-9999,-9999,-9999,-9999,-9999,-9999,-9999,-9999,-9999,-9999,-9999,-9999,-9999,-9999,-9999,-9999,-9999,-9999,-9999
-9999,-9999,-9999,-9999,-9999,-9999,-9999,-9999,-9999,-9999,-9999,-9999,-9999,-9999,-9999,-9999,-9999,-9999,-9999,-9999,-9999,37.7380638122559,39.1020164489746,38.4014701843262,35.7963714599609,35.4212837219238,41.9610061645508,44.4911804199219,43.0869026184082,42.1751976013184,41.9122276306152,41.3694496154785,41.2981986999512,41.0126457214355,40.5915031433105,40.2483062744141,39.7136650085449,39.4676208496094,39.2538375854492,39.4511528015137,39.1780471801758,37.3308448791504,36.9018859863281,38.2823677062988,38.8435707092285,39.2271995544434,39.4314308166504,39.5101509094238,39.6120643615723,39.9909210205078,40.1809730529785,40.2974128723145,40.2986488342285,39.9045486450195,39.9896774291992,39.7512359619141,39.2056846618652,39.0311470031738,39.0186500549316,39.061393737793,38.2300987243652,38.331600189209,40.0078468322754,42.801570892334,44.6722068786621,42.9252738952637,40.6467819213867,35.5894393920898,35.56298828125,39.5613403320313,42.249153137207,43.210205078125,43.7009887695313,43.701831817627,43.5734634399414,43.3302268981934,43.0322799682617,42.7099456787109,42.4145240783691,42.1216163635254,42.2384452819824,42.361141204834,42.3867454528809,42.4138603210449,42.4481964111328,42.4318656921387,42.3202972412109,42.0981178283691,41.7518310546875,40.9236526489258,39.7365264892578,39.7422866821289,40.129810333252,37.7217216491699,33.7958106994629,31.0420761108398,29.0341167449951,29.8967533111572,30.9447555541992,30.8847980499268,32.0218162536621,35.459831237793,38.3662948608398,41.3022117614746,41.107837677002,39.0263481140137,41.0949630737305,43.7115020751953,42.2378425598145,40.1270408630371,40.1067276000977,39.9008369445801,38.6793251037598,37.805591583252,-9999,-9999,-9999,-9999,-9999,-9999,-9999,-9999,-9999,-9999,-9999,-9999,-9999,-9999,-9999,-9999,-9999
-9999,-9999,-9999,-9999,-9999,-9999,-9999,-9999,-9999,-9999,-9999,-9999,-9999,-9999,-9999,-9999,-9999,-9999,-9999,-9999,-9999,35.8538131713867,35.4417114257813,36.6623039245605,36.1770172119141,36.9174423217773,41.5065307617188,43.7872428894043,43.556770324707,43.0970573425293,42.5777053833008,42.2701148986816,42.0733833312988,41.9082069396973,41.5895805358887,41.2352828979492,40.8029747009277,40.5116729736328,40.2858352661133,40.3249664306641,39.8047065734863,38.0921249389648,37.1442031860352,37.6410331726074,38.1529388427734,38.6624412536621,39.2761840820313,39.7418518066406,39.4759674072266,39.1456298828125,39.3845672607422,39.477596282959,39.4655303955078,39.5184707641602,39.5741539001465,38.9305191040039,38.4361686706543,38.0617408752441,37.7113418579102,36.7864418029785,36.3463363647461,37.7636947631836,38.8947906494141,39.6053619384766,42.7729606628418,42.2875938415527,41.4678421020508,35.8928108215332,38.0010871887207,42.1891326904297,44.5783462524414,44.3816528320313,44.1130409240723,43.7431716918945,-9999,-9999,-9999,-9999,-9999,-9999,-9999,42.0751495361328,42.1335601806641,42.1900939941406,42.2386894226074,42.2128028869629,42.0466003417969,41.9275207519531,41.8599243164063,41.8322639465332,41.8314437866211,41.798656463623,41.7493324279785,41.1906890869141,39.7466316223145,35.7000350952148,32.1122894287109,33.4056282043457,33.752384185791,32.342700958252,32.0999603271484,33.6880722045898,36.6135902404785,39.9072418212891,40.7830924987793,40.5286979675293,42.4926605224609,44.8318557739258,42.3598289489746,39.1767807006836,39.8711738586426,39.5937576293945,38.8119506835938,36.848690032959,37.1952323913574,-9999,-9999,-9999,-9999,-9999,-9999,-9999,-9999,-9999,-9999,-9999,-9999,-9999,-9999,-9999,-9999
-9999,-9999,-9999,-9999,-9999,-9999,-9999,-9999,-9999,-9999,-9999,-9999,-9999,-9999,-9999,-9999,-9999,-9999,-9999,33.8151245117188,34.5637054443359,33.992073059082,33.4366188049316,33.3511009216309,37.0855751037598,39.882568359375,40.6784934997559,41.107177734375,40.6975936889648,40.3439483642578,40.0046043395996,39.9067649841309,39.8428802490234,39.5168342590332,39.250072479248,38.9017753601074,38.4993286132813,38.2913398742676,38.1262741088867,38.1740913391113,38.7765312194824,40.9811096191406,41.4046249389648,39.287956237793,38.5185432434082,39.1769142150879,40.0293617248535,41.0285263061523,39.7145080566406,37.8295211791992,38.207633972168,38.3239517211914,38.1268157958984,38.1099548339844,37.91796875,37.1815071105957,35.8648414611816,34.8478126525879,34.3545799255371,35.3530578613281,37.7755928039551,40.1287231445313,42.0636138916016,41.6823577880859,41.4976959228516,39.5865592956543,40.7750587463379,42.0397644042969,42.1801834106445,43.3454437255859,44.0279769897461,-9999,-9999,-9999,-9999,-9999,-9999,-9999,-9999,-9999,-9999,-9999,-9999,41.7910461425781,41.8983688354492,41.9160041809082,41.7645835876465,41.5783233642578,41.3533096313477,41.0906295776367,40.8012771606445,40.7129859924316,40.6996231079102,40.7701873779297,40.8439178466797,37.3391609191895,33.8760566711426,34.4605827331543,33.8307685852051,28.9912567138672,26.1126670837402,27.7277603149414,30.2069110870361,34.1078186035156,37.2526054382324,40.2585945129395,41.5410385131836,42.331485748291,39.7819557189941,36.5145530700684,38.5402946472168,40.167121887207,40.4189758300781,35.1970825195313,36.1267585754395,-9999,-9999,-9999,-9999,-9999,-9999,-9999,-9999,-9999,-9999,-9999,-9999,-9999,-9999,-9999,-9999
-9999,-9999,-9999,-9999,-9999,-9999,-9999,-9999,-9999,-9999,-9999,-9999,-9999,-9999,-9999,-9999,-9999,-9999,31.7711868286133,32.9790420532227,33.1743278503418,35.1267013549805,33.6190032958984,32.727840423584,36.8423194885254,39.5948600769043,40.3809051513672,40.808464050293,40.2234649658203,39.8684272766113,39.6916084289551,39.5507316589355,39.5982398986816,39.420783996582,38.9335746765137,38.8976707458496,38.6078224182129,38.560848236084,38.3076705932617,38.3045845031738,39.2208480834961,42.1249694824219,43.0781021118164,40.2916259765625,39.47119140625,39.6945953369141,40.6051826477051,41.4742202758789,39.7831268310547,37.1096153259277,36.4241523742676,36.0889854431152,35.818904876709,35.7007522583008,36.7254753112793,36.9875564575195,35.55615234375,34.4860496520996,33.9107055664063,36.1049728393555,39.2580909729004,41.5393981933594,42.9967041015625,43.232250213623,43.1292190551758,42.8846130371094,42.5018348693848,43.1322326660156,-9999,-9999,-9999,-9999,-9999,-9999,-9999,-9999,-9999,-9999,-9999,-9999,-9999,-9999,-9999,-9999,-9999,41.5912170410156,41.4720878601074,41.2759742736816,40.9948272705078,40.625617980957,40.194091796875,40.0341491699219,39.9741973876953,40.272403717041,40.6340599060059,38.2657203674316,35.8720397949219,35.0754241943359,33.3630676269531,28.563196182251,24.8100643157959,24.1197776794434,24.936824798584,27.8057079315186,32.9848861694336,37.6045227050781,38.6790924072266,38.914176940918,38.3964576721191,37.6534805297852,38.4056510925293,39.7013359069824,39.3553848266602,35.9978523254395,35.2696685791016,-9999,-9999,-9999,-9999,-9999,-9999,-9999,-9999,-9999,-9999,-9999,-9999,-9999,-9999,-9999,-9999
-9999,-9999,-9999,-9999,-9999,-9999,-9999,-9999,-9999,-9999,-9999,-9999,33.3526840209961,31.9212627410889,-9999,31.5973606109619,33.0655136108398,34.5912933349609,33.9632186889648,31.3396854400635,34.0469741821289,36.9799766540527,36.0213470458984,35.144474029541,35.7414054870605,37.0761833190918,40.7375717163086,42.4146270751953,42.3960037231445,42.0106201171875,41.6276931762695,41.7492408752441,41.6874885559082,41.5314178466797,41.1742820739746,41.5848922729492,40.8330612182617,40.8143463134766,40.6141014099121,40.1468276977539,40.3370513916016,40.8016891479492,41.5109024047852,40.6228446960449,40.6307106018066,40.7921752929688,41.3387031555176,41.4645347595215,39.6903762817383,37.2189636230469,34.7558822631836,32.340461730957,32.0683403015137,32.4395027160645,35.724006652832,37.496166229248,36.4304351806641,35.7593727111816,36.2640609741211,38.7237854003906,41.4172477722168,42.6406402587891,43.2690505981445,43.3776359558105,43.3623313903809,43.177806854248,43.0130462646484,-9999,-9999,-9999,-9999,-9999,-9999,-9999,-9999,-9999,-9999,-9999,-9999,-9999,-9999,-9999,-9999,-9999,-9999,-9999,41.1692504882813,41.0138320922852,40.7658233642578,40.4058876037598,39.9662094116211,39.7227592468262,39.5475997924805,39.7212333679199,39.9465522766113,39.0676078796387,37.979133605957,35.32470703125,32.3994369506836,30.8461532592773,27.8357181549072,22.8011703491211,20.8497619628906,22.9456310272217,27.4954414367676,31.8572959899902,33.5646438598633,34.5196228027344,38.2056350708008,41.3213081359863,39.5706558227539,38.3159828186035,38.9037399291992,36.5924911499023,34.9322280883789,-9999,-9999,-9999,-9999,-9999,-9999,-9999,-9999,-9999,-9999,-9999,-9999,-9999,-9999,-9999,-9999
-9999,-9999,-9999,-9999,-9999,-9999,-9999,-9999,-9999,-9999,31.1113719940186,32.7765083312988,34.3660774230957,32.0385437011719,31.6770210266113,29.5367870330811,31.7228984832764,36.0424880981445,35.487247467041,33.0239067077637,35.8005790710449,38.955982208252,38.5735168457031,37.6257476806641,37.1853065490723,37.5671653747559,40.5269584655762,41.974609375,41.6668128967285,41.7815132141113,42.9456520080566,43.4383964538574,43.1522178649902,43.099983215332,42.7103805541992,42.6387977600098,42.954963684082,42.7654342651367,42.4212379455566,41.9084625244141,41.6299781799316,41.3892059326172,41.3441734313965,41.4681396484375,41.4229698181152,41.7017097473145,42.0333862304688,42.3009338378906,41.3956260681152,39.5467376708984,36.7180480957031,33.4928588867188,33.5119743347168,33.7684898376465,36.3482284545898,38.201847076416,37.6910285949707,38.0461730957031,38.2183799743652,39.8595657348633,41.8226585388184,42.5929183959961,42.9105567932129,42.9526023864746,42.9354133605957,42.8459091186523,-9999,-9999,-9999,-9999,-9999,-9999,-9999,-9999,-9999,-9999,-9999,-9999,-9999,-9999,-9999,-9999,-9999,-9999,-9999,-9999,-9999,40.709415435791,40.4594230651855,40.1203231811523,39.7196388244629,39.4728088378906,39.2814636230469,39.3492965698242,39.457389831543,39.3075675964355,38.8896484375,36.4049224853516,33.5722427368164,31.9499225616455,29.4043045043945,24.979248046875,21.8829727172852,20.858154296875,23.2698440551758,27.1743698120117,30.7767963409424,33.2036743164063,36.9981956481934,40.2716789245605,38.1656494140625,36.660816192627,37.9509811401367,35.4806823730469,33.1031303405762,-9999,-9999,-9999,-9999,-9999,-9999,-9999,-9999,-9999,-9999,-9999,-9999,-9999,-9999,-9999,-9999
-9999,-9999,-9999,-9999,-9999,-9999,-9999,-9999,27.7129173278809,28.8647174835205,29.1523170471191,28.9668350219727,30.1598682403564,32.2238807678223,31.3875999450684,29.5779552459717,31.8312568664551,36.2177772521973,36.2725791931152,34.7728729248047,37.7732467651367,40.7086791992188,40.5095710754395,39.3914642333984,39.3349533081055,39.1197052001953,39.4085426330566,39.4480819702148,39.0935974121094,40.3640251159668,43.1793251037598,44.2237014770508,44.2363433837891,44.2410736083984,44.1587677001953,43.9716529846191,43.6766738891602,43.5497741699219,43.2584114074707,43.1099090576172,42.8770751953125,42.6657562255859,42.5197372436523,42.4333572387695,42.373649597168,42.3800582885742,42.4181823730469,42.4276542663574,42.5232238769531,42.4927635192871,40.5036277770996,37.9217987060547,37.9659194946289,38.3046569824219,38.5893669128418,38.4749298095703,38.2366638183594,38.6774940490723,40.2159805297852,41.3805961608887,41.9283485412598,42.1891136169434,-9999,-9999,-9999,-9999,-9999,-9999,-9999,-9999,-9999,-9999,-9999,-9999,-9999,-9999,-9999,-9999,-9999,-9999,-9999,-9999,-9999,-9999,-9999,-9999,-9999,-9999,40.1110916137695,39.7993011474609,39.4599380493164,39.2531051635742,39.094123840332,39.0671691894531,39.0618667602539,39.2835502624512,39.3070411682129,37.8417472839355,35.8191452026367,32.6048164367676,30.1383819580078,29.0024757385254,25.8186645507813,20.1999359130859,19.9012985229492,22.504846572876,28.2562484741211,33.4445877075195,35.356273651123,36.6535797119141,35.1331825256348,34.2504348754883,36.3659858703613,34.3924789428711,33.6048393249512,-9999,-9999,-9999,-9999,-9999,-9999,-9999,-9999,-9999,-9999,-9999,-9999,-9999,-9999,-9999,-9999
-9999,-9999,-9999,-9999,-9999,-9999,-9999,-9999,26.3680667877197,27.560977935791,28.7057609558105,28.31955909729,28.5239486694336,29.0234107971191,29.7295055389404,30.3712425231934,33.4743041992188,37.9146919250488,37.7554397583008,36.7638740539551,37.7434539794922,39.3954658508301,40.2736053466797,41.0309906005859,40.8328857421875,40.5674514770508,40.2150115966797,39.8101959228516,39.5049057006836,40.2845153808594,42.1130905151367,42.6664199829102,42.5033531188965,42.3844261169434,42.1715087890625,42.0178527832031,41.8968963623047,41.7079429626465,41.5183601379395,41.2832908630371,41.1899871826172,41.0140495300293,41.2268943786621,41.9854583740234,42.2578926086426,42.2118225097656,42.1175270080566,41.9892692565918,42.110221862793,42.248405456543,41.182243347168,40.0088043212891,40.2375907897949,40.3847885131836,40.2534255981445,40.0577239990234,39.7637634277344,40.1044731140137,40.9812316894531,41.5334167480469,41.8355827331543,41.9588623046875,-9999,-9999,-9999,-9999,-9999,-9999,-9999,-9999,-9999,-9999,-9999,-9999,-9999,-9999,-9999,-9999,-9999,-9999,-9999,-9999,-9999,-9999,-9999,-9999,-9999,-9999,-9999,-9999,39.0662956237793,38.9005851745605,38.7777938842773,38.7252922058105,38.6811714172363,38.895938873291,38.9723129272461,38.0304679870605,36.7915573120117,34.4505424499512,32.3817977905273,30.4951248168945,27.7896595001221,23.7417068481445,21.5496253967285,20.422830581665,24.9111843109131,30.3252143859863,31.2436065673828,32.2045097351074,31.5970230102539,31.4104976654053,34.4744110107422,31.2755336761475,30.4796466827393,-9999,-9999,-9999,-9999,-9999,-9999,-9999,-9999,-9999,-9999,-9999,-9999,-9999,-9999,-9999,-9999
-9999,-9999,-9999,-9999,-9999,-9999,20.702184677124,26.1166343688965,26.3125114440918,26.1342315673828,27.6112842559814,28.4547901153564,27.9570560455322,26.1710109710693,27.3557910919189,32.3861694335938,36.0536460876465,39.1007385253906,39.3490104675293,38.3554534912109,37.7870216369629,37.2404327392578,39.9387168884277,41.9907684326172,42.0076942443848,41.9306449890137,41.6142807006836,41.253849029541,40.889347076416,40.6548767089844,40.3774528503418,40.079517364502,39.7607879638672,39.4985427856445,39.3141288757324,39.133487701416,38.9482955932617,38.9008598327637,38.8489723205566,38.7477912902832,38.6387214660645,38.50390625,39.2349128723145,41.157039642334,41.9602584838867,41.8599967956543,41.5944747924805,41.244197845459,41.0212478637695,40.8107223510742,40.9264030456543,41.0682106018066,41.2698936462402,41.4750709533691,41.4716682434082,41.3937759399414,41.1275939941406,40.974063873291,40.9936752319336,41.2533645629883,41.7010116577148,-9999,-9999,-9999,-9999,-9999,-9999,-9999,-9999,-9999,-9999,-9999,-9999,-9999,-9999,-9999,-9999,-9999,-9999,-9999,-9999,-9999,-9999,-9999,-9999,-9999,-9999,-9999,-9999,-9999,-9999,-9999,-9999,38.3617286682129,38.3009262084961,38.4105224609375,38.4439926147461,37.9310836791992,37.3722076416016,36.5597038269043,34.8159255981445,31.2644538879395,28.9697322845459,28.1330242156982,24.4687843322754,18.6111736297607,20.2852420806885,24.394359588623,25.5645599365234,26.9748096466064,27.2860221862793,28.2982635498047,32.2696571350098,30.0362548828125,-9999,-9999,-9999,-9999,-9999,-9999,-9999,-9999,-9999,-9999,-9999,-9999,-9999,-9999,-9999,-9999,-9999
-9999,-9999,-9999,-9999,-9999,-9999,26.0817317962646,26.1703224182129,25.8739776611328,25.9655666351318,26.1443824768066,29.0599403381348,31.1144142150879,31.8598747253418,33.2782783508301,34.7945213317871,37.272029876709,40.0812759399414,40.1138687133789,39.337833404541,38.8511695861816,38.2964363098145,40.4081535339355,42.0969696044922,42.0743064880371,41.9133338928223,41.719051361084,41.5230827331543,41.1673316955566,40.7961349487305,40.3703346252441,40.1053161621094,39.8418197631836,39.5552139282227,39.2675590515137,39.4533386230469,39.7000160217285,39.6530685424805,39.587230682373,39.4304428100586,39.2877311706543,39.2204246520996,39.6017570495605,40.6609687805176,41.1266708374023,41.0709991455078,40.8613586425781,40.5460586547852,40.4301452636719,40.3745613098145,40.4987335205078,40.6427459716797,40.7389717102051,40.8254203796387,40.8730392456055,40.8566093444824,40.671989440918,40.5512428283691,40.5111885070801,-9999,-9999,-9999,-9999,-9999,-9999,-9999,-9999,-9999,-9999,-9999,-9999,-9999,-9999,-9999,-9999,-9999,-9999,-9999,-9999,-9999,-9999,-9999,-9999,-9999,-9999,-9999,-9999,-9999,-9999,-9999,-9999,-9999,-9999,-9999,37.8958625793457,37.9559669494629,37.9857749938965,37.8076515197754,37.5327606201172,36.9767646789551,35.9410247802734,34.0988922119141,31.8166580200195,29.2093257904053,26.4077911376953,22.8248100280762,21.5979385375977,21.2551021575928,24.2570781707764,27.3647079467773,28.6611938476563,29.8841133117676,31.6071319580078,29.1688270568848,30.1394519805908,28.0390129089355,-9999,-9999,-9999,-9999,-9999,-9999,-9999,-9999,-9999,-9999,-9999,-9999,-9999,-9999,-9999
-9999,-9999,-9999,-9999,25.0470905303955,26.7935180664063,26.1762828826904,26.0336647033691,25.8321895599365,25.8408012390137,26.7930011749268,30.9171047210693,34.6480026245117,37.4567031860352,38.3115119934082,37.2984809875488,38.2966766357422,40.5010871887207,40.7047462463379,40.1896553039551,39.7012176513672,39.2232933044434,40.3426704406738,41.3376197814941,41.4278373718262,41.4751358032227,41.3545303344727,41.2134017944336,41.0291175842285,40.7807807922363,40.495002746582,40.2074508666992,39.9201736450195,39.6094360351563,39.3023986816406,39.8919105529785,40.5761260986328,40.4950790405273,40.3975868225098,40.1902618408203,40.0216941833496,39.9934577941895,40.0053100585938,40.0913200378418,40.1317481994629,40.1337890625,40.0060615539551,39.8044776916504,39.8666725158691,40.0024108886719,40.0459518432617,40.0757865905762,40.0576171875,40.0552062988281,-9999,-9999,-9999,-9999,-9999,-9999,-9999,-9999,-9999,-9999,-9999,-9999,-9999,-9999,-9999,-9999,-9999,-9999,-9999,-9999,-9999,-9999,-9999,-9999,-9999,-9999,-9999,-9999,-9999,-9999,-9999,-9999,-9999,-9999,-9999,-9999,-9999,-9999,-9999,-9999,-9999,37.4967231750488,37.5275382995605,37.6668739318848,37.6493301391602,37.1615180969238,36.8174209594727,36.6104393005371,34.3878784179688,29.9988079071045,27.8289318084717,26.7775764465332,22.822603225708,17.8601989746094,22.9341735839844,28.292688369751,29.9229774475098,31.2132663726807,30.9655494689941,22.2957496643066,22.8139305114746,27.8925895690918,29.0621166229248,-9999,-9999,-9999,-9999,-9999,-9999,-9999,-9999,-9999,-9999,-9999,-9999,-9999,-9999
-9999,-9999,-9999,-9999,30.4863986968994,28.1950817108154,27.3410682678223,25.8091487884521,26.2588691711426,28.1007041931152,30.4844951629639,33.5538787841797,36.1359748840332,38.1241607666016,39.1534309387207,39.2286987304688,39.6740760803223,40.365837097168,40.1895713806152,39.6994972229004,39.9592361450195,40.3466873168945,40.7454566955566,41.0950927734375,41.1078186035156,41.1086349487305,41.0654144287109,40.9867668151855,40.8452682495117,40.6694641113281,40.457878112793,40.2640190124512,40.0841598510742,39.9299621582031,39.7780838012695,39.9833946228027,40.2280044555664,40.0292472839355,39.8183135986328,39.5300407409668,39.2847709655762,39.1735572814941,39.1085548400879,39.115406036377,39.1153030395508,39.109260559082,39.0300216674805,-9999,-9999,-9999,-9999,-9999,-9999,-9999,-9999,-9999,-9999,-9999,-9999,-9999,-9999,-9999,-9999,-9999,-9999,-9999,-9999,-9999,-9999,-9999,-9999,-9999,-9999,-9999,-9999,-9999,-9999,-9999,-9999,-9999,-9999,-9999,-9999,-9999,-9999,-9999,-9999,-9999,-9999,-9999,-9999,-9999,-9999,-9999,-9999,-9999,37.1324195861816,37.2473411560059,37.2891807556152,37.1200523376465,36.6616630554199,35.6680107116699,33.4068565368652,29.8004322052002,27.8555812835693,26.6914958953857,22.2704734802246,16.2669410705566,19.646240234375,23.5876998901367,25.1019268035889,26.4983081817627,27.2738914489746,28.1604404449463,21.6446437835693,26.5602493286133,24.587610244751,-9999,-9999,-9999,-9999,-9999,-9999,-9999,-9999,-9999,-9999,-9999,-9999,-9999,-9999
-9999,-9999,-9999,-9999,-9999,30.6971035003662,28.6751575469971,28.6920928955078,27.8803005218506,31.1796321868896,34.1008338928223,35.9566802978516,37.5324516296387,38.756103515625,39.6892166137695,40.3946762084961,40.3688125610352,39.8369102478027,39.507251739502,39.249927520752,-9999,-9999,-9999,-9999,-9999,-9999,-9999,-9999,-9999,-9999,-9999,-9999,-9999,40.0080680847168,39.9631309509277,39.8523178100586,39.7322845458984,39.4375610351563,-9999,-9999,-9999,-9999,-9999,-9999,-9999,-9999,-9999,-9999,-9999,-9999,-9999,-9999,-9999,-9999,-9999,-9999,-9999,-9999,-9999,-9999,-9999,-9999,-9999,-9999,-9999,-9999,-9999,-9999,-9999,-9999,-9999,-9999,-9999,-9999,-9999,-9999,-9999,-9999,-9999,-9999,-9999,-9999,-9999,-9999,-9999,-9999,-9999,-9999,-9999,-9999,-9999,-9999,-9999,-9999,-9999,-9999,36.744457244873,36.8557472229004,36.9606552124023,37.0577278137207,36.5798225402832,35.0918235778809,33.0334625244141,30.3102264404297,28.373893737793,26.8733406066895,22.1389064788818,15.8576784133911,16.9915409088135,18.8438968658447,20.3566112518311,22.0108070373535,23.442268371582,24.7147789001465,24.9039268493652,22.1937808990479,-9999,-9999,-9999,-9999,-9999,-9999,-9999,-9999,-9999,-9999,-9999,-9999,-9999,-9999,-9999
-9999,-9999,-9999,-9999,-9999,30.3259181976318,30.315113067627,31.1658058166504,32.3523864746094,36.247142791748,38.9892959594727,39.426155090332,39.8144874572754,40.4176254272461,40.6758270263672,40.5661468505859,40.1855621337891,39.6072692871094,-9999,-9999,-9999,-9999,-9999,-9999,-9999,-9999,-9999,-9999,-9999,-9999,-9999,-9999,-9999,-9999,-9999,-9999,-9999,-9999,-9999,-9999,-9999,-9999,-9999,-9999,-9999,-9999,-9999,-9999,-9999,-9999,-9999,-9999,-9999,-9999,-9999,-9999,-9999,-9999,-9999,-9999,-9999,-9999,-9999,-9999,-9999,-9999,-9999,-9999,-9999,-9999,-9999,-9999,-9999,-9999,-9999,-9999,-9999,-9999,-9999,-9999,-9999,-9999,-9999,-9999,-9999,-9999,-9999,-9999,-9999,-9999,-9999,-9999,-9999,-9999,-9999,-9999,-9999,36.6151962280273,36.7881278991699,36.8927268981934,36.7978057861328,36.3635025024414,35.4368858337402,33.9378623962402,31.245922088623,27.6417446136475,24.4985294342041,21.4608669281006,18.8217430114746,16.0357723236084,19.7495231628418,22.1214618682861,20.569278717041,20.4020652770996,21.65354347229,18.9765338897705,-9999,-9999,-9999,-9999,-9999,-9999,-9999,-9999,-9999,-9999,-9999,-9999,-9999,-9999,-9999
-9999,-9999,30.6383991241455,30.5949726104736,30.5885372161865,29.9905319213867,30.5152969360352,33.5531883239746,36.2801094055176,39.4607048034668,41.6271553039551,41.2746505737305,41.0548973083496,41.287483215332,41.1008605957031,40.4029922485352,39.7616310119629,-9999,-9999,-9999,-9999,-9999,-9999,-9999,-9999,-9999,-9999,-9999,-9999,-9999,-9999,-9999,-9999,-9999,-9999,-9999,-9999,-9999,-9999,-9999,-9999,-9999,-9999,-9999,-9999,-9999,-9999,-9999,-9999,-9999,-9999,-9999,-9999,-9999,-9999,-9999,-9999,-9999,-9999,-9999,-9999,-9999,-9999,-9999,-9999,-9999,-9999,-9999,-9999,-9999,-9999,-9999,-9999,-9999,-9999,-9999,-9999,-9999,-9999,-9999,-9999,-9999,-9999,-9999,-9999,-9999,-9999,-9999,-9999,-9999,-9999,-9999,-9999,-9999,-9999,-9999,-9999,36.3539733886719,36.5738754272461,36.6748504638672,36.8383102416992,37.0967788696289,36.9709854125977,36.3934745788574,33.8423461914063,29.7513103485107,27.0996894836426,24.9433403015137,20.6388397216797,15.6778707504272,18.9425086975098,21.0161247253418,17.9819488525391,16.9551639556885,21.1917781829834,17.6685638427734,-9999,-9999,-9999,-9999,-9999,-9999,-9999,-9999,-9999,-9999,-9999,-9999,-9999,-9999,-9999
-9999,-9999,-9999,-9999,30.6603393554688,30.1720352172852,30.7095909118652,35.4081268310547,39.0700950622559,40.1590614318848,40.7984161376953,40.6487731933594,40.537727355957,40.6413841247559,40.3190155029297,39.4842643737793,-9999,-9999,-9999,-9999,-9999,-9999,-9999,-9999,-9999,-9999,-9999,-9999,-9999,-9999,-9999,-9999,-9999,-9999,-9999,-9999,-9999,-9999,-9999,-9999,-9999,-9999,-9999,-9999,-9999,-9999,-9999,-9999,-9999,-9999,-9999,-9999,-9999,-9999,-9999,-9999,-9999,-9999,-9999,-9999,-9999,-9999,-9999,-9999,-9999,-9999,-9999,-9999,-9999,-9999,-9999,-9999,-9999,-9999,-9999,-9999,-9999,-9999,-9999,-9999,-9999,-9999,-9999,-9999,-9999,-9999,-9999,-9999,-9999,-9999,-9999,-9999,-9999,-9999,-9999,-9999,-9999,36.0506896972656,36.2703971862793,36.3390007019043,36.4910049438477,36.7712936401367,36.9467582702637,36.9751586914063,36.0254707336426,34.3584403991699,30.456937789917,25.576265335083,22.9411315917969,20.6961040496826,18.9550590515137,17.2239265441895,16.1273250579834,15.9348249435425,17.5083808898926,18.9219493865967,-9999,-9999,-9999,-9999,-9999,-9999,-9999,-9999,-9999,-9999,-9999,-9999,-9999,-9999,-9999
-9999,-9999,-9999,-9999,30.8463497161865,30.9759178161621,31.417407989502,36.4281234741211,40.4358863830566,40.4700355529785,40.2743225097656,40.3635292053223,40.348518371582,40.1483345031738,39.6128234863281,-9999,-9999,-9999,-9999,-9999,-9999,-9999,-9999,-9999,-9999,-9999,-9999,-9999,-9999,-9999,-9999,-9999,-9999,-9999,-9999,-9999,-9999,-9999,-9999,-9999,-9999,-9999,-9999,-9999,-9999,-9999,-9999,-9999,-9999,-9999,-9999,-9999,-9999,-9999,-9999,-9999,-9999,-9999,-9999,-9999,-9999,-9999,-9999,-9999,-9999,-9999,-9999,-9999,-9999,-9999,-9999,-9999,-9999,-9999,-9999,-9999,-9999,-9999,-9999,-9999,-9999,-9999,-9999,-9999,-9999,-9999,-9999,-9999,-9999,-9999,-9999,-9999,-9999,-9999,-9999,-9999,-9999,35.7058410644531,35.9340362548828,35.9767875671387,36.0879135131836,36.2995491027832,36.553466796875,36.8425598144531,36.7478256225586,36.3743591308594,32.1146926879883,25.9557247161865,24.2784252166748,23.1642532348633,18.4621639251709,14.2748756408691,15.2045078277588,15.832181930542,15.9092922210693,16.7110748291016,13.6261606216431,-9999,-9999,-9999,-9999,-9999,-9999,-9999,-9999,-9999,-9999,-9999,-9999,-9999,-9999
-9999,-9999,-9999,-9999,31.142240524292,31.0494251251221,32.3358306884766,36.6620445251465,40.4032745361328,40.4171142578125,40.2323379516602,40.5671882629395,40.5688133239746,39.8656196594238,39.0197257995605,-9999,-9999,-9999,-9999,-9999,-9999,-9999,-9999,-9999,-9999,-9999,-9999,-9999,-9999,-9999,-9999,-9999,-9999,-9999,-9999,-9999,-9999,-9999,-9999,-9999,-9999,-9999,-9999,-9999,-9999,-9999,-9999,-9999,-9999,-9999,-9999,-9999,-9999,-9999,-9999,-9999,-9999,-9999,-9999,-9999,-9999,-9999,-9999,-9999,-9999,-9999,-9999,-9999,-9999,-9999,-9999,-9999,-9999,-9999,-9999,-9999,-9999,-9999,-9999,-9999,-9999,-9999,-9999,-9999,-9999,-9999,-9999,-9999,-9999,-9999,-9999,-9999,-9999,-9999,-9999,-9999,-9999,35.3078727722168,35.5560989379883,35.5823593139648,35.6097450256348,35.6291885375977,35.673698425293,35.7392349243164,35.7057037353516,35.5781364440918,31.7225780487061,26.1572933197021,24.327428817749,22.8572692871094,17.4828300476074,12.6535663604736,15.27405834198,16.8179512023926,17.3090686798096,17.8533821105957,18.7762126922607,13.9674062728882,-9999,-9999,-9999,-9999,-9999,-9999,-9999,-9999,-9999,-9999,-9999,-9999,-9999
-9999,-9999,-9999,-9999,26.6766700744629,31.2861232757568,32.2307395935059,35.843620300293,38.9137382507324,39.1345100402832,39.1963119506836,40.0754432678223,40.3746490478516,39.5401000976563,-9999,-9999,-9999,-9999,-9999,-9999,-9999,-9999,-9999,-9999,-9999,-9999,-9999,-9999,-9999,-9999,-9999,-9999,-9999,-9999,-9999,-9999,-9999,-9999,-9999,-9999,-9999,-9999,-9999,-9999,-9999,-9999,-9999,-9999,-9999,-9999,-9999,-9999,-9999,-9999,-9999,-9999,-9999,-9999,-9999,-9999,-9999,-9999,-9999,-9999,-9999,-9999,-9999,-9999,-9999,-9999,-9999,-9999,-9999,-9999,-9999,-9999,-9999,-9999,-9999,-9999,-9999,-9999,-9999,-9999,-9999,-9999,-9999,-9999,-9999,-9999,-9999,-9999,-9999,-9999,-9999,-9999,-9999,34.873348236084,35.1397972106934,35.1808929443359,35.1780166625977,35.0933151245117,35.0893135070801,35.1639518737793,34.9939460754395,34.669002532959,32.4664115905762,29.5045433044434,26.3587760925293,22.9270992279053,18.5257339477539,14.8309192657471,15.2916030883789,15.841983795166,16.4657783508301,17.3577537536621,18.2375545501709,18.8993663787842,16.9505805969238,16.6209583282471,-9999,-9999,-9999,-9999,-9999,-9999,-9999,-9999,-9999,-9999,-9999
-9999,-9999,-9999,-9999,29.229377746582,31.3609523773193,32.8548851013184,34.4051856994629,36.1160621643066,36.6478271484375,37.3174171447754,39.0327072143555,39.8634910583496,39.18310546875,-9999,-9999,-9999,-9999,-9999,-9999,-9999,-9999,-9999,-9999,-9999,-9999,-9999,-9999,-9999,-9999,-9999,-9999,-9999,-9999,-9999,-9999,-9999,-9999,-9999,-9999,-9999,-9999,-9999,-9999,-9999,-9999,-9999,-9999,-9999,-9999,-9999,-9999,-9999,-9999,-9999,-9999,-9999,-9999,-9999,-9999,-9999,-9999,-9999,-9999,-9999,-9999,-9999,-9999,-9999,-9999,-9999,-9999,-9999,-9999,-9999,-9999,-9999,-9999,-9999,-9999,-9999,-9999,-9999,-9999,-9999,-9999,-9999,-9999,-9999,-9999,-9999,-9999,-9999,-9999,-9999,-9999,-9999,-9999,34.6916427612305,34.7723350524902,34.7806015014648,34.663948059082,34.7415199279785,35.0085105895996,34.555549621582,33.6372833251953,33.9432983398438,34.5350227355957,29.60524559021,23.1379661560059,21.0893783569336,18.9744968414307,15.6384468078613,13.6043548583984,14.2579374313354,15.5887794494629,17.6025161743164,18.7472152709961,18.7252597808838,-9999,-9999,-9999,-9999,-9999,-9999,-9999,-9999,-9999,-9999,-9999,-9999
-9999,-9999,-9999,-9999,28.6617202758789,30.6331024169922,30.5929069519043,31.3695049285889,32.5481986999512,34.7450904846191,36.8954238891602,38.2682075500488,38.9624176025391,38.7339553833008,-9999,-9999,-9999,-9999,-9999,-9999,-9999,-9999,-9999,-9999,-9999,-9999,-9999,-9999,-9999,-9999,-9999,-9999,-9999,-9999,-9999,-9999,-9999,-9999,-9999,-9999,-9999,-9999,-9999,-9999,-9999,-9999,-9999,-9999,-9999,-9999,-9999,-9999,-9999,-9999,-9999,-9999,-9999,-9999,-9999,-9999,-9999,-9999,-9999,-9999,-9999,-9999,-9999,-9999,-9999,-9999,-9999,-9999,-9999,-9999,-9999,-9999,-9999,-9999,-9999,-9999,-9999,-9999,-9999,-9999,-9999,-9999,-9999,-9999,-9999,-9999,-9999,-9999,-9999,-9999,-9999,-9999,-9999,-9999,34.2833213806152,34.3795127868652,34.4011001586914,34.2949104309082,34.4225997924805,34.7714614868164,34.5309600830078,33.9218788146973,34.7849426269531,35.9656410217285,30.6088066101074,23.375696182251,21.9952831268311,19.9877624511719,15.4933977127075,12.1386346817017,12.4026069641113,13.9256267547607,17.0311965942383,23.3813896179199,31.8297576904297,29.5311050415039,34.4581680297852,-9999,-9999,-9999,-9999,-9999,-9999,-9999,-9999,-9999,-9999
-9999,-9999,-9999,-9999,-9999,22.1108474731445,28.0827751159668,28.9955291748047,28.7053108215332,33.1986503601074,36.8283348083496,37.4916877746582,37.8519096374512,38.2367515563965,-9999,-9999,-9999,-9999,-9999,-9999,-9999,-9999,-9999,-9999,-9999,-9999,-9999,-9999,-9999,-9999,-9999,-9999,-9999,-9999,-9999,-9999,-9999,-9999,-9999,-9999,-9999,-9999,-9999,-9999,-9999,-9999,-9999,-9999,-9999,-9999,-9999,-9999,-9999,-9999,-9999,-9999,-9999,-9999,-9999,-9999,-9999,-9999,-9999,-9999,-9999,-9999,-9999,-9999,-9999,-9999,-9999,-9999,-9999,-9999,-9999,-9999,-9999,-9999,-9999,-9999,-9999,-9999,-9999,-9999,-9999,-9999,-9999,-9999,-9999,-9999,-9999,-9999,-9999,-9999,-9999,-9999,-9999,-9999,33.8889312744141,33.9904556274414,34.0265693664551,33.9539260864258,34.1160278320313,34.4965171813965,34.6900329589844,34.762996673584,35.4284133911133,36.1127853393555,30.7802352905273,23.7525386810303,22.1040725708008,19.9012603759766,15.015435218811,11.004017829895,10.5879402160645,12.2354440689087,16.1382694244385,23.2170066833496,31.5820369720459,34.0886993408203,35.7313117980957,32.1389503479004,-9999,-9999,-9999,-9999,-9999,-9999,-9999,-9999,-9999
-9999,-9999,-9999,-9999,-9999,25.149585723877,26.494815826416,26.1631984710693,27.7640380859375,33.1021842956543,36.7945327758789,37.1715507507324,37.5505104064941,38.0386505126953,-9999,-9999,-9999,-9999,-9999,-9999,-9999,-9999,-9999,-9999,-9999,-9999,-9999,-9999,-9999,-9999,-9999,-9999,-9999,-9999,-9999,-9999,-9999,-9999,-9999,-9999,-9999,-9999,-9999,-9999,-9999,-9999,-9999,-9999,-9999,-9999,-9999,-9999,-9999,-9999,-9999,-9999,-9999,-9999,-9999,-9999,-9999,-9999,-9999,-9999,-9999,-9999,-9999,-9999,-9999,-9999,-9999,-9999,-9999,-9999,-9999,-9999,-9999,-9999,-9999,-9999,-9999,-9999,-9999,-9999,-9999,-9999,-9999,-9999,-9999,-9999,-9999,-9999,-9999,-9999,-9999,-9999,-9999,-9999,33.5013694763184,33.6106109619141,33.6652603149414,33.6369361877441,33.779411315918,34.0757904052734,34.2800674438477,34.413932800293,35.1187057495117,35.837474822998,30.7824440002441,24.0347385406494,22.300594329834,20.0603942871094,14.7591094970703,10.9405345916748,11.7890157699585,13.5425510406494,16.9885330200195,22.6372013092041,28.9096946716309,33.378490447998,37.145092010498,37.8198928833008,-9999,-9999,-9999,-9999,-9999,-9999,-9999,-9999,-9999
-9999,-9999,-9999,-9999,-9999,25.1150283813477,25.2080173492432,26.0744342803955,27.4716033935547,33.0458908081055,36.8528175354004,37.1141815185547,37.4196395874023,37.9043655395508,-9999,-9999,-9999,-9999,-9999,-9999,-9999,-9999,-9999,-9999,-9999,-9999,-9999,-9999,-9999,-9999,-9999,-9999,-9999,-9999,-9999,-9999,-9999,-9999,-9999,-9999,-9999,-9999,-9999,-9999,-9999,-9999,-9999,-9999,-9999,-9999,-9999,-9999,-9999,-9999,-9999,-9999,-9999,-9999,-9999,-9999,-9999,-9999,-9999,-9999,-9999,-9999,-9999,-9999,-9999,-9999,-9999,-9999,-9999,-9999,-9999,-9999,-9999,-9999,-9999,-9999,-9999,-9999,-9999,-9999,-9999,-9999,-9999,-9999,-9999,-9999,-9999,-9999,-9999,-9999,-9999,-9999,-9999,-9999,-9999,33.2282791137695,33.3033752441406,33.3234519958496,33.4344520568848,33.6230812072754,33.7451362609863,33.8053359985352,34.6415061950684,35.5193290710449,30.7181930541992,24.299337387085,22.6314353942871,20.3384628295898,14.5311765670776,10.9728536605835,13.075665473938,15.1844234466553,18.4499931335449,21.9806861877441,25.9262371063232,31.1401596069336,36.7142753601074,37.8451347351074,-9999,-9999,-9999,-9999,-9999,-9999,-9999,-9999,-9999
-9999,-9999,-9999,-9999,-9999,-9999,24.2611274719238,24.7568893432617,25.9336090087891,32.2523612976074,36.3874130249023,36.8378486633301,37.1711311340332,-9999,-9999,-9999,-9999,-9999,-9999,-9999,-9999,-9999,-9999,-9999,-9999,-9999,-9999,-9999,-9999,-9999,-9999,-9999,-9999,-9999,-9999,-9999,-9999,-9999,-9999,-9999,-9999,-9999,-9999,-9999,-9999,-9999,-9999,-9999,-9999,-9999,-9999,-9999,-9999,-9999,-9999,-9999,-9999,-9999,-9999,-9999,-9999,-9999,-9999,-9999,-9999,-9999,-9999,-9999,-9999,-9999,-9999,-9999,-9999,-9999,-9999,-9999,-9999,-9999,-9999,-9999,-9999,-9999,-9999,-9999,-9999,-9999,-9999,-9999,-9999,-9999,-9999,-9999,-9999,-9999,-9999,-9999,-9999,-9999,-9999,32.958381652832,33.0587043762207,33.1191673278809,33.2186050415039,33.3462944030762,33.6675834655762,34.0818176269531,34.6037292480469,35.0026664733887,30.4689254760742,24.5792484283447,22.970775604248,21.0743579864502,17.7907390594482,14.8921279907227,13.6945514678955,13.5363464355469,14.9608707427979,19.29736328125,25.5522575378418,29.4480476379395,32.8871002197266,33.9570922851563,-9999,-9999,-9999,-9999,-9999,-9999,-9999,-9999,-9999
-9999,-9999,-9999,-9999,-9999,-9999,22.8272705078125,22.5352802276611,24.5521087646484,31.3418064117432,36.0416488647461,36.5530433654785,36.9065742492676,-9999,-9999,-9999,-9999,-9999,-9999,-9999,-9999,-9999,-9999,-9999,-9999,-9999,-9999,-9999,-9999,-9999,-9999,-9999,-9999,-9999,-9999,-9999,-9999,-9999,-9999,-9999,-9999,-9999,-9999,-9999,-9999,-9999,-9999,-9999,-9999,-9999,-9999,-9999,-9999,-9999,-9999,-9999,-9999,-9999,-9999,-9999,-9999,-9999,-9999,-9999,-9999,-9999,-9999,-9999,-9999,-9999,-9999,-9999,-9999,-9999,-9999,-9999,-9999,-9999,-9999,-9999,-9999,-9999,-9999,-9999,-9999,-9999,-9999,-9999,-9999,-9999,-9999,-9999,-9999,-9999,-9999,-9999,-9999,-9999,-9999,32.7020492553711,32.8250465393066,32.9162483215332,33.0039863586426,33.0810050964355,33.5897560119629,34.3319664001465,34.5526237487793,34.5061721801758,30.2490501403809,24.8328666687012,23.3536758422852,21.8414249420166,20.6798820495605,18.6641235351563,14.1225299835205,11.4230499267578,11.5198135375977,16.6140270233154,25.1124591827393,27.6652526855469,28.0002155303955,24.0458755493164,17.7034950256348,16.0106582641602,-9999,-9999,-9999,-9999,-9999,-9999,-9999
-9999,-9999,-9999,-9999,-9999,-9999,21.5061206817627,22.0188274383545,23.0444564819336,30.2385997772217,35.2875061035156,36.0096549987793,36.6266632080078,-9999,-9999,-9999,-9999,-9999,-9999,-9999,-9999,-9999,-9999,-9999,-9999,-9999,-9999,-9999,-9999,-9999,-9999,-9999,-9999,-9999,-9999,-9999,-9999,-9999,-9999,-9999,-9999,-9999,-9999,-9999,-9999,-9999,-9999,-9999,-9999,-9999,-9999,-9999,-9999,-9999,-9999,-9999,-9999,-9999,-9999,-9999,-9999,-9999,-9999,-9999,-9999,-9999,-9999,-9999,-9999,-9999,-9999,-9999,-9999,-9999,-9999,-9999,-9999,-9999,-9999,-9999,-9999,-9999,-9999,-9999,-9999,-9999,-9999,-9999,-9999,-9999,-9999,-9999,-9999,-9999,-9999,-9999,-9999,-9999,-9999,32.5681495666504,32.6616401672363,32.6864471435547,32.7470436096191,32.8306083679199,33.319881439209,34.0304985046387,34.2594413757324,34.2681007385254,30.1611938476563,24.974178314209,23.6081771850586,22.2217216491699,20.9533576965332,18.7310924530029,13.9444675445557,11.5770149230957,12.9193077087402,15.9254312515259,20.7319259643555,21.9605159759521,21.4042415618896,19.5963382720947,17.4016361236572,13.5486917495728,8.1506462097168,-9999,-9999,-9999,-9999,-9999,-9999
-9999,-9999,-9999,-9999,-9999,-9999,-9999,-9999,-9999,-9999,-9999,-9999,-9999,-9999,-9999,-9999,-9999,-9999,-9999,-9999,-9999,-9999,-9999,-9999,-9999,-9999,-9999,-9999,-9999,-9999,-9999,-9999,-9999,-9999,-9999,-9999,-9999,-9999,-9999,-9999,-9999,-9999,-9999,-9999,-9999,-9999,-9999,-9999,-9999,-9999,-9999,-9999,-9999,-9999,-9999,-9999,-9999,-9999,-9999,-9999,-9999,-9999,-9999,-9999,-9999,-9999,-9999,-9999,-9999,-9999,-9999,-9999,-9999,-9999,-9999,-9999,-9999,-9999,-9999,-9999,-9999,-9999,-9999,-9999,-9999,-9999,-9999,-9999,-9999,-9999,-9999,-9999,-9999,-9999,-9999,-9999,-9999,-9999,-9999,-9999,32.4866104125977,32.4568176269531,32.500358581543,32.602668762207,33.0856437683105,33.7768669128418,33.9937362670898,33.9824714660645,30.5935077667236,26.395715713501,24.4784889221191,22.5652313232422,21.2514572143555,18.8584365844727,13.7013130187988,11.6063613891602,13.659158706665,15.1886873245239,16.3259754180908,15.7978525161743,14.5795459747314,14.9750194549561,16.0267601013184,9.77849864959717,7.70149612426758,2.99449324607849,-9999,-9999,-9999,-9999,-9999
-9999,-9999,-9999,-9999,-9999,-9999,-9999,-9999,-9999,-9999,-9999,-9999,-9999,-9999,-9999,-9999,-9999,-9999,-9999,-9999,-9999,-9999,-9999,-9999,-9999,-9999,-9999,-9999,-9999,-9999,-9999,-9999,-9999,-9999,-9999,-9999,-9999,-9999,-9999,-9999,-9999,-9999,-9999,-9999,-9999,-9999,-9999,-9999,-9999,-9999,-9999,-9999,-9999,-9999,-9999,-9999,-9999,-9999,-9999,-9999,-9999,-9999,-9999,-9999,-9999,-9999,-9999,-9999,-9999,-9999,-9999,-9999,-9999,-9999,-9999,-9999,-9999,-9999,-9999,-9999,-9999,-9999,-9999,-9999,-9999,-9999,-9999,-9999,-9999,-9999,-9999,-9999,-9999,-9999,-9999,-9999,-9999,-9999,-9999,-9999,32.2752914428711,32.2339744567871,32.3026161193848,32.4685554504395,32.9914245605469,33.7065238952637,33.8786849975586,33.8125,33.0304336547852,32.0385589599609,27.4293117523193,22.8252906799316,21.5358104705811,19.1352519989014,13.943696975708,11.4392881393433,13.1879644393921,13.806941986084,13.3936538696289,12.0952987670898,10.2427196502686,9.67392826080322,9.56102180480957,6.62767744064331,3.32220482826233,3.27103686332703,2.78535103797913,-9999,-9999,-9999,-9999
-9999,-9999,-9999,-9999,-9999,-9999,-9999,-9999,-9999,-9999,-9999,-9999,-9999,-9999,-9999,-9999,-9999,-9999,-9999,-9999,-9999,-9999,-9999,-9999,-9999,-9999,-9999,-9999,-9999,-9999,-9999,-9999,-9999,-9999,-9999,-9999,-9999,-9999,-9999,-9999,-9999,-9999,-9999,-9999,-9999,-9999,-9999,-9999,-9999,-9999,-9999,-9999,-9999,-9999,-9999,-9999,-9999,-9999,-9999,-9999,-9999,-9999,-9999,-9999,-9999,-9999,-9999,-9999,-9999,-9999,-9999,-9999,-9999,-9999,-9999,-9999,-9999,-9999,-9999,-9999,-9999,-9999,-9999,-9999,-9999,-9999,-9999,-9999,-9999,-9999,-9999,-9999,-9999,-9999,-9999,-9999,-9999,-9999,-9999,-9999,32.0822067260742,32.0533676147461,32.1440620422363,32.3568840026855,32.7975730895996,33.3605041503906,33.6161155700684,33.7023773193359,34.5348243713379,35.2446212768555,29.2712688446045,23.0599689483643,21.8456802368164,19.5111122131348,14.1798877716064,11.3352117538452,12.6838808059692,12.3144073486328,11.0310287475586,9.23904895782471,7.35726261138916,6.32448720932007,5.14338779449463,4.32888793945313,3.4487042427063,2.76795101165771,2.54417872428894,-9999,-9999,-9999,-9999
-9999,-9999,-9999,-9999,-9999,-9999,-9999,-9999,-9999,-9999,-9999,-9999,-9999,-9999,-9999,-9999,-9999,-9999,-9999,-9999,-9999,-9999,-9999,-9999,-9999,-9999,-9999,-9999,-9999,-9999,-9999,-9999,-9999,-9999,-9999,-9999,-9999,-9999,-9999,-9999,-9999,-9999,-9999,-9999,-9999,-9999,-9999,-9999,-9999,-9999,-9999,-9999,-9999,-9999,-9999,-9999,-9999,-9999,-9999,-9999,-9999,-9999,-9999,-9999,-9999,-9999,-9999,-9999,-9999,-9999,-9999,-9999,-9999,-9999,-9999,-9999,-9999,-9999,-9999,-9999,-9999,-9999,-9999,-9999,-9999,-9999,-9999,-9999,-9999,-9999,-9999,-9999,-9999,-9999,-9999,-9999,-9999,-9999,-9999,-9999,-9999,31.9504470825195,32.0698204040527,32.2927284240723,32.4137306213379,32.4722595214844,33.0571174621582,33.6963539123535,34.5981864929199,35.3154029846191,29.3987503051758,23.2797336578369,22.1663646697998,19.9090957641602,14.5779294967651,11.4567995071411,12.3579254150391,11.6534099578857,9.44742870330811,8.47119617462158,7.91326236724854,6.23927783966064,3.72937893867493,3.29211378097534,2.88881063461304,2.54932355880737,2.28242468833923,-9999,-9999,3.32325720787048,3.38254022598267
-9999,-9999,-9999,-9999,-9999,-9999,-9999,-9999,-9999,-9999,-9999,-9999,-9999,-9999,-9999,-9999,-9999,-9999,-9999,-9999,-9999,-9999,-9999,-9999,-9999,-9999,-9999,-9999,-9999,-9999,-9999,-9999,-9999,-9999,-9999,-9999,-9999,-9999,-9999,-9999,-9999,-9999,-9999,-9999,-9999,-9999,-9999,-9999,-9999,-9999,-9999,-9999,-9999,-9999,-9999,-9999,-9999,-9999,-9999,-9999,-9999,-9999,-9999,-9999,-9999,-9999,-9999,-9999,-9999,-9999,-9999,-9999,-9999,-9999,-9999,-9999,-9999,-9999,-9999,-9999,-9999,-9999,-9999,-9999,-9999,-9999,-9999,-9999,-9999,-9999,-9999,-9999,-9999,-9999,-9999,-9999,-9999,-9999,-9999,-9999,-9999,-9999,32.0135154724121,32.1896820068359,32.1457557678223,31.9599952697754,32.6817321777344,33.5651016235352,34.5614204406738,35.3614387512207,29.588846206665,23.3282680511475,20.2011795043945,16.6819553375244,12.6616830825806,10.3465881347656,10.8349695205688,9.60869693756104,7.5349178314209,6.91016578674316,7.03807830810547,5.6483268737793,2.94523191452026,2.76487708091736,2.68253231048584,2.61984205245972,2.60227823257446,2.98071479797363,3.27948951721191,3.43055105209351,3.40085363388062
-9999,-9999,-9999,-9999,-9999,-9999,-9999,-9999,-9999,-9999,-9999,-9999,-9999,-9999,-9999,-9999,-9999,-9999,-9999,-9999,-9999,-9999,-9999,-9999,-9999,-9999,-9999,-9999,-9999,-9999,-9999,-9999,-9999,-9999,-9999,-9999,-9999,-9999,-9999,-9999,-9999,-9999,-9999,-9999,-9999,-9999,-9999,-9999,-9999,-9999,-9999,-9999,-9999,-9999,-9999,-9999,-9999,-9999,-9999,-9999,-9999,-9999,-9999,-9999,-9999,-9999,-9999,-9999,-9999,-9999,-9999,-9999,-9999,-9999,-9999,-9999,-9999,-9999,-9999,-9999,-9999,-9999,-9999,-9999,-9999,-9999,-9999,-9999,-9999,-9999,-9999,-9999,-9999,-9999,-9999,-9999,-9999,-9999,-9999,-9999,-9999,-9999,-9999,32.0463066101074,32.0084571838379,31.8915348052979,32.5032386779785,33.2136344909668,34.4291610717773,35.4371604919434,29.8673114776611,23.2245292663574,15.4527387619019,8.94453144073486,7.86245393753052,7.29550552368164,7.55698347091675,6.79146480560303,4.67749309539795,4.05041646957397,4.2335958480835,3.89432954788208,3.25594425201416,3.35857200622559,3.23069858551025,3.19788265228271,3.16528844833374,3.1970362663269,3.15023899078369,2.99162006378174,2.84318804740906
-9999,-9999,-9999,-9999,-9999,-9999,-9999,-9999,-9999,-9999,-9999,-9999,-9999,-9999,-9999,-9999,-9999,-9999,-9999,-9999,-9999,-9999,-9999,-9999,-9999,-9999,-9999,-9999,-9999,-9999,-9999,-9999,-9999,-9999,-9999,-9999,-9999,-9999,-9999,-9999,-9999,-9999,-9999,-9999,-9999,-9999,-9999,-9999,-9999,-9999,-9999,-9999,-9999,-9999,-9999,-9999,-9999,-9999,-9999,-9999,-9999,-9999,-9999,-9999,-9999,-9999,-9999,-9999,-9999,-9999,-9999,-9999,-9999,-9999,-9999,-9999,-9999,-9999,-9999,-9999,-9999,-9999,-9999,-9999,-9999,-9999,-9999,-9999,-9999,-9999,-9999,-9999,-9999,-9999,-9999,-9999,-9999,-9999,-9999,-9999,-9999,-9999,-9999,31.9106273651123,31.9580230712891,32.0331382751465,32.3904609680176,32.7461776733398,33.8786468505859,34.8967628479004,29.7516098022461,23.3189640045166,13.6061897277832,6.14841985702515,6.64569282531738,6.76396369934082,6.87731170654297,5.98604869842529,3.57446455955505,2.79412579536438,2.89934587478638,2.98589038848877,3.14272332191467,3.18468284606934,3.18011021614075,3.21136879920959,3.18167686462402,2.89849281311035,4.47228050231934,9.48772239685059,15.0111351013184
-9999,-9999,-9999,-9999,-9999,-9999,-9999,-9999,-9999,-9999,-9999,-9999,-9999,-9999,-9999,-9999,-9999,-9999,-9999,-9999,-9999,-9999,-9999,-9999,-9999,-9999,-9999,-9999,-9999,-9999,-9999,-9999,-9999,-9999,-9999,-9999,-9999,-9999,-9999,-9999,-9999,-9999,-9999,-9999,-9999,-9999,-9999,-9999,-9999,-9999,-9999,-9999,-9999,-9999,-9999,-9999,-9999,-9999,-9999,-9999,-9999,-9999,-9999,-9999,-9999,-9999,-9999,-9999,-9999,-9999,-9999,-9999,-9999,-9999,-9999,-9999,-9999,-9999,-9999,-9999,-9999,-9999,-9999,-9999,-9999,-9999,-9999,-9999,-9999,-9999,-9999,-9999,-9999,-9999,-9999,-9999,-9999,-9999,-9999,-9999,-9999,-9999,-9999,-9999,31.9800758361816,32.3108558654785,32.4599380493164,32.5004959106445,33.05615234375,33.9300346374512,29.3514652252197,22.933406829834,13.378041267395,6.45455932617188,7.30908298492432,7.5752968788147,7.60676383972168,6.58388757705688,3.72684812545776,2.54330205917358,2.6349458694458,2.74528360366821,2.70925736427307,2.44297027587891,2.37966680526733,2.43378591537476,2.35890173912048,2.10950493812561,6.64613008499146,20.1730575561523,30.8235778808594
-9999,-9999,-9999,-9999,-9999,-9999,-9999,-9999,-9999,-9999,-9999,-9999,-9999,-9999,-9999,-9999,-9999,-9999,-9999,-9999,-9999,-9999,-9999,-9999,-9999,-9999,-9999,-9999,-9999,-9999,-9999,-9999,-9999,-9999,-9999,-9999,-9999,-9999,-9999,-9999,-9999,-9999,-9999,-9999,-9999,-9999,-9999,-9999,-9999,-9999,-9999,-9999,-9999,-9999,-9999,-9999,-9999,-9999,-9999,-9999,-9999,-9999,-9999,-9999,-9999,-9999,-9999,-9999,-9999,-9999,-9999,-9999,-9999,-9999,-9999,-9999,-9999,-9999,-9999,-9999,-9999,-9999,-9999,-9999,-9999,-9999,-9999,-9999,-9999,-9999,-9999,-9999,-9999,-9999,-9999,-9999,-9999,-9999,-9999,-9999,-9999,-9999,-9999,-9999,-9999,-9999,32.2176933288574,32.1227340698242,32.6784019470215,33.2419052124023,30.3404655456543,25.7843189239502,18.796314239502,13.2721319198608,11.4853181838989,10.4957723617554,10.7935390472412,9.86796092987061,8.02753067016602,8.67748641967773,10.9635171890259,11.0533361434937,10.6141605377197,12.4114141464233,14.2282981872559,15.6483020782471,16.6048583984375,16.0711421966553,18.3750648498535,26.195728302002,32.6691589355469
-9999,-9999,-9999,-9999,-9999,-9999,-9999,-9999,-9999,-9999,-9999,-9999,-9999,-9999,-9999,-9999,-9999,-9999,-9999,-9999,-9999,-9999,-9999,-9999,-9999,-9999,-9999,-9999,-9999,-9999,-9999,-9999,-9999,-9999,-9999,-9999,-9999,-9999,-9999,-9999,-9999,-9999,-9999,-9999,-9999,-9999,-9999,-9999,-9999,-9999,-9999,-9999,-9999,-9999,-9999,-9999,-9999,-9999,-9999,-9999,-9999,-9999,-9999,-9999,-9999,-9999,-9999,-9999,-9999,-9999,-9999,-9999,-9999,-9999,-9999,-9999,-9999,-9999,-9999,-9999,-9999,-9999,-9999,-9999,-9999,-9999,-9999,-9999,-9999,-9999,-9999,-9999,-9999,-9999,-9999,-9999,-9999,-9999,-9999,-9999,-9999,-9999,-9999,-9999,-9999,-9999,-9999,-9999,31.9177169799805,32.1725540161133,31.8870906829834,31.1756916046143,27.6076984405518,23.175817489624,17.7542419433594,14.7368440628052,15.4751319885254,15.4918212890625,14.4727058410645,17.6569480895996,22.5842819213867,22.8805713653564,22.0274524688721,24.8104095458984,27.6515331268311,29.9254837036133,31.584789276123,31.0099029541016,30.603687286377,30.5769386291504,-9999
-9999,-9999,-9999,-9999,-9999,-9999,-9999,-9999,-9999,-9999,-9999,-9999,-9999,-9999,-9999,-9999,-9999,-9999,-9999,-9999,-9999,-9999,-9999,-9999,-9999,-9999,-9999,-9999,-9999,-9999,-9999,-9999,-9999,-9999,-9999,-9999,-9999,-9999,-9999,-9999,-9999,-9999,-9999,-9999,-9999,-9999,-9999,-9999,-9999,-9999,-9999,-9999,-9999,-9999,-9999,-9999,-9999,-9999,-9999,-9999,-9999,-9999,-9999,-9999,-9999,-9999,-9999,-9999,-9999,-9999,-9999,-9999,-9999,-9999,-9999,-9999,-9999,-9999,-9999,-9999,-9999,-9999,-9999,-9999,-9999,-9999,-9999,-9999,-9999,-9999,-9999,-9999,-9999,-9999,-9999,-9999,-9999,-9999,-9999,-9999,-9999,-9999,-9999,-9999,-9999,-9999,-9999,-9999,-9999,-9999,31.6527633666992,31.4499378204346,29.6291751861572,27.4855403900146,24.5929088592529,22.82834815979,22.9518222808838,22.7749767303467,22.3273277282715,23.9903144836426,26.5777416229248,26.7798690795898,26.3804168701172,27.8556900024414,29.4047775268555,30.6886024475098,31.6389389038086,31.2517585754395,-9999,-9999,-9999
-9999,-9999,-9999,-9999,-9999,-9999,-9999,-9999,-9999,-9999,-9999,-9999,-9999,-9999,-9999,-9999,-9999,-9999,-9999,-9999,-9999,-9999,-9999,-9999,-9999,-9999,-9999,-9999,-9999,-9999,-9999,-9999,-9999,-9999,-9999,-9999,-9999,-9999,-9999,-9999,-9999,-9999,-9999,-9999,-9999,-9999,-9999,-9999,-9999,-9999,-9999,-9999,-9999,-9999,-9999,-9999,-9999,-9999,-9999,-9999,-9999,-9999,-9999,-9999,-9999,-9999,-9999,-9999,-9999,-9999,-9999,-9999,-9999,-9999,-9999,-9999,-9999,-9999,-9999,-9999,-9999,-9999,-9999,-9999,-9999,-9999,-9999,-9999,-9999,-9999,-9999,-9999,-9999,-9999,-9999,-9999,-9999,-9999,-9999,-9999,-9999,-9999,-9999,-9999,-9999,-9999,-9999,-9999,-9999,-9999,-9999,-9999,-9999,-9999,-9999,-9999,-9999,-9999,-9999,-9999,-9999,-9999,-9999,-9999,-9999,-9999,-9999,-9999,-9999,-9999,-9999
-9999,-9999,-9999,-9999,-9999,-9999,-9999,-9999,-9999,-9999,-9999,-9999,-9999,-9999,-9999,-9999,-9999,-9999,-9999,-9999,-9999,-9999,-9999,-9999,-9999,-9999,-9999,-9999,-9999,-9999,-9999,-9999,-9999,-9999,-9999,-9999,-9999,-9999,-9999,-9999,-9999,-9999,-9999,-9999,-9999,-9999,-9999,-9999,-9999,-9999,-9999,-9999,-9999,-9999,-9999,-9999,-9999,-9999,-9999,-9999,-9999,-9999,-9999,-9999,-9999,-9999,-9999,-9999,-9999,-9999,-9999,-9999,-9999,-9999,-9999,-9999,-9999,-9999,-9999,-9999,-9999,-9999,-9999,-9999,-9999,-9999,-9999,-9999,-9999,-9999,-9999,-9999,-9999,-9999,-9999,-9999,-9999,-9999,-9999,-9999,-9999,-9999,-9999,-9999,-9999,-9999,-9999,-9999,-9999,-9999,-9999,-9999,-9999,-9999,-9999,-9999,-9999,-9999,-9999,-9999,-9999,-9999,-9999,-9999,-9999,-9999,-9999,-9999,-9999,-9999,-9999

Step,349
Year,29.08333
-9999,-9999,-9999,-9999,-9999,-9999,-9999,-9999,-9999,-9999,-9999,-9999,-9999,-9999,-9999,-9999,-9999,-9999,-9999,-9999,-9999,-9999,-9999,-9999,-9999,-9999,-9999,-9999,-9999,-9999,-9999,-9999,-9999,-9999,-9999,-9999,-9999,-9999,-9999,-9999,-9999,-9999,-9999,-9999,-9999,-9999,-9999,-9999,-9999,-9999,-9999,-9999,-9999,-9999,-9999,-9999,-9999,-9999,-9999,-9999,-9999,-9999,-9999,-9999,-9999,-9999,-9999,-9999,-9999,-9999,-9999,-9999,-9999,-9999,-9999,-9999,-9999,-9999,-9999,-9999,-9999,-9999,-9999,-9999,-9999,-9999,-9999,-9999,-9999,-9999,-9999,-9999,-9999,-9999,-9999,-9999,-9999,-9999,-9999,-9999,-9999,-9999,-9999,-9999,-9999,-9999,-9999,-9999,-9999,-9999,-9999,-9999,-9999,-9999,-9999,-9999,-9999,-9999,-9999,-9999,-9999,-9999,-9999,-9999,-9999,-9999,-9999,-9999,-9999,-9999,-9999
-9999,-9999,-9999,-9999,-9999,-9999,-9999,-9999,-9999,-9999,-9999,-9999,-9999,-9999,-9999,-9999,-9999,-9999,-9999,-9999,-9999,-9999,-9999,-9999,-9999,-9999,-9999,-9999,-9999,-9999,-9999,-9999,-9999,-9999,-9999,-9999,-9999,-9999,-9999,-9999,-9999,-9999,-9999,-9999,-9999,-9999,-9999,-9999,-9999,-9999,-9999,-9999,-9999,-9999,-9999,-9999,-9999,-9999,-9999,-9999,-9999,-9999,-9999,-9999,-9999,-9999,-9999,-9999,-9999,-9999,-9999,-9999,-9999,-9999,-9999,-9999,-9999,-9999,-9999,-9999,-9999,-9999,-9999,-9999,-9999,-9999,-9999,-9999,-9999,-9999,-9999,-9999,-9999,-9999,-9999,-9999,-9999,-9999,-9999,-9999,-9999,-9999,-9999,-9999,-9999,-9999,-9999,-9999,-9999,-9999,-9999,-9999,-9999,-9999,-9999,-9999,-9999,-9999,-9999,-9999,-9999,-9999,-9999,-9999,-9999,-9999,-9999,-9999,-9999,-9999,-9999
-9999,-9999,-9999,-9999,-9999,-9999,-9999,-9999,-9999,-9999,-9999,-9999,-9999,-9999,-9999,-9999,-9999,-9999,-9999,-9999,-9999,-9999,-9999,-9999,-9999,-9999,-9999,-9999,-9999,-9999,-9999,-9999,-9999,-9999,-9999,-9999,-9999,-9999,-9999,-9999,-9999,-9999,-9999,-9999,-9999,-9999,-9999,-9999,-9999,-9999,-9999,-9999,-9999,-9999,-9999,-9999,-9999,-9999,-9999,-9999,-9999,-9999,-9999,-9999,-9999,-9999,-9999,-9999,-9999,-9999,-9999,-9999,-9999,-9999,37.260066986084,37.7542686462402,-9999,-9999,-9999,-9999,-9999,-9999,-9999,-9999,-9999,-9999,-9999,-9999,-9999,-9999,-9999,-9999,-9999,-9999,-9999,-9999,-9999,-9999,-9999,-9999,-9999,-9999,-9999,-9999,-9999,-9999,-9999,-9999,-9999,-9999,-9999,-9999,-9999,-9999,-9999,-9999,-9999,-9999,-9999,-9999,-9999,-9999,-9999,-9999,-9999,-9999,-9999,-9999,-9999,-9999,-9999
-9999,-9999,-9999,-9999,-9999,-9999,-9999,-9999,-9999,-9999,-9999,-9999,-9999,-9999,-9999,-9999,-9999,-9999,-9999,-9999,-9999,-9999,-9999,-9999,-9999,-9999,-9999,-9999,-9999,-9999,-9999,-9999,-9999,-9999,-9999,-9999,-9999,-9999,-9999,-9999,-9999,-9999,-9999,-9999,-9999,-9999,-9999,-9999,-9999,-9999,-9999,-9999,-9999,-9999,-9999,-9999,-9999,-9999,-9999,-9999,-9999,-9999,-9999,-9999,-9999,-9999,-9999,-9999,-9999,-9999,-9999,-9999,-9999,-9999,38.1736030578613,37.7714767456055,-9999,-9999,-9999,-9999,-9999,-9999,-9999,-9999,-9999,-9999,-9999,-9999,-9999,-9999,-9999,-9999,-9999,-9999,-9999,-9999,-9999,-9999,-9999,-9999,-9999,-9999,-9999,-9999,-9999,-9999,-9999,-9999,-9999,-9999,-9999,-9999,-9999,-9999,-9999,-9999,-9999,-9999,-9999,-9999,-9999,-9999,-9999,-9999,-9999,-9999,-9999,-9999,-9999,-9999,-9999
-9999,-9999,-9999,-9999,-9999,-9999,-9999,-9999,-9999,-9999,-9999,-9999,-9999,-9999,-9999,-9999,-9999,-9999,-9999,-9999,-9999,-9999,-9999,-9999,-9999,-9999,-9999,-9999,-9999,-9999,-9999,-9999,-9999,-9999,-9999,-9999,-9999,-9999,-9999,-9999,-9999,-9999,-9999,-9999,-9999,-9999,-9999,-9999,-9999,-9999,-9999,-9999,-9999,-9999,-9999,-9999,6.1739502399405E-13,1.08988498226381E-08,1.08154454281362E-08,1.08010489441313E-08,-9999,-9999,-9999,-9999,-9999,38.377010345459,38.5331993103027,39.1467514038086,40.0219192504883,37.2770004272461,35.8975944519043,32.7110595703125,32.4271965026855,31.9223155975342,35.5952110290527,34.3629379272461,32.990909576416,-9999,-9999,25.2396621704102,23.8723945617676,23.0247173309326,23.6408710479736,30.4385108947754,33.506031036377,35.5037117004395,35.4856567382813,33.12255859375,24.9835567474365,-9999,-9999,-9999,-9999,-9999,-9999,-9999,-9999,-9999,-9999,-9999,-9999,-9999,-9999,-9999,-9999,-9999,-9999,-9999,-9999,-9999,-9999,-9999,-9999,-9999,-9999,-9999,-9999,-9999,-9999,-9999,-9999,-9999,-9999,-9999,-9999,-9999,-9999,-9999,-9999,-9999,-9999
-9999,-9999,-9999,-9999,-9999,-9999,-9999,-9999,-9999,-9999,-9999,-9999,-9999,-9999,-9999,-9999,-9999,-9999,-9999,-9999,-9999,-9999,-9999,-9999,-9999,-9999,-9999,-9999,-9999,-9999,-9999,-9999,-9999,-9999,-9999,-9999,-9999,-9999,-9999,-9999,-9999,-9999,-9999,-9999,-9999,-9999,-9999,-9999,-9999,-9999,-9999,-9999,-9999,-9999,-9999,7.13059169002439E-13,2.48430254146115E-08,0.000671583518851548,0.000667858810629696,0.000667208572849631,0.00136903836391866,44.7406463623047,-9999,44.0481719970703,42.4213027954102,42.0602035522461,41.4557914733887,40.750057220459,39.9155235290527,39.3722343444824,36.1022529602051,35.2773323059082,35.9857749938965,34.9622802734375,34.6376266479492,35.0756301879883,33.7681159973145,33.4006576538086,32.1750869750977,29.6449546813965,26.3960628509521,23.6063365936279,26.624002456665,29.820182800293,34.0866394042969,36.4002304077148,36.3205795288086,34.0239181518555,28.6205520629883,22.479829788208,15.9463806152344,-9999,-9999,-9999,-9999,-9999,-9999,-9999,-9999,-9999,-9999,-9999,-9999,-9999,-9999,-9999,-9999,-9999,-9999,-9999,-9999,-9999,-9999,-9999,-9999,-9999,-9999,-9999,-9999,-9999,-9999,-9999,-9999,-9999,-9999,-9999,-9999,-9999,-9999,-9999,-9999
-9999,-9999,-9999,-9999,-9999,-9999,-9999,-9999,-9999,-9999,-9999,-9999,-9999,-9999,-9999,-9999,-9999,-9999,-9999,-9999,-9999,-9999,-9999,-9999,-9999,-9999,-9999,-9999,-9999,-9999,-9999,-9999,-9999,-9999,-9999,-9999,-9999,-9999,-9999,-9999,-9999,-9999,-9999,-9999,-9999,-9999,-9999,-9999,-9999,-9999,-9999,-9999,-9999,-9999,-9999,1.44804417345767E-08,0.000772315775975585,45.8857040405273,45.829044342041,45.8814888000488,46.037052154541,45.3991088867188,44.6277542114258,44.5931854248047,42.7163696289063,41.9041900634766,40.996337890625,40.3037490844727,39.8873405456543,38.5524787902832,37.4737930297852,37.0996589660645,36.8018798828125,36.501781463623,36.0916976928711,35.7147369384766,34.8293685913086,33.6991882324219,31.8486442565918,29.636890411377,26.7126808166504,24.0000400543213,27.4873008728027,31.9439926147461,35.8934783935547,37.5579223632813,37.2810401916504,35.2138137817383,29.1011047363281,22.9272708892822,15.8965921401978,13.8753290176392,18.0540313720703,-9999,-9999,-9999,-9999,-9999,-9999,-9999,-9999,-9999,29.5501441955566,30.6778793334961,32.6280136108398,-9999,-9999,-9999,-9999,-9999,-9999,-9999,-9999,-9999,-9999,-9999,-9999,-9999,-9999,-9999,-9999,-9999,-9999,-9999,-9999,-9999,-9999,-9999,-9999,-9999,-9999
-9999,-9999,-9999,-9999,-9999,-9999,-9999,-9999,-9999,-9999,-9999,-9999,-9999,-9999,-9999,-9999,-9999,-9999,-9999,-9999,-9999,-9999,-9999,-9999,-9999,-9999,-9999,-9999,-9999,-9999,-9999,39.1811294555664,-9999,-9999,-9999,39.5286407470703,-9999,-9999,-9999,-9999,-9999,-9999,-9999,-9999,-9999,-9999,-9999,-9999,-9999,-9999,-9999,-9999,-9999,-9999,-9999,-9999,-9999,45.4533348083496,45.6799354553223,45.7815284729004,-9999,46.1736793518066,45.5877304077148,44.6661605834961,42.8042411804199,42.0512046813965,41.718017578125,40.7195701599121,39.881706237793,37.6315231323242,36.6514625549316,37.9357261657715,38.2845420837402,37.5924034118652,37.0966033935547,36.5431251525879,35.8482131958008,34.8635025024414,34.6772575378418,34.574649810791,32.6274909973145,31.5430221557617,34.7459983825684,36.7964248657227,39.55078125,40.7880630493164,39.7869567871094,37.468578338623,32.966480255127,29.513650894165,27.4417858123779,22.7163677215576,16.7899646759033,20.1123199462891,-9999,-9999,-9999,-9999,-9999,-9999,-9999,-9999,33.9115295410156,36.2760124206543,36.3555488586426,34.3464546203613,33.501537322998,-9999,-9999,-9999,-9999,-9999,-9999,-9999,-9999,-9999,-9999,-9999,-9999,-9999,-9999,-9999,-9999,-9999,-9999,-9999,-9999,-9999,-9999,-9999,-9999
-9999,-9999,-9999,-9999,-9999,-9999,-9999,-9999,-9999,-9999,-9999,-9999,-9999,-9999,-9999,-9999,-9999,-9999,-9999,-9999,-9999,-9999,-9999,-9999,-9999,-9999,-9999,-9999,-9999,-9999,38.1346092224121,37.837760925293,-9999,-9999,39.5447235107422,39.4607086181641,-9999,-9999,35.7650146484375,37.7394790649414,-9999,-9999,-9999,-9999,-9999,41.3803558349609,-9999,-9999,-9999,-9999,-9999,-9999,-9999,-9999,-9999,-9999,-9999,-9999,-9999,-9999,-9999,46.0362243652344,46.5998649597168,44.774040222168,43.4264717102051,42.2747383117676,40.5640144348145,40.0463104248047,38.6767044067383,36.5977973937988,35.319751739502,39.0139465332031,39.9081497192383,39.4556350708008,38.6425704956055,38.0620956420898,37.2600708007813,36.1599197387695,37.846305847168,39.1665306091309,39.7375221252441,38.8409042358398,39.7602195739746,40.7303009033203,41.8766441345215,42.3121452331543,41.4296112060547,39.7040824890137,36.4649696350098,35.4112777709961,36.7513389587402,30.0452899932861,18.1477832794189,20.0713768005371,24.2768287658691,-9999,-9999,-9999,-9999,-9999,34.8222732543945,35.1772651672363,35.6034202575684,35.8653411865234,36.8889274597168,37.2933883666992,35.572265625,32.7122917175293,-9999,-9999,-9999,-9999,-9999,-9999,-9999,-9999,-9999,-9999,-9999,-9999,-9999,-9999,-9999,-9999,-9999,-9999,-9999,-9999,-9999,-9999,-9999
-9999,-9999,-9999,-9999,-9999,-9999,-9999,-9999,-9999,-9999,-9999,-9999,-9999,-9999,-9999,-9999,-9999,-9999,-9999,-9999,-9999,-9999,-9999,38.8016166687012,39.1745376586914,-9999,-9999,-9999,-9999,38.1739921569824,37.8827590942383,38.1256217956543,37.8488960266113,38.9543876647949,39.1759223937988,39.090950012207,36.9259071350098,35.2515983581543,36.0480728149414,-9999,38.4501571655273,40.5256690979004,-9999,-9999,40.8280792236328,40.9202499389648,41.9410285949707,42.8951644897461,-9999,-9999,-9999,-9999,-9999,-9999,-9999,-9999,-9999,41.0791473388672,43.8831253051758,-9999,-9999,-9999,44.5288314819336,45.1059913635254,44.0429077148438,42.17529296875,42.0353126525879,40.7957038879395,39.4419822692871,35.8462142944336,34.5519332885742,37.6707572937012,39.5561218261719,40.4127349853516,40.0802230834961,39.4701156616211,38.682918548584,37.7344284057617,37.9399223327637,39.4684867858887,39.9221992492676,39.9352874755859,40.9709625244141,41.8315696716309,42.2416801452637,42.3919372558594,42.0304946899414,40.937614440918,38.3465766906738,36.5729217529297,35.8261375427246,31.1938667297363,23.9855289459229,23.3609676361084,24.2219009399414,21.301908493042,20.8346214294434,22.2723846435547,22.8181343078613,24.789909362793,29.6696548461914,34.803092956543,35.0811996459961,35.467903137207,36.4572143554688,37.4215888977051,37.7575836181641,35.5715026855469,33.2981414794922,34.6781539916992,-9999,-9999,-9999,-9999,-9999,-9999,-9999,-9999,-9999,-9999,-9999,-9999,-9999,-9999,-9999,-9999,-9999,-9999,-9999,-9999,-9999
-9999,-9999,-9999,-9999,-9999,-9999,-9999,-9999,-9999,-9999,-9999,-9999,-9999,-9999,-9999,-9999,-9999,-9999,-9999,-9999,-9999,-9999,38.8967323303223,38.3865661621094,38.1726264953613,39.9157943725586,40.0984916687012,37.5480766296387,37.6420860290527,37.1623153686523,37.7171058654785,37.2994651794434,36.857852935791,37.4742126464844,38.3127822875977,36.9810256958008,34.9905815124512,34.8290557861328,34.9908027648926,35.955810546875,37.1922454833984,39.5065612792969,40.9282569885254,40.9771347045898,41.0411911010742,41.1055335998535,42.4239692687988,43.190559387207,43.3116035461426,-9999,-9999,-9999,-9999,-9999,-9999,-9999,-9999,39.8469734191895,40.9793357849121,42.7776260375977,-9999,-9999,43.4752044677734,44.7445106506348,45.0848426818848,43.7116546630859,42.4118919372559,40.6126327514648,38.127082824707,34.8211441040039,33.5831146240234,37.5402069091797,39.3004302978516,40.7840805053711,41.007495880127,40.4848365783691,39.7895050048828,39.2737274169922,39.3133354187012,38.6697044372559,39.887882232666,41.028923034668,42.007640838623,42.7024574279785,42.5601959228516,42.470775604248,42.4669723510742,41.8382263183594,40.3547401428223,37.951057434082,34.5569381713867,31.8999328613281,28.6796855926514,25.9264984130859,23.4616794586182,22.26611328125,21.9371337890625,24.0251541137695,24.2280464172363,23.716136932373,26.0660972595215,32.4815444946289,35.2713623046875,35.8793106079102,36.3800468444824,36.9644317626953,37.8298110961914,38.5385208129883,36.9456748962402,35.042797088623,-9999,-9999,-9999,-9999,-9999,-9999,-9999,-9999,-9999,-9999,-9999,-9999,-9999,-9999,-9999,-9999,-9999,-9999,-9999,-9999,-9999
-9999,-9999,-9999,-9999,-9999,-9999,-9999,-9999,-9999,-9999,-9999,-9999,-9999,-9999,-9999,-9999,-9999,-9999,-9999,-9999,-9999,-9999,39.0925445556641,38.132266998291,37.6393699645996,39.3642311096191,41.5091819763184,41.1732330322266,36.5815963745117,36.721435546875,37.4343605041504,37.4433288574219,36.7200965881348,36.9048233032227,37.1454467773438,36.1248016357422,35.1799812316895,34.727367401123,34.826042175293,35.4888191223145,36.5885581970215,38.8507652282715,40.2946243286133,40.5431213378906,40.5961532592773,41.5127983093262,41.5993003845215,42.8334503173828,42.8091278076172,42.8103332519531,42.8755111694336,-9999,-9999,-9999,-9999,-9999,-9999,-9999,39.7799758911133,40.6778831481934,42.0515518188477,42.6634178161621,43.3094215393066,44.3497123718262,45.1188507080078,43.9074478149414,42.0307731628418,38.3981704711914,34.9939346313477,33.3390808105469,34.5112838745117,38.569408416748,40.7311172485352,41.7571411132813,42.1188507080078,42.1783828735352,41.8665657043457,41.4599151611328,40.8921928405762,40.0788650512695,41.0801124572754,42.0424423217773,42.3693161010742,42.6136627197266,42.5865745544434,42.5713500976563,42.5780639648438,42.01904296875,40.8022994995117,38.1319885253906,33.5475082397461,31.8943042755127,31.0033531188965,25.5914993286133,19.2924003601074,20.4217720031738,21.3251895904541,22.9776000976563,24.2985649108887,23.8403873443604,26.346794128418,33.0468368530273,36.7166442871094,38.5329666137695,37.9700775146484,36.0366287231445,36.6068992614746,38.269962310791,38.3480567932129,36.2065124511719,38.393440246582,-9999,-9999,-9999,-9999,-9999,-9999,-9999,-9999,-9999,-9999,-9999,-9999,-9999,-9999,-9999,-9999,-9999,-9999,-9999,-9999
-9999,-9999,-9999,-9999,-9999,-9999,-9999,-9999,-9999,-9999,-9999,-9999,-9999,-9999,-9999,-9999,-9999,-9999,-9999,-9999,-9999,-9999,38.9012336730957,39.0426483154297,36.7690849304199,35.4737586975098,42.323844909668,44.1773796081543,40.4816665649414,37.9195442199707,38.4814834594727,38.2073631286621,37.8823547363281,37.5873184204102,37.2013092041016,36.615608215332,36.1020469665527,35.9691009521484,35.7066230773926,36.3775329589844,37.0708312988281,38.2715110778809,39.2363128662109,39.6984329223633,39.9954795837402,40.2581024169922,40.2606964111328,40.4286003112793,41.461109161377,42.6624450683594,42.9848709106445,-9999,-9999,-9999,-9999,39.8220748901367,39.3492851257324,39.163272857666,39.1080589294434,39.7797927856445,41.0654830932617,42.3249816894531,43.027530670166,44.0866928100586,44.1380310058594,42.3507347106934,40.9412231445313,36.5918006896973,33.7633399963379,35.3442649841309,36.6556549072266,40.0999145507813,42.15771484375,43.145923614502,43.5129623413086,43.3309440612793,42.9198913574219,42.4003410339355,41.8312911987305,41.2368774414063,41.9760284423828,42.6523895263672,42.5708274841309,42.5168838500977,42.5678062438965,42.5966453552246,42.5868148803711,42.144287109375,41.202278137207,38.7015419006348,34.6655044555664,34.1619186401367,35.3748359680176,29.2745265960693,20.9770908355713,22.2072677612305,23.1238632202148,24.8400287628174,25.9175205230713,25.6101512908936,27.9897117614746,33.968921661377,37.8707885742188,40.5127105712891,39.4997291564941,36.1594696044922,37.1599082946777,39.4702033996582,40.0920028686523,39.8811645507813,38.7140007019043,40.5358772277832,-9999,-9999,-9999,-9999,-9999,-9999,-9999,-9999,-9999,-9999,-9999,-9999,-9999,-9999,-9999,-9999,-9999,-9999,-9999
-9999,-9999,-9999,-9999,-9999,-9999,-9999,-9999,-9999,-9999,-9999,-9999,-9999,-9999,-9999,-9999,-9999,-9999,-9999,-9999,-9999,37.7837066650391,39.0406188964844,38.1622352600098,35.947193145752,35.4887504577637,41.9041976928711,44.5102806091309,43.1266784667969,42.2513618469238,41.763298034668,41.4747161865234,41.180061340332,40.9717636108398,40.6178779602051,40.1473121643066,39.697135925293,39.429443359375,39.2668304443359,39.480525970459,39.1876258850098,37.3074760437012,36.9285850524902,38.3004722595215,38.915470123291,39.2351989746094,39.453800201416,39.4462966918945,39.5928382873535,40.0649757385254,40.0400238037109,40.0911560058594,40.3475494384766,40.2299423217773,40.0803375244141,39.8120918273926,39.5112113952637,39.0818939208984,39.0742797851563,39.0431060791016,38.1753044128418,38.4775123596191,39.9917182922363,42.6779937744141,44.1944961547852,42.6809158325195,39.9880981445313,35.2782287597656,35.5801315307617,39.5737113952637,42.2483558654785,43.2005500793457,43.7012557983398,43.7093544006348,43.5733070373535,43.3295135498047,43.032657623291,42.7100639343262,42.4147415161133,42.1204490661621,42.2393493652344,42.3611602783203,42.3865737915039,42.4137573242188,42.4480819702148,42.4317626953125,42.3203163146973,42.0958862304688,41.7516899108887,40.9236946105957,39.7361755371094,39.7400016784668,40.1315269470215,37.7239570617676,33.8638534545898,30.9669246673584,28.8165149688721,30.1297721862793,31.0842971801758,30.8695220947266,32.3041191101074,35.367317199707,38.4636878967285,41.3287353515625,41.1464080810547,39.028507232666,41.0312042236328,43.7255249023438,42.2349624633789,40.0698318481445,40.5372581481934,39.9728126525879,38.6523513793945,37.8048324584961,-9999,-9999,-9999,-9999,-9999,-9999,-9999,-9999,-9999,-9999,-9999,-9999,-9999,-9999,-9999,-9999,-9999
-9999,-9999,-9999,-9999,-9999,-9999,-9999,-9999,-9999,-9999,-9999,-9999,-9999,-9999,-9999,-9999,-9999,-9999,-9999,-9999,-9999,35.9631004333496,35.4853744506836,36.7603988647461,36.1156387329102,36.9229431152344,41.5354766845703,43.7559509277344,43.5437393188477,43.1198463439941,42.6969261169434,42.281810760498,42.0914611816406,41.9387512207031,41.5925064086914,41.210865020752,40.7708625793457,40.4947128295898,40.3006744384766,40.314525604248,39.8554840087891,38.0872230529785,37.0931091308594,37.640811920166,38.1596832275391,38.6601867675781,39.2511024475098,39.7590446472168,39.444751739502,39.1076240539551,39.3700637817383,39.6770973205566,39.5949363708496,39.6627960205078,39.5177574157715,38.9674644470215,38.3627014160156,38.0614166259766,37.6751480102539,36.6750640869141,36.5761756896973,37.6332244873047,38.6600532531738,39.4294166564941,42.6688270568848,42.0214653015137,40.9674987792969,35.8771438598633,38.0012893676758,42.1899871826172,44.5832328796387,44.383960723877,44.1117210388184,43.7434196472168,-9999,-9999,-9999,-9999,-9999,-9999,-9999,42.0750579833984,42.1334686279297,42.1899757385254,42.2386016845703,42.2127075195313,42.0465087890625,41.9274063110352,41.8597831726074,41.8320770263672,41.8298034667969,41.7988739013672,41.7528686523438,41.2007865905762,39.7426528930664,35.6308708190918,32.1053771972656,33.2083358764648,33.7048873901367,32.0083351135254,32.0462532043457,33.8196258544922,36.6564178466797,39.9896430969238,40.8767166137695,40.4245567321777,42.4949150085449,44.7880859375,42.370719909668,39.1347541809082,40.2603645324707,39.3990898132324,38.672908782959,37.0843620300293,37.4426727294922,-9999,-9999,-9999,-9999,-9999,-9999,-9999,-9999,-9999,-9999,-9999,-9999,-9999,-9999,-9999,-9999
-9999,-9999,-9999,-9999,-9999,-9999,-9999,-9999,-9999,-9999,-9999,-9999,-9999,-9999,-9999,-9999,-9999,-9999,-9999,33.8126678466797,34.5702018737793,34.0496482849121,33.4227256774902,33.2448272705078,37.0890235900879,39.839786529541,40.6985855102539,41.1270523071289,40.724063873291,40.3069038391113,39.9969024658203,39.8912010192871,39.8158187866211,39.5342712402344,39.2385559082031,38.9013442993164,38.5413856506348,38.3292503356934,38.1025695800781,38.0874900817871,38.7438926696777,40.9245948791504,41.4582138061523,39.2621650695801,38.5530242919922,39.1180114746094,40.0306167602539,40.9900779724121,39.7285766601563,37.8190307617188,38.1216011047363,38.3502311706543,38.1527366638184,37.9919204711914,37.86767578125,37.23095703125,35.8890228271484,34.8639678955078,34.3479080200195,35.5079650878906,37.6040916442871,39.9572715759277,42.0636825561523,41.6232604980469,40.8652191162109,39.5233383178711,40.8872985839844,42.0387382507324,42.1803855895996,43.3445205688477,44.0286483764648,-9999,-9999,-9999,-9999,-9999,-9999,-9999,-9999,-9999,-9999,-9999,-9999,41.790943145752,41.8982696533203,41.915901184082,41.7644691467285,41.5782012939453,41.3532066345215,41.0904350280762,40.8011093139648,40.7107620239258,40.6984062194824,40.763126373291,40.8393783569336,37.3440589904785,33.8697128295898,34.3605041503906,33.9666213989258,28.9162197113037,26.171480178833,27.6539821624756,30.3499221801758,33.6159820556641,37.1423034667969,40.2633819580078,41.5460510253906,42.3195190429688,39.8742637634277,36.544303894043,38.8248634338379,40.237434387207,40.6804656982422,35.1999435424805,36.4080123901367,-9999,-9999,-9999,-9999,-9999,-9999,-9999,-9999,-9999,-9999,-9999,-9999,-9999,-9999,-9999,-9999
-9999,-9999,-9999,-9999,-9999,-9999,-9999,-9999,-9999,-9999,-9999,-9999,-9999,-9999,-9999,-9999,-9999,-9999,31.7545356750488,32.9743270874023,33.1322937011719,35.0726737976074,33.5946502685547,32.7588119506836,36.8303451538086,39.5818786621094,40.4165649414063,40.7865028381348,40.254524230957,39.8834533691406,39.6168785095215,39.5912284851074,39.5479927062988,39.3354797363281,38.9824905395508,38.8410453796387,38.580940246582,38.4957427978516,38.2203559875488,38.2413711547852,39.1256790161133,41.9951171875,42.9137077331543,40.2100028991699,39.486930847168,39.8018112182617,40.6020469665527,41.4204788208008,39.7606353759766,37.1526145935059,36.4586219787598,36.1218299865723,35.8157806396484,35.6927108764648,36.7006034851074,36.9784507751465,35.5389556884766,34.3521728515625,34.3774452209473,36.133243560791,39.2512016296387,41.536075592041,42.999095916748,43.2017669677734,43.1305236816406,42.8857879638672,42.5025405883789,43.1323852539063,-9999,-9999,-9999,-9999,-9999,-9999,-9999,-9999,-9999,-9999,-9999,-9999,-9999,-9999,-9999,-9999,-9999,41.5911178588867,41.4719848632813,41.2758560180664,40.9947280883789,40.6254844665527,40.1940231323242,40.0327377319336,39.9736747741699,40.2702674865723,40.6392936706543,38.2729225158691,35.865047454834,35.0541839599609,33.498405456543,28.5827941894531,24.9599876403809,23.9044628143311,25.0319633483887,28.0659809112549,32.9934234619141,37.7920455932617,38.7053909301758,38.8918533325195,38.4133644104004,37.6487426757813,38.3691902160645,39.7807006835938,39.0802764892578,36.1467094421387,35.3159217834473,-9999,-9999,-9999,-9999,-9999,-9999,-9999,-9999,-9999,-9999,-9999,-9999,-9999,-9999,-9999,-9999
-9999,-9999,-9999,-9999,-9999,-9999,-9999,-9999,-9999,-9999,-9999,-9999,33.2651100158691,32.1376609802246,-9999,31.5752277374268,33.075122833252,34.6036224365234,33.9492263793945,31.3528518676758,34.1578407287598,36.9390907287598,36.0785064697266,35.114616394043,35.7009391784668,37.1716995239258,40.7101898193359,42.3295135498047,42.1780433654785,41.8685913085938,41.6970252990723,41.6781921386719,41.8229522705078,41.4316749572754,41.1544342041016,41.1036834716797,41.2998733520508,40.9673919677734,40.7990379333496,40.3978614807129,40.3149757385254,40.7406921386719,41.6147193908691,40.6302871704102,40.3593940734863,41.0453758239746,40.9955520629883,41.5668983459473,39.6943435668945,37.1285095214844,34.7466239929199,32.2383232116699,32.1172676086426,32.4077110290527,35.6656799316406,37.5307121276855,36.4209938049316,35.8184700012207,36.0419769287109,38.7261848449707,41.4195594787598,42.6426086425781,43.269229888916,43.3780670166016,43.3636703491211,43.180965423584,43.0131492614746,-9999,-9999,-9999,-9999,-9999,-9999,-9999,-9999,-9999,-9999,-9999,-9999,-9999,-9999,-9999,-9999,-9999,-9999,-9999,41.1691398620605,41.0137138366699,40.7656745910645,40.4058723449707,39.9669303894043,39.7223510742188,39.549144744873,39.721076965332,39.9469375610352,39.0686683654785,37.9841804504395,35.320743560791,32.4298095703125,30.8066329956055,27.8616561889648,22.6629238128662,20.8960266113281,23.1707324981689,27.0268802642822,32.0279235839844,33.5723037719727,34.5612754821777,38.1458396911621,41.3383178710938,39.5946998596191,38.496509552002,39.2099647521973,36.644458770752,35.0530128479004,-9999,-9999,-9999,-9999,-9999,-9999,-9999,-9999,-9999,-9999,-9999,-9999,-9999,-9999,-9999,-9999
-9999,-9999,-9999,-9999,-9999,-9999,-9999,-9999,-9999,-9999,30.9869995117188,32.851146697998,34.3227844238281,31.9215679168701,31.690221786499,29.5359134674072,31.7160930633545,36.017219543457,35.4471092224121,33.0803413391113,35.6695747375488,38.6664237976074,38.2767066955566,37.5219039916992,37.1893348693848,37.6491432189941,40.4687423706055,42.1516647338867,41.8238182067871,42.0659942626953,42.8288917541504,43.2704467773438,43.0806198120117,43.1063499450684,42.9289360046387,42.603084564209,42.5933456420898,42.7184181213379,42.2842254638672,41.8833465576172,41.5652656555176,41.3223190307617,41.3758316040039,41.3971748352051,41.4088859558105,41.7156257629395,42.0632934570313,42.2739486694336,41.2345199584961,39.677921295166,36.6907806396484,33.6903686523438,33.4824180603027,33.8603897094727,36.4118614196777,38.1238250732422,37.5806465148926,37.8469924926758,38.2180328369141,39.859935760498,41.8216896057129,42.5916328430176,42.9096183776855,42.9515800476074,42.9356575012207,42.8469619750977,-9999,-9999,-9999,-9999,-9999,-9999,-9999,-9999,-9999,-9999,-9999,-9999,-9999,-9999,-9999,-9999,-9999,-9999,-9999,-9999,-9999,40.7092933654785,40.4593048095703,40.1201782226563,39.7195053100586,39.4727096557617,39.2807502746582,39.3492164611816,39.4577751159668,39.3063316345215,38.8939781188965,36.4096908569336,33.5754737854004,31.9505367279053,29.417350769043,25.1987419128418,21.8880195617676,20.8116512298584,23.1890754699707,27.0813369750977,30.393440246582,33.1600494384766,37.0310897827148,40.2257347106934,38.1307182312012,36.3901481628418,38.0858459472656,35.844783782959,33.4310455322266,-9999,-9999,-9999,-9999,-9999,-9999,-9999,-9999,-9999,-9999,-9999,-9999,-9999,-9999,-9999,-9999
-9999,-9999,-9999,-9999,-9999,-9999,-9999,-9999,27.4917278289795,28.77663230896,29.1598796844482,29.1082973480225,30.1938877105713,32.1984252929688,31.4164142608643,29.6808700561523,31.7594165802002,36.1787757873535,36.4086875915527,34.8392181396484,37.5166664123535,40.566104888916,40.4371490478516,39.5906829833984,39.4157295227051,39.1897430419922,39.2240104675293,39.192195892334,39.00244140625,40.3803215026855,43.177375793457,44.2215003967285,44.2276382446289,44.2112731933594,44.0883903503418,43.9799308776855,43.6951141357422,43.387092590332,43.327335357666,43.1187591552734,42.8414459228516,42.6551170349121,42.4961051940918,42.4402847290039,42.3488006591797,42.3663520812988,42.4217224121094,42.4604034423828,42.4878578186035,42.5385894775391,40.4973373413086,38.0834541320801,38.1534461975098,38.3188972473145,38.5067367553711,38.5028495788574,38.1311149597168,38.6820831298828,40.2103118896484,41.3790054321289,41.9263534545898,42.1889724731445,-9999,-9999,-9999,-9999,-9999,-9999,-9999,-9999,-9999,-9999,-9999,-9999,-9999,-9999,-9999,-9999,-9999,-9999,-9999,-9999,-9999,-9999,-9999,-9999,-9999,-9999,40.1109657287598,39.7991676330566,39.4598045349121,39.2529487609863,39.093132019043,39.067081451416,39.0619735717773,39.2819747924805,39.3067588806152,37.8411979675293,35.8213653564453,32.6015739440918,30.1215171813965,29.0920104980469,25.8876686096191,20.1551418304443,19.8613910675049,22.4568538665771,28.2912769317627,33.7114448547363,35.221794128418,36.587028503418,35.1936340332031,34.2510375976563,36.5852127075195,34.2531776428223,33.4311904907227,-9999,-9999,-9999,-9999,-9999,-9999,-9999,-9999,-9999,-9999,-9999,-9999,-9999,-9999,-9999,-9999
-9999,-9999,-9999,-9999,-9999,-9999,-9999,-9999,26.3234176635742,27.7168521881104,28.7060947418213,28.2733516693115,28.5530300140381,28.950740814209,29.5925807952881,30.5550117492676,33.3800277709961,37.7506790161133,37.788143157959,36.6957054138184,38.0981330871582,39.437557220459,40.2362899780273,41.1191520690918,40.9538383483887,40.5578117370605,40.2069244384766,39.8659133911133,39.4967918395996,40.3226165771484,42.117317199707,42.651985168457,42.5125160217285,42.3892669677734,42.2015113830566,41.9812088012695,41.914478302002,41.7106018066406,41.5179138183594,41.3033905029297,41.1892204284668,41.0140190124512,41.232494354248,41.9767913818359,42.2621307373047,42.2051582336426,42.1087265014648,41.985050201416,42.1042633056641,42.2426071166992,41.188907623291,39.9991683959961,40.2418785095215,40.3858261108398,40.250171661377,40.0484962463379,39.7663078308105,40.1025276184082,40.9797210693359,41.5331420898438,41.8389320373535,41.958797454834,-9999,-9999,-9999,-9999,-9999,-9999,-9999,-9999,-9999,-9999,-9999,-9999,-9999,-9999,-9999,-9999,-9999,-9999,-9999,-9999,-9999,-9999,-9999,-9999,-9999,-9999,-9999,-9999,39.0661582946777,38.9004440307617,38.7776489257813,38.7251243591309,38.6810188293457,38.8943099975586,38.9720306396484,38.0301399230957,36.7857475280762,34.4553871154785,32.3784561157227,30.4937801361084,27.7813091278076,23.726016998291,21.4780693054199,20.2197666168213,24.930362701416,30.1539535522461,31.2423877716064,32.2645645141602,31.5732975006104,31.4013614654541,34.5971946716309,31.2247142791748,30.4048709869385,-9999,-9999,-9999,-9999,-9999,-9999,-9999,-9999,-9999,-9999,-9999,-9999,-9999,-9999,-9999,-9999
-9999,-9999,-9999,-9999,-9999,-9999,20.5942974090576,26.0461463928223,26.2766780853271,26.0936298370361,27.6468296051025,28.3819847106934,28.0299205780029,25.9959087371826,27.7950763702393,32.0146026611328,36.116138458252,39.3642807006836,39.4339332580566,38.4257507324219,37.8000259399414,37.175651550293,39.9607620239258,42.0613212585449,42.010684967041,41.960765838623,41.6384124755859,41.2691612243652,40.9022369384766,40.6631164550781,40.3768043518066,40.0862655639648,39.7579612731934,39.4982719421387,39.3152389526367,39.1254539489746,38.9418106079102,38.9007225036621,38.8584213256836,38.7437553405762,38.6387138366699,38.5103912353516,39.2281646728516,41.1511497497559,41.9540786743164,41.8581733703613,41.5887794494629,41.2378997802734,41.0241165161133,40.8121109008789,40.9277648925781,41.0616264343262,41.2682914733887,41.4757270812988,41.469669342041,41.3962059020996,41.126392364502,40.974006652832,40.9939651489258,41.2533950805664,41.7009658813477,-9999,-9999,-9999,-9999,-9999,-9999,-9999,-9999,-9999,-9999,-9999,-9999,-9999,-9999,-9999,-9999,-9999,-9999,-9999,-9999,-9999,-9999,-9999,-9999,-9999,-9999,-9999,-9999,-9999,-9999,-9999,-9999,38.3615608215332,38.3007583618164,38.4103050231934,38.4438514709473,37.9307479858398,37.372730255127,36.564338684082,34.8158874511719,31.2647285461426,28.9729385375977,28.1961421966553,24.5973663330078,18.5439033508301,20.5338554382324,24.2648048400879,25.8481540679932,26.924732208252,27.316219329834,28.3016395568848,32.3365783691406,29.9216499328613,-9999,-9999,-9999,-9999,-9999,-9999,-9999,-9999,-9999,-9999,-9999,-9999,-9999,-9999,-9999,-9999,-9999
-9999,-9999,-9999,-9999,-9999,-9999,26.041524887085,26.2534122467041,25.9389610290527,25.9699840545654,26.0885524749756,29.1018753051758,31.4143371582031,32.1003723144531,33.2276191711426,34.9352607727051,37.2035140991211,39.9676780700684,40.1136322021484,39.3359565734863,38.857780456543,38.3158988952637,40.3965606689453,42.0874481201172,42.0630035400391,41.9228019714355,41.7054901123047,41.5236358642578,41.1758689880371,40.7973861694336,40.3611450195313,40.1048431396484,39.8395347595215,39.5481109619141,39.2726974487305,39.4516716003418,39.7002754211426,39.6538238525391,39.5809745788574,39.4300270080566,39.2920227050781,39.2193870544434,39.5977249145508,40.6666488647461,41.1232261657715,41.0663681030273,40.8585548400879,40.5502777099609,40.4275321960449,40.3757553100586,40.4990158081055,40.6453018188477,40.7381973266602,40.8229598999023,40.8724212646484,40.8562202453613,40.6732635498047,40.5513076782227,40.5112037658691,-9999,-9999,-9999,-9999,-9999,-9999,-9999,-9999,-9999,-9999,-9999,-9999,-9999,-9999,-9999,-9999,-9999,-9999,-9999,-9999,-9999,-9999,-9999,-9999,-9999,-9999,-9999,-9999,-9999,-9999,-9999,-9999,-9999,-9999,-9999,37.8956832885742,37.9557914733887,37.9855918884277,37.8073883056641,37.532642364502,36.9759559631348,35.936882019043,34.0996627807617,31.8131275177002,29.253734588623,26.2388210296631,22.6765213012695,21.6451301574707,21.0090866088867,24.3925762176514,27.5334625244141,28.6250915527344,29.8483200073242,31.5432720184326,29.2917308807373,30.2034664154053,28.3097267150879,-9999,-9999,-9999,-9999,-9999,-9999,-9999,-9999,-9999,-9999,-9999,-9999,-9999,-9999,-9999
-9999,-9999,-9999,-9999,25.1617279052734,26.8136005401611,26.1893081665039,25.9626426696777,25.8557796478271,25.8933334350586,26.6730766296387,31.1990833282471,34.7649192810059,37.4419937133789,38.3220634460449,37.3142318725586,38.315990447998,40.4875030517578,40.7130508422852,40.1665344238281,39.7129859924316,39.2248764038086,40.3391380310059,41.3356475830078,41.4286613464355,41.4726486206055,41.3626480102539,41.2104873657227,41.0309867858887,40.7763175964355,40.4993057250977,40.2118759155273,39.9219169616699,39.6100921630859,39.3058586120605,39.8957061767578,40.5812225341797,40.4951858520508,40.3911552429199,40.1857795715332,40.0211524963379,39.9935340881348,40.005256652832,40.091064453125,40.1320991516113,40.1343307495117,40.0061645507813,39.8048095703125,39.8672752380371,40.0014877319336,40.0460891723633,40.0757484436035,40.0573425292969,40.0553588867188,-9999,-9999,-9999,-9999,-9999,-9999,-9999,-9999,-9999,-9999,-9999,-9999,-9999,-9999,-9999,-9999,-9999,-9999,-9999,-9999,-9999,-9999,-9999,-9999,-9999,-9999,-9999,-9999,-9999,-9999,-9999,-9999,-9999,-9999,-9999,-9999,-9999,-9999,-9999,-9999,-9999,37.4965324401855,37.5273475646973,37.6667327880859,37.6491088867188,37.1586532592773,36.8174819946289,36.611011505127,34.3885192871094,30.0254096984863,27.8218288421631,26.7164268493652,23.0707111358643,17.7851295471191,23.1198081970215,28.1722545623779,29.9162902832031,31.2369785308838,30.8964748382568,22.2613334655762,22.7514305114746,27.9163284301758,28.7123222351074,-9999,-9999,-9999,-9999,-9999,-9999,-9999,-9999,-9999,-9999,-9999,-9999,-9999,-9999
-9999,-9999,-9999,-9999,30.717155456543,28.2746696472168,27.3927841186523,25.8523292541504,26.2109279632568,28.1399173736572,30.1964244842529,33.550666809082,36.1437301635742,38.133129119873,39.1430053710938,39.2272262573242,39.6795845031738,40.3625793457031,40.1837997436523,39.7012252807617,39.9597587585449,40.3480453491211,40.7455024719238,41.0953979492188,41.1085777282715,41.1087684631348,41.0652847290039,40.9866790771484,40.8453063964844,40.6698379516602,40.4580764770508,40.2641105651855,40.0846710205078,39.929069519043,39.7782745361328,39.9823951721191,40.2289657592773,40.0299034118652,39.8180351257324,39.5303153991699,39.2846832275391,39.1733703613281,39.1085166931152,39.1153411865234,39.1155014038086,39.1093139648438,39.0300483703613,-9999,-9999,-9999,-9999,-9999,-9999,-9999,-9999,-9999,-9999,-9999,-9999,-9999,-9999,-9999,-9999,-9999,-9999,-9999,-9999,-9999,-9999,-9999,-9999,-9999,-9999,-9999,-9999,-9999,-9999,-9999,-9999,-9999,-9999,-9999,-9999,-9999,-9999,-9999,-9999,-9999,-9999,-9999,-9999,-9999,-9999,-9999,-9999,-9999,37.1322212219238,37.2471160888672,37.2890205383301,37.1199378967285,36.6617050170898,35.668212890625,33.3984527587891,29.7996692657471,27.8569889068604,26.6858024597168,22.3330039978027,16.1661357879639,19.4613800048828,23.7967758178711,25.0633201599121,26.5402603149414,27.230224609375,28.0439033508301,21.554386138916,26.5673027038574,24.5603504180908,-9999,-9999,-9999,-9999,-9999,-9999,-9999,-9999,-9999,-9999,-9999,-9999,-9999,-9999
-9999,-9999,-9999,-9999,-9999,30.6913433074951,28.6403102874756,28.8336219787598,27.5266590118408,31.0921783447266,34.1022872924805,35.9563674926758,37.5350036621094,38.7560157775879,39.6892318725586,40.3947334289551,40.3698425292969,39.8334884643555,39.507137298584,39.2512702941895,-9999,-9999,-9999,-9999,-9999,-9999,-9999,-9999,-9999,-9999,-9999,-9999,-9999,40.0080184936523,39.9631233215332,39.8524055480957,39.7322425842285,39.4375343322754,-9999,-9999,-9999,-9999,-9999,-9999,-9999,-9999,-9999,-9999,-9999,-9999,-9999,-9999,-9999,-9999,-9999,-9999,-9999,-9999,-9999,-9999,-9999,-9999,-9999,-9999,-9999,-9999,-9999,-9999,-9999,-9999,-9999,-9999,-9999,-9999,-9999,-9999,-9999,-9999,-9999,-9999,-9999,-9999,-9999,-9999,-9999,-9999,-9999,-9999,-9999,-9999,-9999,-9999,-9999,-9999,-9999,-9999,36.7442398071289,36.8555488586426,36.9605255126953,37.057731628418,36.5796127319336,35.0919303894043,33.0331153869629,30.3110370635986,28.3776893615723,26.8541679382324,22.1558513641357,15.9155130386353,16.9835262298584,18.7506618499756,20.51487159729,22.0401573181152,23.4905204772949,24.7324352264404,24.7576084136963,22.1663265228271,-9999,-9999,-9999,-9999,-9999,-9999,-9999,-9999,-9999,-9999,-9999,-9999,-9999,-9999,-9999
-9999,-9999,-9999,-9999,-9999,30.3238315582275,30.3151950836182,30.9026165008545,32.3354034423828,36.241081237793,38.9922943115234,39.425853729248,39.815544128418,40.4175567626953,40.6760177612305,40.566089630127,40.1842956542969,39.6069259643555,-9999,-9999,-9999,-9999,-9999,-9999,-9999,-9999,-9999,-9999,-9999,-9999,-9999,-9999,-9999,-9999,-9999,-9999,-9999,-9999,-9999,-9999,-9999,-9999,-9999,-9999,-9999,-9999,-9999,-9999,-9999,-9999,-9999,-9999,-9999,-9999,-9999,-9999,-9999,-9999,-9999,-9999,-9999,-9999,-9999,-9999,-9999,-9999,-9999,-9999,-9999,-9999,-9999,-9999,-9999,-9999,-9999,-9999,-9999,-9999,-9999,-9999,-9999,-9999,-9999,-9999,-9999,-9999,-9999,-9999,-9999,-9999,-9999,-9999,-9999,-9999,-9999,-9999,-9999,36.6149787902832,36.7879791259766,36.8924980163574,36.7976837158203,36.3634910583496,35.4368476867676,33.9424896240234,31.2447776794434,27.6383666992188,24.4936790466309,21.3583068847656,18.7256488800049,16.1495246887207,19.5260810852051,22.0771884918213,20.5468997955322,20.4594211578369,21.5708961486816,19.0073432922363,-9999,-9999,-9999,-9999,-9999,-9999,-9999,-9999,-9999,-9999,-9999,-9999,-9999,-9999,-9999
-9999,-9999,30.5493583679199,30.4230690002441,30.6239223480225,30.1019268035889,30.5801525115967,33.4439582824707,36.3604354858398,39.4572792053223,41.6269569396973,41.2741165161133,41.0551261901855,41.2862854003906,41.1008071899414,40.4029006958008,39.7615928649902,-9999,-9999,-9999,-9999,-9999,-9999,-9999,-9999,-9999,-9999,-9999,-9999,-9999,-9999,-9999,-9999,-9999,-9999,-9999,-9999,-9999,-9999,-9999,-9999,-9999,-9999,-9999,-9999,-9999,-9999,-9999,-9999,-9999,-9999,-9999,-9999,-9999,-9999,-9999,-9999,-9999,-9999,-9999,-9999,-9999,-9999,-9999,-9999,-9999,-9999,-9999,-9999,-9999,-9999,-9999,-9999,-9999,-9999,-9999,-9999,-9999,-9999,-9999,-9999,-9999,-9999,-9999,-9999,-9999,-9999,-9999,-9999,-9999,-9999,-9999,-9999,-9999,-9999,-9999,-9999,36.3537445068359,36.5736198425293,36.6746520996094,36.8381385803223,37.0966987609863,36.9710426330566,36.3933181762695,33.8414916992188,29.7617092132568,27.1041526794434,24.9949607849121,20.6424236297607,15.6224508285522,18.9919528961182,21.0969467163086,17.9139423370361,16.9629001617432,21.0994110107422,17.6982021331787,-9999,-9999,-9999,-9999,-9999,-9999,-9999,-9999,-9999,-9999,-9999,-9999,-9999,-9999,-9999
-9999,-9999,-9999,-9999,30.6548175811768,30.1165828704834,31.0639305114746,35.309928894043,39.0559883117676,40.1475830078125,40.8024559020996,40.6395988464355,40.5377159118652,40.6413192749023,40.3189392089844,39.4841918945313,-9999,-9999,-9999,-9999,-9999,-9999,-9999,-9999,-9999,-9999,-9999,-9999,-9999,-9999,-9999,-9999,-9999,-9999,-9999,-9999,-9999,-9999,-9999,-9999,-9999,-9999,-9999,-9999,-9999,-9999,-9999,-9999,-9999,-9999,-9999,-9999,-9999,-9999,-9999,-9999,-9999,-9999,-9999,-9999,-9999,-9999,-9999,-9999,-9999,-9999,-9999,-9999,-9999,-9999,-9999,-9999,-9999,-9999,-9999,-9999,-9999,-9999,-9999,-9999,-9999,-9999,-9999,-9999,-9999,-9999,-9999,-9999,-9999,-9999,-9999,-9999,-9999,-9999,-9999,-9999,-9999,36.0504570007324,36.270206451416,36.3387641906738,36.4907913208008,36.7711563110352,36.9467506408691,36.9752197265625,36.0251960754395,34.3632736206055,30.4551429748535,25.5492000579834,22.983211517334,20.6662902832031,19.054666519165,16.9943542480469,16.3481483459473,15.9288339614868,17.5257453918457,18.9631614685059,-9999,-9999,-9999,-9999,-9999,-9999,-9999,-9999,-9999,-9999,-9999,-9999,-9999,-9999,-9999
-9999,-9999,-9999,-9999,30.825101852417,30.7610702514648,31.4902992248535,36.427059173584,40.4355316162109,40.4781875610352,40.2734603881836,40.3626022338867,40.3485641479492,40.1482162475586,39.6127586364746,-9999,-9999,-9999,-9999,-9999,-9999,-9999,-9999,-9999,-9999,-9999,-9999,-9999,-9999,-9999,-9999,-9999,-9999,-9999,-9999,-9999,-9999,-9999,-9999,-9999,-9999,-9999,-9999,-9999,-9999,-9999,-9999,-9999,-9999,-9999,-9999,-9999,-9999,-9999,-9999,-9999,-9999,-9999,-9999,-9999,-9999,-9999,-9999,-9999,-9999,-9999,-9999,-9999,-9999,-9999,-9999,-9999,-9999,-9999,-9999,-9999,-9999,-9999,-9999,-9999,-9999,-9999,-9999,-9999,-9999,-9999,-9999,-9999,-9999,-9999,-9999,-9999,-9999,-9999,-9999,-9999,-9999,35.7056007385254,35.933780670166,35.9765548706055,36.0877265930176,36.2993240356445,36.5534172058105,36.8426132202148,36.7536849975586,36.3751792907715,32.1125679016113,25.9549903869629,24.2311592102051,23.0724754333496,18.4403743743896,14.3330631256104,15.2489700317383,15.8608198165894,15.8859920501709,16.6467628479004,13.6629695892334,-9999,-9999,-9999,-9999,-9999,-9999,-9999,-9999,-9999,-9999,-9999,-9999,-9999,-9999
-9999,-9999,-9999,-9999,31.1544075012207,31.1548042297363,32.3306617736816,36.5611152648926,40.4072265625,40.4113960266113,40.235538482666,40.5659103393555,40.5687637329102,39.865535736084,39.0196533203125,-9999,-9999,-9999,-9999,-9999,-9999,-9999,-9999,-9999,-9999,-9999,-9999,-9999,-9999,-9999,-9999,-9999,-9999,-9999,-9999,-9999,-9999,-9999,-9999,-9999,-9999,-9999,-9999,-9999,-9999,-9999,-9999,-9999,-9999,-9999,-9999,-9999,-9999,-9999,-9999,-9999,-9999,-9999,-9999,-9999,-9999,-9999,-9999,-9999,-9999,-9999,-9999,-9999,-9999,-9999,-9999,-9999,-9999,-9999,-9999,-9999,-9999,-9999,-9999,-9999,-9999,-9999,-9999,-9999,-9999,-9999,-9999,-9999,-9999,-9999,-9999,-9999,-9999,-9999,-9999,-9999,-9999,35.3076477050781,35.5558586120605,35.5821533203125,35.6095008850098,35.6289329528809,35.6735305786133,35.7391700744629,35.7055435180664,35.5781517028809,31.72194480896,26.1566066741943,24.3261489868164,22.8308601379395,17.4522876739502,12.8228893280029,15.0634269714355,16.8183536529541,17.2520885467529,17.8393592834473,18.7552013397217,14.0838165283203,-9999,-9999,-9999,-9999,-9999,-9999,-9999,-9999,-9999,-9999,-9999,-9999,-9999
-9999,-9999,-9999,-9999,26.6891956329346,31.2071113586426,32.014476776123,35.9940490722656,38.9119338989258,39.1305618286133,39.1955375671387,40.071361541748,40.3746871948242,39.5400352478027,-9999,-9999,-9999,-9999,-9999,-9999,-9999,-9999,-9999,-9999,-9999,-9999,-9999,-9999,-9999,-9999,-9999,-9999,-9999,-9999,-9999,-9999,-9999,-9999,-9999,-9999,-9999,-9999,-9999,-9999,-9999,-9999,-9999,-9999,-9999,-9999,-9999,-9999,-9999,-9999,-9999,-9999,-9999,-9999,-9999,-9999,-9999,-9999,-9999,-9999,-9999,-9999,-9999,-9999,-9999,-9999,-9999,-9999,-9999,-9999,-9999,-9999,-9999,-9999,-9999,-9999,-9999,-9999,-9999,-9999,-9999,-9999,-9999,-9999,-9999,-9999,-9999,-9999,-9999,-9999,-9999,-9999,-9999,34.8731079101563,35.1395454406738,35.1806755065918,35.1777572631836,35.0931015014648,35.089111328125,35.1638374328613,34.9938888549805,34.6686706542969,32.4653663635254,29.5041275024414,26.3593444824219,22.9453258514404,18.4520015716553,14.671781539917,15.3439064025879,15.9178142547607,16.6088924407959,17.3250904083252,18.3686351776123,18.7883834838867,17.0469284057617,16.6598358154297,-9999,-9999,-9999,-9999,-9999,-9999,-9999,-9999,-9999,-9999,-9999
-9999,-9999,-9999,-9999,29.2451229095459,31.3393135070801,32.90087890625,34.5431938171387,36.0991287231445,36.6479797363281,37.3163108825684,39.0324325561523,39.863395690918,39.1830291748047,-9999,-9999,-9999,-9999,-9999,-9999,-9999,-9999,-9999,-9999,-9999,-9999,-9999,-9999,-9999,-9999,-9999,-9999,-9999,-9999,-9999,-9999,-9999,-9999,-9999,-9999,-9999,-9999,-9999,-9999,-9999,-9999,-9999,-9999,-9999,-9999,-9999,-9999,-9999,-9999,-9999,-9999,-9999,-9999,-9999,-9999,-9999,-9999,-9999,-9999,-9999,-9999,-9999,-9999,-9999,-9999,-9999,-9999,-9999,-9999,-9999,-9999,-9999,-9999,-9999,-9999,-9999,-9999,-9999,-9999,-9999,-9999,-9999,-9999,-9999,-9999,-9999,-9999,-9999,-9999,-9999,-9999,-9999,-9999,34.6913986206055,34.772102355957,34.7803764343262,34.6636581420898,34.7413024902344,35.0083541870117,34.5555000305176,33.6372528076172,33.9429244995117,34.5342864990234,29.5823059082031,23.1480598449707,21.092399597168,19.0233020782471,15.7316741943359,13.5570096969604,14.1139822006226,15.4855766296387,17.721305847168,18.7848510742188,18.6885814666748,-9999,-9999,-9999,-9999,-9999,-9999,-9999,-9999,-9999,-9999,-9999,-9999
-9999,-9999,-9999,-9999,28.6714611053467,30.6804599761963,30.5773429870605,31.5139789581299,32.6102523803711,34.7270851135254,36.8930625915527,38.2742729187012,38.962287902832,38.7338752746582,-9999,-9999,-9999,-9999,-9999,-9999,-9999,-9999,-9999,-9999,-9999,-9999,-9999,-9999,-9999,-9999,-9999,-9999,-9999,-9999,-9999,-9999,-9999,-9999,-9999,-9999,-9999,-9999,-9999,-9999,-9999,-9999,-9999,-9999,-9999,-9999,-9999,-9999,-9999,-9999,-9999,-9999,-9999,-9999,-9999,-9999,-9999,-9999,-9999,-9999,-9999,-9999,-9999,-9999,-9999,-9999,-9999,-9999,-9999,-9999,-9999,-9999,-9999,-9999,-9999,-9999,-9999,-9999,-9999,-9999,-9999,-9999,-9999,-9999,-9999,-9999,-9999,-9999,-9999,-9999,-9999,-9999,-9999,-9999,34.2830772399902,34.379264831543,34.4008407592773,34.2946853637695,34.4223594665527,34.7712326049805,34.5307235717773,33.9219970703125,34.7782669067383,35.9641571044922,30.6241512298584,23.4053363800049,22.1031761169434,20.079460144043,15.5095663070679,12.2035827636719,12.5602760314941,13.8617105484009,16.9016819000244,23.4829082489014,31.9763832092285,29.6078414916992,34.4591979980469,-9999,-9999,-9999,-9999,-9999,-9999,-9999,-9999,-9999,-9999
-9999,-9999,-9999,-9999,-9999,22.0771827697754,27.9910469055176,29.0581035614014,28.7172546386719,33.1791191101074,36.8287506103516,37.4888343811035,37.8503074645996,38.2365188598633,-9999,-9999,-9999,-9999,-9999,-9999,-9999,-9999,-9999,-9999,-9999,-9999,-9999,-9999,-9999,-9999,-9999,-9999,-9999,-9999,-9999,-9999,-9999,-9999,-9999,-9999,-9999,-9999,-9999,-9999,-9999,-9999,-9999,-9999,-9999,-9999,-9999,-9999,-9999,-9999,-9999,-9999,-9999,-9999,-9999,-9999,-9999,-9999,-9999,-9999,-9999,-9999,-9999,-9999,-9999,-9999,-9999,-9999,-9999,-9999,-9999,-9999,-9999,-9999,-9999,-9999,-9999,-9999,-9999,-9999,-9999,-9999,-9999,-9999,-9999,-9999,-9999,-9999,-9999,-9999,-9999,-9999,-9999,-9999,33.8886871337891,33.9902038574219,34.0263252258301,33.9536819458008,34.1157455444336,34.4963073730469,34.6899528503418,34.7633209228516,35.4302749633789,36.1118125915527,30.7794036865234,23.7556953430176,22.021146774292,19.8700828552246,14.8680982589722,11.0439653396606,10.7924070358276,12.3196821212769,16.107400894165,23.0351333618164,31.6246891021729,34.2368965148926,34.7150039672852,32.3387107849121,-9999,-9999,-9999,-9999,-9999,-9999,-9999,-9999,-9999
-9999,-9999,-9999,-9999,-9999,25.1559963226318,26.4741630554199,26.2239990234375,27.6953182220459,33.0984535217285,36.7411193847656,37.1730842590332,37.5515594482422,38.0382232666016,-9999,-9999,-9999,-9999,-9999,-9999,-9999,-9999,-9999,-9999,-9999,-9999,-9999,-9999,-9999,-9999,-9999,-9999,-9999,-9999,-9999,-9999,-9999,-9999,-9999,-9999,-9999,-9999,-9999,-9999,-9999,-9999,-9999,-9999,-9999,-9999,-9999,-9999,-9999,-9999,-9999,-9999,-9999,-9999,-9999,-9999,-9999,-9999,-9999,-9999,-9999,-9999,-9999,-9999,-9999,-9999,-9999,-9999,-9999,-9999,-9999,-9999,-9999,-9999,-9999,-9999,-9999,-9999,-9999,-9999,-9999,-9999,-9999,-9999,-9999,-9999,-9999,-9999,-9999,-9999,-9999,-9999,-9999,-9999,33.5011215209961,33.6103477478027,33.6650009155273,33.6367073059082,33.7791519165039,34.0755386352539,34.2799034118652,34.413890838623,35.1124420166016,35.8362350463867,30.7812767028809,24.0347557067871,22.3401393890381,20.0195350646973,14.6643800735474,11.0005159378052,11.449405670166,13.4681453704834,17.0977363586426,22.6371688842773,29.0051879882813,33.6476898193359,37.0477066040039,37.6562080383301,-9999,-9999,-9999,-9999,-9999,-9999,-9999,-9999,-9999
-9999,-9999,-9999,-9999,-9999,25.1142902374268,25.1908340454102,26.250316619873,27.3796310424805,32.8357391357422,36.8543930053711,37.1153984069824,37.4211463928223,37.9042701721191,-9999,-9999,-9999,-9999,-9999,-9999,-9999,-9999,-9999,-9999,-9999,-9999,-9999,-9999,-9999,-9999,-9999,-9999,-9999,-9999,-9999,-9999,-9999,-9999,-9999,-9999,-9999,-9999,-9999,-9999,-9999,-9999,-9999,-9999,-9999,-9999,-9999,-9999,-9999,-9999,-9999,-9999,-9999,-9999,-9999,-9999,-9999,-9999,-9999,-9999,-9999,-9999,-9999,-9999,-9999,-9999,-9999,-9999,-9999,-9999,-9999,-9999,-9999,-9999,-9999,-9999,-9999,-9999,-9999,-9999,-9999,-9999,-9999,-9999,-9999,-9999,-9999,-9999,-9999,-9999,-9999,-9999,-9999,-9999,-9999,33.2280158996582,33.3031158447266,33.3231163024902,33.4342041015625,33.6228561401367,33.7449264526367,33.8053779602051,34.6431274414063,35.5189018249512,30.7176284790039,24.2986793518066,22.6462154388428,20.3425464630127,14.6661815643311,11.0837726593018,13.0471162796021,15.4024991989136,18.2799453735352,22.0707092285156,25.9503078460693,30.9414196014404,36.7445259094238,37.9558868408203,-9999,-9999,-9999,-9999,-9999,-9999,-9999,-9999,-9999
-9999,-9999,-9999,-9999,-9999,-9999,24.2314033508301,24.6122341156006,25.8581924438477,32.0843963623047,36.3910751342773,36.8393402099609,37.1716690063477,-9999,-9999,-9999,-9999,-9999,-9999,-9999,-9999,-9999,-9999,-9999,-9999,-9999,-9999,-9999,-9999,-9999,-9999,-9999,-9999,-9999,-9999,-9999,-9999,-9999,-9999,-9999,-9999,-9999,-9999,-9999,-9999,-9999,-9999,-9999,-9999,-9999,-9999,-9999,-9999,-9999,-9999,-9999,-9999,-9999,-9999,-9999,-9999,-9999,-9999,-9999,-9999,-9999,-9999,-9999,-9999,-9999,-9999,-9999,-9999,-9999,-9999,-9999,-9999,-9999,-9999,-9999,-9999,-9999,-9999,-9999,-9999,-9999,-9999,-9999,-9999,-9999,-9999,-9999,-9999,-9999,-9999,-9999,-9999,-9999,-9999,32.9581108093262,33.0583953857422,33.1189155578613,33.2183074951172,33.3459663391113,33.6674270629883,34.0817031860352,34.6037483215332,35.0023803710938,30.4685382843018,24.579158782959,22.971378326416,21.0767860412598,17.8113250732422,14.9771137237549,13.7246723175049,13.3900442123413,14.8804712295532,19.2487850189209,25.6326274871826,29.407585144043,32.9245719909668,33.9857139587402,-9999,-9999,-9999,-9999,-9999,-9999,-9999,-9999,-9999
-9999,-9999,-9999,-9999,-9999,-9999,22.9011344909668,22.5340442657471,24.6924934387207,31.2450370788574,36.0432243347168,36.5522766113281,36.9047622680664,-9999,-9999,-9999,-9999,-9999,-9999,-9999,-9999,-9999,-9999,-9999,-9999,-9999,-9999,-9999,-9999,-9999,-9999,-9999,-9999,-9999,-9999,-9999,-9999,-9999,-9999,-9999,-9999,-9999,-9999,-9999,-9999,-9999,-9999,-9999,-9999,-9999,-9999,-9999,-9999,-9999,-9999,-9999,-9999,-9999,-9999,-9999,-9999,-9999,-9999,-9999,-9999,-9999,-9999,-9999,-9999,-9999,-9999,-9999,-9999,-9999,-9999,-9999,-9999,-9999,-9999,-9999,-9999,-9999,-9999,-9999,-9999,-9999,-9999,-9999,-9999,-9999,-9999,-9999,-9999,-9999,-9999,-9999,-9999,-9999,-9999,32.701774597168,32.8247680664063,32.9159622192383,33.0037841796875,33.0808029174805,33.5895843505859,34.331844329834,34.5526351928711,34.5061721801758,30.2486324310303,24.8278007507324,23.3526382446289,21.8509387969971,20.6525459289551,18.6474456787109,14.1635894775391,11.3945798873901,11.1581954956055,16.6263790130615,25.1683216094971,27.5318470001221,28.0122604370117,23.6473579406738,17.5249824523926,15.8770055770874,-9999,-9999,-9999,-9999,-9999,-9999,-9999
-9999,-9999,-9999,-9999,-9999,-9999,21.5364246368408,21.9262161254883,23.0417633056641,30.2361335754395,35.2885246276855,36.0113945007324,36.626335144043,-9999,-9999,-9999,-9999,-9999,-9999,-9999,-9999,-9999,-9999,-9999,-9999,-9999,-9999,-9999,-9999,-9999,-9999,-9999,-9999,-9999,-9999,-9999,-9999,-9999,-9999,-9999,-9999,-9999,-9999,-9999,-9999,-9999,-9999,-9999,-9999,-9999,-9999,-9999,-9999,-9999,-9999,-9999,-9999,-9999,-9999,-9999,-9999,-9999,-9999,-9999,-9999,-9999,-9999,-9999,-9999,-9999,-9999,-9999,-9999,-9999,-9999,-9999,-9999,-9999,-9999,-9999,-9999,-9999,-9999,-9999,-9999,-9999,-9999,-9999,-9999,-9999,-9999,-9999,-9999,-9999,-9999,-9999,-9999,-9999,-9999,32.5678749084473,32.6613426208496,32.6861877441406,32.7467803955078,32.8303718566895,33.3195915222168,34.0303344726563,34.259349822998,34.2678413391113,30.1610069274902,24.9736671447754,23.6078720092773,22.2229881286621,20.8878421783447,18.7169914245605,13.9333305358887,11.5823812484741,12.7133674621582,15.9954967498779,20.6523399353027,21.8270626068115,21.465202331543,19.6353340148926,17.310848236084,13.681715965271,7.99841213226318,-9999,-9999,-9999,-9999,-9999,-9999
-9999,-9999,-9999,-9999,-9999,-9999,-9999,-9999,-9999,-9999,-9999,-9999,-9999,-9999,-9999,-9999,-9999,-9999,-9999,-9999,-9999,-9999,-9999,-9999,-9999,-9999,-9999,-9999,-9999,-9999,-9999,-9999,-9999,-9999,-9999,-9999,-9999,-9999,-9999,-9999,-9999,-9999,-9999,-9999,-9999,-9999,-9999,-9999,-9999,-9999,-9999,-9999,-9999,-9999,-9999,-9999,-9999,-9999,-9999,-9999,-9999,-9999,-9999,-9999,-9999,-9999,-9999,-9999,-9999,-9999,-9999,-9999,-9999,-9999,-9999,-9999,-9999,-9999,-9999,-9999,-9999,-9999,-9999,-9999,-9999,-9999,-9999,-9999,-9999,-9999,-9999,-9999,-9999,-9999,-9999,-9999,-9999,-9999,-9999,-9999,32.486328125,32.4565391540527,32.5001029968262,32.6023788452148,33.0853881835938,33.7768135070801,33.9936561584473,33.9822196960449,30.5930290222168,26.3952407836914,24.4782657623291,22.5630550384521,21.2451667785645,18.9114093780518,13.7681493759155,11.6878032684326,13.8300085067749,15.2483329772949,16.3259258270264,15.9887104034424,14.6936511993408,15.0279836654663,16.0922832489014,10.0053358078003,7.75955677032471,3.01963090896606,-9999,-9999,-9999,-9999,-9999
-9999,-9999,-9999,-9999,-9999,-9999,-9999,-9999,-9999,-9999,-9999,-9999,-9999,-9999,-9999,-9999,-9999,-9999,-9999,-9999,-9999,-9999,-9999,-9999,-9999,-9999,-9999,-9999,-9999,-9999,-9999,-9999,-9999,-9999,-9999,-9999,-9999,-9999,-9999,-9999,-9999,-9999,-9999,-9999,-9999,-9999,-9999,-9999,-9999,-9999,-9999,-9999,-9999,-9999,-9999,-9999,-9999,-9999,-9999,-9999,-9999,-9999,-9999,-9999,-9999,-9999,-9999,-9999,-9999,-9999,-9999,-9999,-9999,-9999,-9999,-9999,-9999,-9999,-9999,-9999,-9999,-9999,-9999,-9999,-9999,-9999,-9999,-9999,-9999,-9999,-9999,-9999,-9999,-9999,-9999,-9999,-9999,-9999,-9999,-9999,32.2749977111816,32.2336807250977,32.3024063110352,32.46826171875,32.9912605285645,33.7064743041992,33.8785781860352,33.8121719360352,33.0306510925293,32.0361709594727,27.4317054748535,22.8258876800537,21.545747756958,19.2800617218018,13.8684663772583,11.4963932037354,13.134952545166,13.5940885543823,13.4633712768555,12.1163997650146,10.1187715530396,9.82080554962158,9.38512134552002,6.65497255325317,3.34656524658203,3.28794264793396,2.76728320121765,-9999,-9999,-9999,-9999
-9999,-9999,-9999,-9999,-9999,-9999,-9999,-9999,-9999,-9999,-9999,-9999,-9999,-9999,-9999,-9999,-9999,-9999,-9999,-9999,-9999,-9999,-9999,-9999,-9999,-9999,-9999,-9999,-9999,-9999,-9999,-9999,-9999,-9999,-9999,-9999,-9999,-9999,-9999,-9999,-9999,-9999,-9999,-9999,-9999,-9999,-9999,-9999,-9999,-9999,-9999,-9999,-9999,-9999,-9999,-9999,-9999,-9999,-9999,-9999,-9999,-9999,-9999,-9999,-9999,-9999,-9999,-9999,-9999,-9999,-9999,-9999,-9999,-9999,-9999,-9999,-9999,-9999,-9999,-9999,-9999,-9999,-9999,-9999,-9999,-9999,-9999,-9999,-9999,-9999,-9999,-9999,-9999,-9999,-9999,-9999,-9999,-9999,-9999,-9999,32.0819091796875,32.0531005859375,32.1437606811523,32.3566741943359,32.7973480224609,33.3603706359863,33.6161918640137,33.7021789550781,34.5340538024902,35.2473220825195,29.2791042327881,23.0603008270264,21.8595371246338,19.5745086669922,14.0613126754761,11.3144292831421,12.6438808441162,12.3114604949951,10.9064111709595,9.21257019042969,7.32441520690918,6.16366147994995,5.32504606246948,4.11877489089966,3.45962047576904,2.85347843170166,2.52753233909607,-9999,-9999,-9999,-9999
-9999,-9999,-9999,-9999,-9999,-9999,-9999,-9999,-9999,-9999,-9999,-9999,-9999,-9999,-9999,-9999,-9999,-9999,-9999,-9999,-9999,-9999,-9999,-9999,-9999,-9999,-9999,-9999,-9999,-9999,-9999,-9999,-9999,-9999,-9999,-9999,-9999,-9999,-9999,-9999,-9999,-9999,-9999,-9999,-9999,-9999,-9999,-9999,-9999,-9999,-9999,-9999,-9999,-9999,-9999,-9999,-9999,-9999,-9999,-9999,-9999,-9999,-9999,-9999,-9999,-9999,-9999,-9999,-9999,-9999,-9999,-9999,-9999,-9999,-9999,-9999,-9999,-9999,-9999,-9999,-9999,-9999,-9999,-9999,-9999,-9999,-9999,-9999,-9999,-9999,-9999,-9999,-9999,-9999,-9999,-9999,-9999,-9999,-9999,-9999,-9999,31.9501457214355,32.0695037841797,32.2924728393555,32.4136009216309,32.472240447998,33.0568389892578,33.6960945129395,34.5978584289551,35.3156814575195,29.4063053131104,23.2801971435547,22.1656131744385,19.917932510376,14.5774183273315,11.5971784591675,12.3729038238525,11.6204042434692,9.43128967285156,8.40233707427979,7.89482593536377,6.301100730896,3.81438064575195,3.16604351997375,2.83162713050842,2.53256511688232,2.24646949768066,-9999,-9999,3.2954638004303,3.34202003479004
-9999,-9999,-9999,-9999,-9999,-9999,-9999,-9999,-9999,-9999,-9999,-9999,-9999,-9999,-9999,-9999,-9999,-9999,-9999,-9999,-9999,-9999,-9999,-9999,-9999,-9999,-9999,-9999,-9999,-9999,-9999,-9999,-9999,-9999,-9999,-9999,-9999,-9999,-9999,-9999,-9999,-9999,-9999,-9999,-9999,-9999,-9999,-9999,-9999,-9999,-9999,-9999,-9999,-9999,-9999,-9999,-9999,-9999,-9999,-9999,-9999,-9999,-9999,-9999,-9999,-9999,-9999,-9999,-9999,-9999,-9999,-9999,-9999,-9999,-9999,-9999,-9999,-9999,-9999,-9999,-9999,-9999,-9999,-9999,-9999,-9999,-9999,-9999,-9999,-9999,-9999,-9999,-9999,-9999,-9999,-9999,-9999,-9999,-9999,-9999,-9999,-9999,32.0132141113281,32.1894454956055,32.1455307006836,31.9599323272705,32.6817512512207,33.5648307800293,34.5611419677734,35.3605651855469,29.5855541229248,23.3269424438477,20.2092018127441,16.7575054168701,12.6204042434692,10.2714281082153,10.7150096893311,9.79140090942383,7.4875545501709,6.88926982879639,6.99699020385742,5.53813028335571,3.05316305160522,2.79366779327393,2.70009875297546,2.61303853988647,2.59105515480042,2.97660303115845,3.25790119171143,3.30894446372986,3.38802909851074
-9999,-9999,-9999,-9999,-9999,-9999,-9999,-9999,-9999,-9999,-9999,-9999,-9999,-9999,-9999,-9999,-9999,-9999,-9999,-9999,-9999,-9999,-9999,-9999,-9999,-9999,-9999,-9999,-9999,-9999,-9999,-9999,-9999,-9999,-9999,-9999,-9999,-9999,-9999,-9999,-9999,-9999,-9999,-9999,-9999,-9999,-9999,-9999,-9999,-9999,-9999,-9999,-9999,-9999,-9999,-9999,-9999,-9999,-9999,-9999,-9999,-9999,-9999,-9999,-9999,-9999,-9999,-9999,-9999,-9999,-9999,-9999,-9999,-9999,-9999,-9999,-9999,-9999,-9999,-9999,-9999,-9999,-9999,-9999,-9999,-9999,-9999,-9999,-9999,-9999,-9999,-9999,-9999,-9999,-9999,-9999,-9999,-9999,-9999,-9999,-9999,-9999,-9999,32.0459671020508,32.00830078125,31.8913898468018,32.5032157897949,33.2132949829102,34.4286918640137,35.4368209838867,29.862979888916,23.2269248962402,15.4443483352661,8.96489524841309,7.90272521972656,7.31041526794434,7.61075353622437,6.6939172744751,4.69276094436646,3.97692608833313,4.26736545562744,3.85859179496765,3.20914840698242,3.25209617614746,3.17831039428711,3.13451766967773,3.13005685806274,3.191002368927,3.14668822288513,2.97795963287354,2.8157696723938
-9999,-9999,-9999,-9999,-9999,-9999,-9999,-9999,-9999,-9999,-9999,-9999,-9999,-9999,-9999,-9999,-9999,-9999,-9999,-9999,-9999,-9999,-9999,-9999,-9999,-9999,-9999,-9999,-9999,-9999,-9999,-9999,-9999,-9999,-9999,-9999,-9999,-9999,-9999,-9999,-9999,-9999,-9999,-9999,-9999,-9999,-9999,-9999,-9999,-9999,-9999,-9999,-9999,-9999,-9999,-9999,-9999,-9999,-9999,-9999,-9999,-9999,-9999,-9999,-9999,-9999,-9999,-9999,-9999,-9999,-9999,-9999,-9999,-9999,-9999,-9999,-9999,-9999,-9999,-9999,-9999,-9999,-9999,-9999,-9999,-9999,-9999,-9999,-9999,-9999,-9999,-9999,-9999,-9999,-9999,-9999,-9999,-9999,-9999,-9999,-9999,-9999,-9999,31.9102821350098,31.9577445983887,32.0330848693848,32.3904609680176,32.7458992004395,33.8782920837402,34.8969306945801,29.7555389404297,23.3276462554932,13.6321353912354,6.15828084945679,6.5977029800415,6.73643159866333,6.88285446166992,6.07786750793457,3.54782605171204,2.72197771072388,2.88914036750793,3.12119507789612,3.25263810157776,3.20925164222717,3.21162939071655,3.18664979934692,3.17093372344971,2.89568114280701,4.47162342071533,9.49078750610352,15.0119285583496
-9999,-9999,-9999,-9999,-9999,-9999,-9999,-9999,-9999,-9999,-9999,-9999,-9999,-9999,-9999,-9999,-9999,-9999,-9999,-9999,-9999,-9999,-9999,-9999,-9999,-9999,-9999,-9999,-9999,-9999,-9999,-9999,-9999,-9999,-9999,-9999,-9999,-9999,-9999,-9999,-9999,-9999,-9999,-9999,-9999,-9999,-9999,-9999,-9999,-9999,-9999,-9999,-9999,-9999,-9999,-9999,-9999,-9999,-9999,-9999,-9999,-9999,-9999,-9999,-9999,-9999,-9999,-9999,-9999,-9999,-9999,-9999,-9999,-9999,-9999,-9999,-9999,-9999,-9999,-9999,-9999,-9999,-9999,-9999,-9999,-9999,-9999,-9999,-9999,-9999,-9999,-9999,-9999,-9999,-9999,-9999,-9999,-9999,-9999,-9999,-9999,-9999,-9999,-9999,31.9797172546387,32.3104934692383,32.4595565795898,32.5005302429199,33.0558853149414,33.9306526184082,29.3553829193115,23.0422077178955,13.2937355041504,6.50508689880371,7.28320169448853,7.60633134841919,7.70854806900024,6.59162521362305,3.74832391738892,2.58403301239014,2.72924399375916,2.6378014087677,2.62280750274658,2.48663640022278,2.48445534706116,2.44667649269104,2.3689398765564,2.11050081253052,6.6455545425415,20.1721801757813,30.8229866027832
-9999,-9999,-9999,-9999,-9999,-9999,-9999,-9999,-9999,-9999,-9999,-9999,-9999,-9999,-9999,-9999,-9999,-9999,-9999,-9999,-9999,-9999,-9999,-9999,-9999,-9999,-9999,-9999,-9999,-9999,-9999,-9999,-9999,-9999,-9999,-9999,-9999,-9999,-9999,-9999,-9999,-9999,-9999,-9999,-9999,-9999,-9999,-9999,-9999,-9999,-9999,-9999,-9999,-9999,-9999,-9999,-9999,-9999,-9999,-9999,-9999,-9999,-9999,-9999,-9999,-9999,-9999,-9999,-9999,-9999,-9999,-9999,-9999,-9999,-9999,-9999,-9999,-9999,-9999,-9999,-9999,-9999,-9999,-9999,-9999,-9999,-9999,-9999,-9999,-9999,-9999,-9999,-9999,-9999,-9999,-9999,-9999,-9999,-9999,-9999,-9999,-9999,-9999,-9999,-9999,-9999,32.2172775268555,32.1218452453613,32.6760406494141,33.2344169616699,30.3394584655762,25.7937660217285,18.8894939422607,13.2690372467041,11.4307403564453,10.5746812820435,10.68674659729,9.84478092193604,7.9122371673584,8.83914756774902,10.9168500900269,11.153959274292,10.5317525863647,12.2313528060913,14.2256135940552,15.6485385894775,16.6051921844482,16.0702857971191,18.3742179870605,26.1949138641357,32.6686477661133
-9999,-9999,-9999,-9999,-9999,-9999,-9999,-9999,-9999,-9999,-9999,-9999,-9999,-9999,-9999,-9999,-9999,-9999,-9999,-9999,-9999,-9999,-9999,-9999,-9999,-9999,-9999,-9999,-9999,-9999,-9999,-9999,-9999,-9999,-9999,-9999,-9999,-9999,-9999,-9999,-9999,-9999,-9999,-9999,-9999,-9999,-9999,-9999,-9999,-9999,-9999,-9999,-9999,-9999,-9999,-9999,-9999,-9999,-9999,-9999,-9999,-9999,-9999,-9999,-9999,-9999,-9999,-9999,-9999,-9999,-9999,-9999,-9999,-9999,-9999,-9999,-9999,-9999,-9999,-9999,-9999,-9999,-9999,-9999,-9999,-9999,-9999,-9999,-9999,-9999,-9999,-9999,-9999,-9999,-9999,-9999,-9999,-9999,-9999,-9999,-9999,-9999,-9999,-9999,-9999,-9999,-9999,-9999,31.9172782897949,32.1730690002441,31.8858947753906,31.1809711456299,27.6041450500488,23.1689643859863,17.8204383850098,14.8179779052734,15.3635454177856,15.4917068481445,14.4687614440918,17.658088684082,22.5755271911621,22.8688812255859,22.024694442749,24.8053302764893,27.6507987976074,29.9248886108398,31.5842761993408,31.0093307495117,30.6030559539795,30.5763702392578,-9999
-9999,-9999,-9999,-9999,-9999,-9999,-9999,-9999,-9999,-9999,-9999,-9999,-9999,-9999,-9999,-9999,-9999,-9999,-9999,-9999,-9999,-9999,-9999,-9999,-9999,-9999,-9999,-9999,-9999,-9999,-9999,-9999,-9999,-9999,-9999,-9999,-9999,-9999,-9999,-9999,-9999,-9999,-9999,-9999,-9999,-9999,-9999,-9999,-9999,-9999,-9999,-9999,-9999,-9999,-9999,-9999,-9999,-9999,-9999,-9999,-9999,-9999,-9999,-9999,-9999,-9999,-9999,-9999,-9999,-9999,-9999,-9999,-9999,-9999,-9999,-9999,-9999,-9999,-9999,-9999,-9999,-9999,-9999,-9999,-9999,-9999,-9999,-9999,-9999,-9999,-9999,-9999,-9999,-9999,-9999,-9999,-9999,-9999,-9999,-9999,-9999,-9999,-9999,-9999,-9999,-9999,-9999,-9999,-9999,-9999,31.6521892547607,31.4463176727295,29.6250247955322,27.4836139678955,24.5876998901367,22.8214454650879,22.9513339996338,22.7723922729492,22.3262462615967,23.9892539978027,26.5773620605469,26.7785034179688,26.3796272277832,27.8549423217773,29.4041328430176,30.6880149841309,31.6383781433105,31.2511978149414,-9999,-9999,-9999
-9999,-9999,-9999,-9999,-9999,-9999,-9999,-9999,-9999,-9999,-9999,-9999,-9999,-9999,-9999,-9999,-9999,-9999,-9999,-9999,-9999,-9999,-9999,-9999,-9999,-9999,-9999,-9999,-9999,-9999,-9999,-9999,-9999,-9999,-9999,-9999,-9999,-9999,-9999,-9999,-9999,-9999,-9999,-9999,-9999,-9999,-9999,-9999,-9999,-9999,-9999,-9999,-9999,-9999,-9999,-9999,-9999,-9999,-9999,-9999,-9999,-9999,-9999,-9999,-9999,-9999,-9999,-9999,-9999,-9999,-9999,-9999,-9999,-9999,-9999,-9999,-9999,-9999,-9999,-9999,-9999,-9999,-9999,-9999,-9999,-9999,-9999,-9999,-9999,-9999,-9999,-9999,-9999,-9999,-9999,-9999,-9999,-9999,-9999,-9999,-9999,-9999,-9999,-9999,-9999,-9999,-9999,-9999,-9999,-9999,-9999,-9999,-9999,-9999,-9999,-9999,-9999,-9999,-9999,-9999,-9999,-9999,-9999,-9999,-9999,-9999,-9999,-9999,-9999,-9999,-9999
-9999,-9999,-9999,-9999,-9999,-9999,-9999,-9999,-9999,-9999,-9999,-9999,-9999,-9999,-9999,-9999,-9999,-9999,-9999,-9999,-9999,-9999,-9999,-9999,-9999,-9999,-9999,-9999,-9999,-9999,-9999,-9999,-9999,-9999,-9999,-9999,-9999,-9999,-9999,-9999,-9999,-9999,-9999,-9999,-9999,-9999,-9999,-9999,-9999,-9999,-9999,-9999,-9999,-9999,-9999,-9999,-9999,-9999,-9999,-9999,-9999,-9999,-9999,-9999,-9999,-9999,-9999,-9999,-9999,-9999,-9999,-9999,-9999,-9999,-9999,-9999,-9999,-9999,-9999,-9999,-9999,-9999,-9999,-9999,-9999,-9999,-9999,-9999,-9999,-9999,-9999,-9999,-9999,-9999,-9999,-9999,-9999,-9999,-9999,-9999,-9999,-9999,-9999,-9999,-9999,-9999,-9999,-9999,-9999,-9999,-9999,-9999,-9999,-9999,-9999,-9999,-9999,-9999,-9999,-9999,-9999,-9999,-9999,-9999,-9999,-9999,-9999,-9999,-9999,-9999,-9999

Step,361
Year,30.08333
-9999,-9999,-9999,-9999,-9999,-9999,-9999,-9999,-9999,-9999,-9999,-9999,-9999,-9999,-9999,-9999,-9999,-9999,-9999,-9999,-9999,-9999,-9999,-9999,-9999,-9999,-9999,-9999,-9999,-9999,-9999,-9999,-9999,-9999,-9999,-9999,-9999,-9999,-9999,-9999,-9999,-9999,-9999,-9999,-9999,-9999,-9999,-9999,-9999,-9999,-9999,-9999,-9999,-9999,-9999,-9999,-9999,-9999,-9999,-9999,-9999,-9999,-9999,-9999,-9999,-9999,-9999,-9999,-9999,-9999,-9999,-9999,-9999,-9999,-9999,-9999,-9999,-9999,-9999,-9999,-9999,-9999,-9999,-9999,-9999,-9999,-9999,-9999,-9999,-9999,-9999,-9999,-9999,-9999,-9999,-9999,-9999,-9999,-9999,-9999,-9999,-9999,-9999,-9999,-9999,-9999,-9999,-9999,-9999,-9999,-9999,-9999,-9999,-9999,-9999,-9999,-9999,-9999,-9999,-9999,-9999,-9999,-9999,-9999,-9999,-9999,-9999,-9999,-9999,-9999,-9999
-9999,-9999,-9999,-9999,-9999,-9999,-9999,-9999,-9999,-9999,-9999,-9999,-9999,-9999,-9999,-9999,-9999,-9999,-9999,-9999,-9999,-9999,-9999,-9999,-9999,-9999,-9999,-9999,-9999,-9999,-9999,-9999,-9999,-9999,-9999,-9999,-9999,-9999,-9999,-9999,-9999,-9999,-9999,-9999,-9999,-9999,-9999,-9999,-9999,-9999,-9999,-9999,-9999,-9999,-9999,-9999,-9999,-9999,-9999,-9999,-9999,-9999,-9999,-9999,-9999,-9999,-9999,-9999,-9999,-9999,-9999,-9999,-9999,-9999,-9999,-9999,-9999,-9999,-9999,-9999,-9999,-9999,-9999,-9999,-9999,-9999,-9999,-9999,-9999,-9999,-9999,-9999,-9999,-9999,-9999,-9999,-9999,-9999,-9999,-9999,-9999,-9999,-9999,-9999,-9999,-9999,-9999,-9999,-9999,-9999,-9999,-9999,-9999,-9999,-9999,-9999,-9999,-9999,-9999,-9999,-9999,-9999,-9999,-9999,-9999,-9999,-9999,-9999,-9999,-9999,-9999
-9999,-9999,-9999,-9999,-9999,-9999,-9999,-9999,-9999,-9999,-9999,-9999,-9999,-9999,-9999,-9999,-9999,-9999,-9999,-9999,-9999,-9999,-9999,-9999,-9999,-9999,-9999,-9999,-9999,-9999,-9999,-9999,-9999,-9999,-9999,-9999,-9999,-9999,-9999,-9999,-9999,-9999,-9999,-9999,-9999,-9999,-9999,-9999,-9999,-9999,-9999,-9999,-9999,-9999,-9999,-9999,-9999,-9999,-9999,-9999,-9999,-9999,-9999,-9999,-9999,-9999,-9999,-9999,-9999,-9999,-9999,-9999,-9999,-9999,37.187671661377,37.9701690673828,-9999,-9999,-9999,-9999,-9999,-9999,-9999,-9999,-9999,-9999,-9999,-9999,-9999,-9999,-9999,-9999,-9999,-9999,-9999,-9999,-9999,-9999,-9999,-9999,-9999,-9999,-9999,-9999,-9999,-9999,-9999,-9999,-9999,-9999,-9999,-9999,-9999,-9999,-9999,-9999,-9999,-9999,-9999,-9999,-9999,-9999,-9999,-9999,-9999,-9999,-9999,-9999,-9999,-9999,-9999
-9999,-9999,-9999,-9999,-9999,-9999,-9999,-9999,-9999,-9999,-9999,-9999,-9999,-9999,-9999,-9999,-9999,-9999,-9999,-9999,-9999,-9999,-9999,-9999,-9999,-9999,-9999,-9999,-9999,-9999,-9999,-9999,-9999,-9999,-9999,-9999,-9999,-9999,-9999,-9999,-9999,-9999,-9999,-9999,-9999,-9999,-9999,-9999,-9999,-9999,-9999,-9999,-9999,-9999,-9999,-9999,-9999,-9999,-9999,-9999,-9999,-9999,-9999,-9999,-9999,-9999,-9999,-9999,-9999,-9999,-9999,-9999,-9999,-9999,38.0676422119141,37.721248626709,-9999,-9999,-9999,-9999,-9999,-9999,-9999,-9999,-9999,-9999,-9999,-9999,-9999,-9999,-9999,-9999,-9999,-9999,-9999,-9999,-9999,-9999,-9999,-9999,-9999,-9999,-9999,-9999,-9999,-9999,-9999,-9999,-9999,-9999,-9999,-9999,-9999,-9999,-9999,-9999,-9999,-9999,-9999,-9999,-9999,-9999,-9999,-9999,-9999,-9999,-9999,-9999,-9999,-9999,-9999
-9999,-9999,-9999,-9999,-9999,-9999,-9999,-9999,-9999,-9999,-9999,-9999,-9999,-9999,-9999,-9999,-9999,-9999,-9999,-9999,-9999,-9999,-9999,-9999,-9999,-9999,-9999,-9999,-9999,-9999,-9999,-9999,-9999,-9999,-9999,-9999,-9999,-9999,-9999,-9999,-9999,-9999,-9999,-9999,-9999,-9999,-9999,-9999,-9999,-9999,-9999,-9999,-9999,-9999,-9999,-9999,6.17357890069642E-13,1.0898292934769E-08,1.08148281441345E-08,1.08002344845204E-08,-9999,-9999,-9999,-9999,-9999,38.6627960205078,38.5504913330078,39.1712532043457,39.8504028320313,37.2543296813965,35.8453826904297,32.6325988769531,32.4398498535156,31.9392433166504,35.5847244262695,34.4592514038086,32.941822052002,-9999,-9999,25.1970615386963,23.8846874237061,22.9469833374023,23.6202812194824,30.3714542388916,33.491039276123,35.5025253295898,35.4345741271973,33.1757850646973,24.9750061035156,-9999,-9999,-9999,-9999,-9999,-9999,-9999,-9999,-9999,-9999,-9999,-9999,-9999,-9999,-9999,-9999,-9999,-9999,-9999,-9999,-9999,-9999,-9999,-9999,-9999,-9999,-9999,-9999,-9999,-9999,-9999,-9999,-9999,-9999,-9999,-9999,-9999,-9999,-9999,-9999,-9999,-9999
-9999,-9999,-9999,-9999,-9999,-9999,-9999,-9999,-9999,-9999,-9999,-9999,-9999,-9999,-9999,-9999,-9999,-9999,-9999,-9999,-9999,-9999,-9999,-9999,-9999,-9999,-9999,-9999,-9999,-9999,-9999,-9999,-9999,-9999,-9999,-9999,-9999,-9999,-9999,-9999,-9999,-9999,-9999,-9999,-9999,-9999,-9999,-9999,-9999,-9999,-9999,-9999,-9999,-9999,-9999,7.13014825133584E-13,2.48415936709989E-08,0.000671557383611798,0.000667831336613744,0.000667171960230917,0.00136909261345863,44.7428207397461,-9999,43.717960357666,42.3158569335938,41.879322052002,41.135555267334,40.5393142700195,40.2823028564453,39.4390144348145,36.1804656982422,35.2711143493652,35.9921798706055,34.9832954406738,34.5978164672852,35.0480880737305,33.8115348815918,33.3863945007324,32.1696281433105,29.6323566436768,26.4331588745117,23.6008281707764,26.7882308959961,29.8303451538086,34.1725959777832,36.5042686462402,36.2428894042969,34.1084365844727,28.6201362609863,22.4862403869629,15.9461917877197,-9999,-9999,-9999,-9999,-9999,-9999,-9999,-9999,-9999,-9999,-9999,-9999,-9999,-9999,-9999,-9999,-9999,-9999,-9999,-9999,-9999,-9999,-9999,-9999,-9999,-9999,-9999,-9999,-9999,-9999,-9999,-9999,-9999,-9999,-9999,-9999,-9999,-9999,-9999,-9999
-9999,-9999,-9999,-9999,-9999,-9999,-9999,-9999,-9999,-9999,-9999,-9999,-9999,-9999,-9999,-9999,-9999,-9999,-9999,-9999,-9999,-9999,-9999,-9999,-9999,-9999,-9999,-9999,-9999,-9999,-9999,-9999,-9999,-9999,-9999,-9999,-9999,-9999,-9999,-9999,-9999,-9999,-9999,-9999,-9999,-9999,-9999,-9999,-9999,-9999,-9999,-9999,-9999,-9999,-9999,1.44796494794264E-08,0.000772284634876996,45.885196685791,45.8286590576172,45.8809204101563,46.0395355224609,44.7349739074707,44.6800804138184,44.6317672729492,42.7275619506836,41.7795791625977,41.2228889465332,40.0422668457031,40.0217971801758,38.4477119445801,37.4709625244141,37.0779914855957,36.7809410095215,36.533275604248,36.0800895690918,35.7166061401367,34.7905311584473,33.6826629638672,31.8482074737549,29.6751041412354,26.6549663543701,24.1803359985352,27.4143123626709,31.9501628875732,35.8595275878906,37.6865692138672,37.6950645446777,34.977424621582,29.125560760498,22.84397315979,15.973822593689,13.8924322128296,18.0739192962646,-9999,-9999,-9999,-9999,-9999,-9999,-9999,-9999,-9999,29.7270412445068,30.5980739593506,32.4856491088867,-9999,-9999,-9999,-9999,-9999,-9999,-9999,-9999,-9999,-9999,-9999,-9999,-9999,-9999,-9999,-9999,-9999,-9999,-9999,-9999,-9999,-9999,-9999,-9999,-9999,-9999
-9999,-9999,-9999,-9999,-9999,-9999,-9999,-9999,-9999,-9999,-9999,-9999,-9999,-9999,-9999,-9999,-9999,-9999,-9999,-9999,-9999,-9999,-9999,-9999,-9999,-9999,-9999,-9999,-9999,-9999,-9999,38.8930549621582,-9999,-9999,-9999,40.3043479919434,-9999,-9999,-9999,-9999,-9999,-9999,-9999,-9999,-9999,-9999,-9999,-9999,-9999,-9999,-9999,-9999,-9999,-9999,-9999,-9999,-9999,45.4532814025879,45.6798400878906,45.7812423706055,-9999,46.1761856079102,45.5899810791016,44.6689682006836,43.3010444641113,41.70751953125,41.1672401428223,40.6020126342773,40.0127029418945,37.6025009155273,36.7363052368164,37.9265823364258,38.1107559204102,37.6752700805664,37.0881233215332,36.5631866455078,35.8352508544922,34.9490432739258,34.5408630371094,34.7704467773438,32.9050025939941,31.6069469451904,34.7388687133789,36.7902488708496,39.5516052246094,40.7822685241699,39.7325019836426,37.4774169921875,32.9587745666504,29.5374336242676,27.4050712585449,22.6723766326904,16.84641456604,20.099889755249,-9999,-9999,-9999,-9999,-9999,-9999,-9999,-9999,34.129997253418,36.0914535522461,36.059741973877,34.4830894470215,33.7527465820313,-9999,-9999,-9999,-9999,-9999,-9999,-9999,-9999,-9999,-9999,-9999,-9999,-9999,-9999,-9999,-9999,-9999,-9999,-9999,-9999,-9999,-9999,-9999,-9999
-9999,-9999,-9999,-9999,-9999,-9999,-9999,-9999,-9999,-9999,-9999,-9999,-9999,-9999,-9999,-9999,-9999,-9999,-9999,-9999,-9999,-9999,-9999,-9999,-9999,-9999,-9999,-9999,-9999,-9999,38.5491409301758,38.5413970947266,-9999,-9999,39.8837242126465,39.5731964111328,-9999,-9999,36.4240531921387,38.2185935974121,-9999,-9999,-9999,-9999,-9999,41.3788642883301,-9999,-9999,-9999,-9999,-9999,-9999,-9999,-9999,-9999,-9999,-9999,-9999,-9999,-9999,-9999,46.0365524291992,46.5977020263672,44.7868957519531,43.1348876953125,42.426441192627,41.0126495361328,39.9683876037598,38.7628326416016,36.6273422241211,35.3476066589355,38.6394309997559,39.8787231445313,39.2229881286621,38.6313858032227,37.8598861694336,37.0871276855469,36.1354904174805,37.7232704162598,39.2882804870605,39.731086730957,38.8371238708496,39.7598838806152,40.7228546142578,41.8786849975586,42.3161697387695,41.4394073486328,39.6954193115234,36.4604148864746,35.2208480834961,36.7700042724609,30.0228290557861,18.0134124755859,20.0550270080566,24.2971458435059,-9999,-9999,-9999,-9999,-9999,34.7945098876953,35.1365776062012,35.8066711425781,35.7809562683105,36.6684875488281,37.7313842773438,35.6376419067383,32.3870239257813,-9999,-9999,-9999,-9999,-9999,-9999,-9999,-9999,-9999,-9999,-9999,-9999,-9999,-9999,-9999,-9999,-9999,-9999,-9999,-9999,-9999,-9999,-9999
-9999,-9999,-9999,-9999,-9999,-9999,-9999,-9999,-9999,-9999,-9999,-9999,-9999,-9999,-9999,-9999,-9999,-9999,-9999,-9999,-9999,-9999,-9999,38.1519241333008,38.2654876708984,-9999,-9999,-9999,-9999,38.6274795532227,38.2689971923828,38.4081420898438,37.8772087097168,39.1899909973145,39.4351196289063,39.2682685852051,37.0813140869141,36.3291664123535,35.9889793395996,-9999,38.8590507507324,41.0573959350586,-9999,-9999,40.9298934936523,41.414665222168,41.9579391479492,42.8832054138184,-9999,-9999,-9999,-9999,-9999,-9999,-9999,-9999,-9999,41.6125869750977,43.9117889404297,-9999,-9999,-9999,44.9144668579102,44.6875228881836,43.6295623779297,42.4126396179199,41.8749351501465,40.8997230529785,39.469295501709,35.8380966186523,34.4182891845703,37.8079643249512,39.6967506408691,40.3618965148926,39.9437294006348,39.3797760009766,38.9225654602051,37.7908782958984,37.8359336853027,39.4821548461914,39.9115982055664,39.9378242492676,40.9712905883789,41.8278961181641,42.2486572265625,42.3842582702637,42.0300636291504,40.9415473937988,38.3237571716309,36.5381393432617,35.902515411377,31.190113067627,24.0405960083008,23.4517669677734,24.1754302978516,21.304178237915,20.8463306427002,22.2731800079346,22.8111743927002,24.7876491546631,29.6163635253906,34.9497680664063,35.0517120361328,35.5998344421387,36.4242401123047,37.5348434448242,37.9581909179688,35.1200408935547,33.506908416748,34.4869155883789,-9999,-9999,-9999,-9999,-9999,-9999,-9999,-9999,-9999,-9999,-9999,-9999,-9999,-9999,-9999,-9999,-9999,-9999,-9999,-9999,-9999
-9999,-9999,-9999,-9999,-9999,-9999,-9999,-9999,-9999,-9999,-9999,-9999,-9999,-9999,-9999,-9999,-9999,-9999,-9999,-9999,-9999,-9999,38.7671661376953,38.098819732666,38.523365020752,40.1005325317383,40.8312034606934,37.9288635253906,37.9889221191406,37.6543502807617,37.8436851501465,37.6973876953125,36.8319778442383,37.4944915771484,38.5511741638184,36.8723678588867,35.1088180541992,35.2834930419922,35.1311340332031,36.1133651733398,37.8585166931152,39.5488510131836,40.8093490600586,41.0089225769043,40.9662437438965,41.3103561401367,42.466739654541,43.2395973205566,43.2522392272949,-9999,-9999,-9999,-9999,-9999,-9999,-9999,-9999,40.0174179077148,40.177001953125,42.9270973205566,-9999,-9999,43.8015747070313,44.8655586242676,45.1059989929199,43.8236389160156,42.4358901977539,40.7016906738281,38.074893951416,34.8179626464844,33.6756134033203,37.429027557373,39.320987701416,41.0371322631836,41.1528968811035,40.4078369140625,39.8249931335449,39.4053153991699,39.3061332702637,38.679859161377,39.8871307373047,41.0293884277344,42.006519317627,42.7051010131836,42.5627365112305,42.4698829650879,42.4668960571289,41.8388442993164,40.3646659851074,37.9535903930664,34.7444343566895,31.9328365325928,28.8456592559814,25.8615303039551,23.5295028686523,22.2466373443604,21.9371070861816,23.9982738494873,24.2212867736816,23.6900367736816,26.08323097229,32.4591903686523,35.3390350341797,35.8302993774414,36.4157943725586,37.0728034973145,37.9723472595215,38.9483032226563,37.0075302124023,35.0467872619629,-9999,-9999,-9999,-9999,-9999,-9999,-9999,-9999,-9999,-9999,-9999,-9999,-9999,-9999,-9999,-9999,-9999,-9999,-9999,-9999,-9999
-9999,-9999,-9999,-9999,-9999,-9999,-9999,-9999,-9999,-9999,-9999,-9999,-9999,-9999,-9999,-9999,-9999,-9999,-9999,-9999,-9999,-9999,39.0608711242676,37.7758712768555,37.3407096862793,38.7563400268555,41.8208847045898,41.6146774291992,36.8931121826172,37.2943344116211,37.677375793457,37.3504753112793,37.2784538269043,36.9145126342773,37.4167175292969,36.5499038696289,35.2036094665527,34.7362403869629,34.6595420837402,35.4594841003418,36.7292594909668,38.9764747619629,40.1987724304199,40.5711479187012,40.9646224975586,41.4559364318848,41.4218368530273,42.6423225402832,43.031623840332,43.1281814575195,43.0473289489746,-9999,-9999,-9999,-9999,-9999,-9999,-9999,39.4087028503418,40.904224395752,42.136100769043,42.9741477966309,43.3230361938477,44.2732048034668,45.3085632324219,43.7155952453613,42.0078048706055,38.3837394714355,35.0808868408203,33.2583160400391,34.6670112609863,38.5743103027344,40.7555084228516,41.7937545776367,42.143180847168,42.2299270629883,41.8663215637207,41.4540328979492,40.8942794799805,40.0788650512695,41.0790328979492,42.0428047180176,42.3671035766602,42.6137199401855,42.5853233337402,42.5686683654785,42.5789222717285,42.018482208252,40.8006629943848,38.1364250183105,33.5439796447754,31.7533473968506,30.7318286895752,25.6414203643799,19.2579097747803,20.4540615081787,21.3047103881836,23.0363616943359,24.2190113067627,23.8157367706299,26.4057731628418,33.0272026062012,36.7070465087891,38.4548263549805,38.0044403076172,35.9953308105469,36.5277709960938,38.2616920471191,37.9126815795898,36.2224731445313,38.5409469604492,-9999,-9999,-9999,-9999,-9999,-9999,-9999,-9999,-9999,-9999,-9999,-9999,-9999,-9999,-9999,-9999,-9999,-9999,-9999,-9999
-9999,-9999,-9999,-9999,-9999,-9999,-9999,-9999,-9999,-9999,-9999,-9999,-9999,-9999,-9999,-9999,-9999,-9999,-9999,-9999,-9999,-9999,38.8739280700684,38.9596862792969,36.2964210510254,35.9285583496094,42.3359031677246,44.0637741088867,40.3992080688477,38.2869834899902,38.603588104248,38.4025001525879,37.862548828125,37.5788192749023,37.144401550293,36.5936317443848,36.2068176269531,35.8567657470703,35.744083404541,36.3979606628418,37.0434303283691,38.2963333129883,39.1707801818848,39.7171936035156,40.0998916625977,40.1557693481445,40.1745376586914,40.664478302002,41.1235046386719,43.0445175170898,42.7159309387207,-9999,-9999,-9999,-9999,39.8073463439941,39.5109062194824,39.067943572998,38.9801979064941,39.7780456542969,41.1318740844727,42.128288269043,43.2609672546387,44.3468589782715,44.4984016418457,42.2686386108398,40.9922409057617,36.7407417297363,33.8069267272949,35.3514175415039,36.6500701904297,40.0966491699219,42.158748626709,43.1537208557129,43.5282096862793,43.3398971557617,42.9177703857422,42.400577545166,41.8332366943359,41.239185333252,41.9757614135742,42.6527938842773,42.5708312988281,42.5174598693848,42.5676956176758,42.5968360900879,42.5867576599121,42.1441268920898,41.2030754089355,38.7050933837891,34.6688232421875,34.1833992004395,35.3056373596191,29.3864574432373,20.8181114196777,22.0733489990234,23.051139831543,24.7273750305176,26.1653537750244,25.6150455474854,28.0582714080811,34.0088920593262,37.9074401855469,40.4940643310547,39.4861488342285,36.1308517456055,37.1348266601563,39.4538459777832,39.9919013977051,39.3751678466797,38.7556037902832,40.2675247192383,-9999,-9999,-9999,-9999,-9999,-9999,-9999,-9999,-9999,-9999,-9999,-9999,-9999,-9999,-9999,-9999,-9999,-9999,-9999
-9999,-9999,-9999,-9999,-9999,-9999,-9999,-9999,-9999,-9999,-9999,-9999,-9999,-9999,-9999,-9999,-9999,-9999,-9999,-9999,-9999,37.646427154541,39.2666282653809,38.4773750305176,35.8931694030762,35.4887046813965,42.0009422302246,44.4525566101074,43.1589660644531,42.3167114257813,41.735668182373,41.4851570129395,41.1975059509277,41.0632820129395,40.5360221862793,40.2396621704102,39.763298034668,39.4135818481445,39.2371978759766,39.4813995361328,39.1902503967285,37.3218116760254,36.9174652099609,38.3017654418945,38.8502616882324,39.177360534668,39.4004135131836,39.4872589111328,39.7861213684082,40.0270614624023,40.0435066223145,39.9491157531738,40.3424835205078,40.1381568908691,39.9588966369629,39.6375427246094,39.3707466125488,39.0173034667969,39.0849189758301,38.9081268310547,38.1870422363281,38.4669075012207,39.9148292541504,42.6361808776855,44.6243553161621,42.8637771606445,40.1520690917969,35.3498840332031,35.5546607971191,39.5758209228516,42.2521591186523,43.2106971740723,43.7015686035156,43.7010040283203,43.5684013366699,43.3208923339844,43.0257530212402,42.7096900939941,42.4133949279785,42.1214637756348,42.2391510009766,42.3609504699707,42.3864707946777,42.4136276245117,42.4479789733887,42.4316291809082,42.3200874328613,42.0978393554688,41.7508773803711,40.9235458374023,39.7316970825195,39.7400779724121,40.1352005004883,37.7048950195313,33.9224700927734,31.2849311828613,29.1631870269775,29.8882007598877,30.9050254821777,30.9480667114258,32.0448417663574,35.5610008239746,38.3057899475098,41.3454627990723,41.0966796875,39.0375633239746,41.014892578125,43.7214202880859,42.3012886047363,40.4400215148926,40.2458419799805,39.4198913574219,38.3221626281738,37.0340614318848,-9999,-9999,-9999,-9999,-9999,-9999,-9999,-9999,-9999,-9999,-9999,-9999,-9999,-9999,-9999,-9999,-9999
-9999,-9999,-9999,-9999,-9999,-9999,-9999,-9999,-9999,-9999,-9999,-9999,-9999,-9999,-9999,-9999,-9999,-9999,-9999,-9999,-9999,35.9144401550293,35.4597969055176,36.6646347045898,36.150562286377,36.8525238037109,41.5293464660645,43.7877616882324,43.4776725769043,43.1728210449219,42.603157043457,42.3125038146973,42.1358070373535,41.9743499755859,41.5965156555176,41.2157287597656,40.7906036376953,40.4577713012695,40.3007583618164,40.3282661437988,39.7880897521973,38.0994186401367,37.0988807678223,37.6592674255371,38.1512832641602,38.7029075622559,39.2256851196289,39.6833000183105,39.3939437866211,39.1506843566895,39.2121696472168,39.5657081604004,39.369327545166,39.5006408691406,39.4148597717285,39.0147018432617,38.4314041137695,38.0279273986816,37.6112289428711,36.8403625488281,36.6197357177734,37.4804992675781,38.8935127258301,39.4619903564453,42.8256912231445,42.1538124084473,41.2114639282227,36.0751304626465,37.9914817810059,42.1958389282227,44.5785980224609,44.3819694519043,44.1115837097168,43.7431030273438,-9999,-9999,-9999,-9999,-9999,-9999,-9999,42.0749893188477,42.1333503723145,42.1898918151855,42.2384605407715,42.2125930786133,42.0463638305664,41.927116394043,41.8597640991211,41.8320541381836,41.8308792114258,41.7983665466309,41.75439453125,41.1915855407715,39.7345581054688,35.7447814941406,32.3073043823242,33.3521385192871,33.4926109313965,32.1702194213867,32.1575050354004,33.9927062988281,36.527530670166,40.026668548584,40.7177352905273,40.5215072631836,42.4875679016113,44.7789764404297,42.3393363952637,39.0547981262207,39.9482307434082,39.2514305114746,37.9311866760254,36.1882438659668,37.5948371887207,-9999,-9999,-9999,-9999,-9999,-9999,-9999,-9999,-9999,-9999,-9999,-9999,-9999,-9999,-9999,-9999
-9999,-9999,-9999,-9999,-9999,-9999,-9999,-9999,-9999,-9999,-9999,-9999,-9999,-9999,-9999,-9999,-9999,-9999,-9999,33.841625213623,34.5721282958984,34.0757331848145,33.4377555847168,33.2295761108398,37.0511856079102,39.8321228027344,40.7122421264648,41.1350326538086,40.7004661560059,40.3604393005371,40.0169486999512,39.8714065551758,39.8571472167969,39.4849739074707,39.2391929626465,38.8934440612793,38.5350151062012,38.260669708252,38.1603202819824,38.1394195556641,38.7268486022949,40.9796257019043,41.4072799682617,39.2631912231445,38.5896224975586,39.1704750061035,40.0032806396484,40.9473571777344,39.756950378418,37.8706855773926,38.1944999694824,38.2794036865234,38.1649398803711,38.0479164123535,37.827766418457,37.2813949584961,35.8959121704102,34.8135070800781,34.474494934082,35.2311401367188,37.4288177490234,40.0130882263184,42.0638160705566,41.6874504089355,41.1646423339844,39.4859733581543,40.7284164428711,42.0249671936035,42.1758460998535,43.3457641601563,44.0286140441895,-9999,-9999,-9999,-9999,-9999,-9999,-9999,-9999,-9999,-9999,-9999,-9999,41.790828704834,41.8981513977051,41.9157752990723,41.7643547058105,41.5780868530273,41.3531646728516,41.0900268554688,40.8006820678711,40.7124862670898,40.694953918457,40.7691650390625,40.8378372192383,37.342098236084,33.8302001953125,34.3951377868652,33.9157600402832,28.913200378418,26.4521198272705,27.5696144104004,30.7360916137695,33.6857376098633,37.3637771606445,40.3519096374512,41.504581451416,42.3431091308594,39.7955055236816,36.5808029174805,38.7016105651855,40.1762237548828,39.7038307189941,34.8851852416992,35.8277702331543,-9999,-9999,-9999,-9999,-9999,-9999,-9999,-9999,-9999,-9999,-9999,-9999,-9999,-9999,-9999,-9999
-9999,-9999,-9999,-9999,-9999,-9999,-9999,-9999,-9999,-9999,-9999,-9999,-9999,-9999,-9999,-9999,-9999,-9999,31.7595558166504,32.9828300476074,33.180419921875,35.0270576477051,33.6236877441406,32.730354309082,36.8755149841309,39.6196632385254,40.4205856323242,40.8362236022949,40.1584663391113,39.9257431030273,39.6743278503418,39.5852546691895,39.5817451477051,39.3568382263184,38.9631156921387,38.8485488891602,38.5823707580566,38.4471282958984,38.2793998718262,38.2497940063477,39.2921676635742,41.8693466186523,42.899341583252,40.1792602539063,39.6695976257324,39.7064895629883,40.5748252868652,41.4550514221191,39.8072547912598,37.089771270752,36.411449432373,36.0630836486816,35.7994918823242,35.7291488647461,36.7142372131348,36.9746589660645,35.4841651916504,34.4469757080078,34.0980758666992,36.1904296875,39.2409210205078,41.5389213562012,42.9977684020996,43.2379150390625,43.1138916015625,42.8796768188477,42.5009384155273,43.1334381103516,-9999,-9999,-9999,-9999,-9999,-9999,-9999,-9999,-9999,-9999,-9999,-9999,-9999,-9999,-9999,-9999,-9999,41.590991973877,41.471851348877,41.2757186889648,40.994556427002,40.6253280639648,40.1938056945801,40.0341186523438,39.9724578857422,40.2683639526367,40.6381492614746,38.2660369873047,35.8616485595703,35.0825157165527,33.4142570495605,28.5155601501465,24.8620338439941,23.9775505065918,24.8308372497559,28.0557022094727,32.8415794372559,37.7464599609375,38.6589088439941,38.936840057373,38.3863563537598,37.6974411010742,38.6180839538574,39.3522148132324,39.086238861084,35.7037124633789,34.9978485107422,-9999,-9999,-9999,-9999,-9999,-9999,-9999,-9999,-9999,-9999,-9999,-9999,-9999,-9999,-9999,-9999
-9999,-9999,-9999,-9999,-9999,-9999,-9999,-9999,-9999,-9999,-9999,-9999,33.210018157959,31.9727001190186,-9999,31.589225769043,33.0770645141602,34.5702972412109,33.9313354492188,31.2763652801514,34.0829849243164,36.9940795898438,36.0918045043945,35.251293182373,35.7765731811523,37.0897750854492,40.5056114196777,42.6144065856934,42.3552322387695,41.7556076049805,41.7393341064453,41.7120208740234,41.8171539306641,41.4586372375488,41.2854347229004,41.0530586242676,41.2636108398438,40.6411666870117,41.0408515930176,40.7297248840332,40.2921752929688,40.9311180114746,41.2947235107422,40.7983055114746,40.7088356018066,40.9089660644531,41.203727722168,41.6940040588379,39.681468963623,37.2291984558105,34.7494316101074,32.3396148681641,32.0508613586426,32.4053764343262,35.7117462158203,37.5226783752441,36.4295387268066,35.786262512207,36.3217353820801,38.7231559753418,41.4199905395508,42.6438255310059,43.2660140991211,43.3776817321777,43.3623962402344,43.1783103942871,43.0130996704102,-9999,-9999,-9999,-9999,-9999,-9999,-9999,-9999,-9999,-9999,-9999,-9999,-9999,-9999,-9999,-9999,-9999,-9999,-9999,41.1690063476563,41.0135803222656,40.7655296325684,40.4056930541992,39.9672050476074,39.7224502563477,39.5491828918457,39.7208023071289,39.9480514526367,39.0678520202637,37.9831924438477,35.3156623840332,32.4305305480957,30.7870140075684,27.8473606109619,22.7253227233887,20.93408203125,22.9905014038086,27.2662601470947,32.1382064819336,33.522590637207,34.6010971069336,38.1389808654785,41.3721466064453,39.5319404602051,38.2895698547363,39.3650436401367,36.2801933288574,34.2254600524902,-9999,-9999,-9999,-9999,-9999,-9999,-9999,-9999,-9999,-9999,-9999,-9999,-9999,-9999,-9999,-9999
-9999,-9999,-9999,-9999,-9999,-9999,-9999,-9999,-9999,-9999,30.985897064209,32.8841171264648,34.4059906005859,32.0214233398438,31.712100982666,29.5213375091553,31.7270793914795,36.0219764709473,35.5395736694336,33.0944938659668,35.7826652526855,38.7851104736328,38.3048706054688,37.6855850219727,37.1266326904297,37.7437858581543,40.4049453735352,41.6159515380859,41.6371307373047,42.1852264404297,42.9275550842285,43.264835357666,43.0824775695801,43.1753768920898,42.793514251709,42.5814819335938,42.7810211181641,42.3371200561523,42.0377578735352,41.8584251403809,41.5892677307129,41.4001502990723,41.2924919128418,41.4178771972656,41.4094696044922,41.6718635559082,41.9976501464844,42.4268035888672,41.2752418518066,39.6450614929199,36.8054580688477,33.5065612792969,33.5410995483398,33.7823600769043,36.3467102050781,37.9341697692871,37.7559585571289,37.7735786437988,38.2283782958984,39.8598251342773,41.8204765319824,42.592700958252,42.9088020324707,42.9550285339355,42.9354209899902,42.8466110229492,-9999,-9999,-9999,-9999,-9999,-9999,-9999,-9999,-9999,-9999,-9999,-9999,-9999,-9999,-9999,-9999,-9999,-9999,-9999,-9999,-9999,40.7091598510742,40.4591598510742,40.1200370788574,39.7193145751953,39.4721450805664,39.2811737060547,39.3490715026855,39.4571647644043,39.3078002929688,38.8948516845703,36.4106369018555,33.578296661377,31.9467735290527,29.4251441955566,24.9656181335449,21.8472518920898,20.6261940002441,23.0422286987305,27.0656051635742,30.4068069458008,33.1832313537598,37.0214881896973,40.2654647827148,38.1481819152832,36.425178527832,38.2306938171387,35.0109367370605,33.5432548522949,-9999,-9999,-9999,-9999,-9999,-9999,-9999,-9999,-9999,-9999,-9999,-9999,-9999,-9999,-9999,-9999
-9999,-9999,-9999,-9999,-9999,-9999,-9999,-9999,27.7276611328125,28.9183025360107,28.9758968353271,29.041410446167,30.1473731994629,32.2353057861328,31.4920883178711,29.6461372375488,31.7884140014648,36.1922607421875,36.2455291748047,35.0396270751953,37.9799156188965,40.3404808044434,40.023120880127,39.4883728027344,39.5175437927246,39.2291145324707,39.2236099243164,39.3032035827637,39.0201683044434,40.5212745666504,43.2113418579102,44.2061538696289,44.2737693786621,44.1675910949707,44.0876350402832,43.9024963378906,43.6670837402344,43.4091300964355,43.2584457397461,43.1010322570801,42.8293151855469,42.6520462036133,42.523193359375,42.4615745544434,42.343635559082,42.3501243591309,42.3933296203613,42.4238891601563,42.5148086547852,42.5401191711426,40.4980697631836,38.0212211608887,38.1370887756348,37.9903907775879,38.3735542297363,38.7010879516602,38.1591491699219,38.6951866149902,40.2182350158691,41.3809928894043,41.9274291992188,42.1889381408691,-9999,-9999,-9999,-9999,-9999,-9999,-9999,-9999,-9999,-9999,-9999,-9999,-9999,-9999,-9999,-9999,-9999,-9999,-9999,-9999,-9999,-9999,-9999,-9999,-9999,-9999,40.1108245849609,39.799015045166,39.459659576416,39.2528343200684,39.0938262939453,39.0669097900391,39.0615425109863,39.2837448120117,39.3062515258789,37.8411979675293,35.8241996765137,32.6030502319336,30.1227760314941,29.1076469421387,25.8716773986816,20.0489311218262,19.9120006561279,22.6627407073975,28.4349594116211,33.5341796875,35.2193374633789,36.6181640625,35.1654434204102,34.2503967285156,36.3955879211426,34.6741104125977,33.4754676818848,-9999,-9999,-9999,-9999,-9999,-9999,-9999,-9999,-9999,-9999,-9999,-9999,-9999,-9999,-9999,-9999
-9999,-9999,-9999,-9999,-9999,-9999,-9999,-9999,26.3973178863525,27.6561012268066,28.7154808044434,28.332986831665,28.5286693572998,28.9341583251953,29.5872402191162,30.3698863983154,33.659236907959,37.5590133666992,38.0256576538086,36.6473388671875,37.797306060791,39.2661895751953,40.3860168457031,41.2091178894043,40.8351135253906,40.5303192138672,40.199535369873,39.8139762878418,39.4962043762207,40.3088760375977,42.1098442077637,42.6584510803223,42.5150527954102,42.3938407897949,42.1895942687988,41.9971809387207,41.8950233459473,41.7027130126953,41.5290107727051,41.288459777832,41.1805534362793,41.0052146911621,41.2346115112305,41.975528717041,42.2572174072266,42.2124938964844,42.1099166870117,41.9804191589355,42.1087989807129,42.2361106872559,41.1825637817383,39.9984245300293,40.2446632385254,40.3872184753418,40.2570686340332,40.0630187988281,39.7615852355957,40.1023445129395,40.981803894043,41.5337295532227,41.8387680053711,41.9587631225586,-9999,-9999,-9999,-9999,-9999,-9999,-9999,-9999,-9999,-9999,-9999,-9999,-9999,-9999,-9999,-9999,-9999,-9999,-9999,-9999,-9999,-9999,-9999,-9999,-9999,-9999,-9999,-9999,39.0659942626953,38.9002838134766,38.7775535583496,38.7249412536621,38.6808052062988,38.8956336975098,38.9718589782715,38.0301399230957,36.7899398803711,34.4560165405273,32.3699073791504,30.5040817260742,27.8150482177734,23.7263107299805,21.6563720703125,20.3964023590088,24.6023063659668,30.0765380859375,31.397554397583,32.2399101257324,31.6240692138672,31.4796600341797,34.5922241210938,31.2949638366699,30.6120796203613,-9999,-9999,-9999,-9999,-9999,-9999,-9999,-9999,-9999,-9999,-9999,-9999,-9999,-9999,-9999,-9999
-9999,-9999,-9999,-9999,-9999,-9999,20.6800289154053,26.1550598144531,26.2901000976563,26.1132373809814,27.5725364685059,28.4483585357666,27.9565753936768,26.1528244018555,27.6846351623535,32.0010986328125,36.12158203125,39.3949775695801,39.4273719787598,38.3867721557617,37.8684883117676,37.2490081787109,39.9088706970215,41.9881477355957,42.0133361816406,41.9626998901367,41.6363830566406,41.2818565368652,40.9029922485352,40.6596298217773,40.3690719604492,40.0875625610352,39.7498245239258,39.4991035461426,39.3139190673828,39.1416130065918,38.9381256103516,38.9098129272461,38.8588981628418,38.7377166748047,38.6364974975586,38.5051498413086,39.2354049682617,41.1574096679688,41.9614677429199,41.8512802124023,41.5968284606934,41.2457237243652,41.0170631408691,40.8134765625,40.9206008911133,41.0629005432129,41.2670021057129,41.4672660827637,41.47216796875,41.3993034362793,41.1263847351074,40.9745025634766,40.9938087463379,41.2533493041992,41.7009353637695,-9999,-9999,-9999,-9999,-9999,-9999,-9999,-9999,-9999,-9999,-9999,-9999,-9999,-9999,-9999,-9999,-9999,-9999,-9999,-9999,-9999,-9999,-9999,-9999,-9999,-9999,-9999,-9999,-9999,-9999,-9999,-9999,38.3613815307617,38.3005790710449,38.4101371765137,38.4435272216797,37.930721282959,37.3725166320801,36.5627937316895,34.8180122375488,31.2687606811523,28.9209518432617,28.1743354797363,24.6258583068848,18.6637954711914,20.3829975128174,24.571949005127,25.6338081359863,26.9090423583984,27.3461608886719,28.3398780822754,32.1593208312988,29.9443626403809,-9999,-9999,-9999,-9999,-9999,-9999,-9999,-9999,-9999,-9999,-9999,-9999,-9999,-9999,-9999,-9999,-9999
-9999,-9999,-9999,-9999,-9999,-9999,26.1736698150635,26.1553707122803,25.7998085021973,26.0158653259277,26.0651779174805,28.9867630004883,31.0001907348633,31.9482917785645,33.3604545593262,34.8542556762695,37.272087097168,39.9780235290527,40.1183319091797,39.3266334533691,38.8571395874023,38.3153305053711,40.4075241088867,42.0954933166504,42.0679473876953,41.915153503418,41.713005065918,41.5166931152344,41.1664848327637,40.8015747070313,40.369499206543,40.1047096252441,39.8427352905273,39.5474166870117,39.2736396789551,39.4598121643066,39.7010078430176,39.6541519165039,39.5802536010742,39.4292984008789,39.291748046875,39.2186012268066,39.6039352416992,40.6649208068848,41.1266593933105,41.0704574584961,40.8555870056152,40.5509643554688,40.4311065673828,40.3757514953613,40.4975929260254,40.6449584960938,40.7390556335449,40.8211288452148,40.8725776672363,40.8562088012695,40.6719284057617,40.5512771606445,40.5111694335938,-9999,-9999,-9999,-9999,-9999,-9999,-9999,-9999,-9999,-9999,-9999,-9999,-9999,-9999,-9999,-9999,-9999,-9999,-9999,-9999,-9999,-9999,-9999,-9999,-9999,-9999,-9999,-9999,-9999,-9999,-9999,-9999,-9999,-9999,-9999,37.8954849243164,37.9555816650391,37.985424041748,37.8072204589844,37.5323066711426,36.9766845703125,35.9412574768066,34.0993156433105,31.8096122741699,29.1454219818115,26.3464889526367,22.7332153320313,21.6088161468506,21.1738967895508,24.2199630737305,27.3192863464355,28.6027297973633,29.8338222503662,31.628812789917,29.4544734954834,29.8786201477051,28.0874404907227,-9999,-9999,-9999,-9999,-9999,-9999,-9999,-9999,-9999,-9999,-9999,-9999,-9999,-9999,-9999
-9999,-9999,-9999,-9999,25.2294216156006,26.5824508666992,26.1697635650635,25.9902400970459,25.8444061279297,25.7824783325195,27.2159614562988,31.0484504699707,34.7611198425293,37.4422073364258,38.3340797424316,37.3123359680176,38.2861747741699,40.5026397705078,40.7154350280762,40.1790237426758,39.7126579284668,39.223690032959,40.3457145690918,41.3377456665039,41.4298515319824,41.4680480957031,41.3609352111816,41.2151412963867,41.0281295776367,40.7783203125,40.4961166381836,40.210880279541,39.922248840332,39.6099700927734,39.3038215637207,39.89697265625,40.5796356201172,40.4951934814453,40.3971900939941,40.1903038024902,40.0222702026367,39.9912414550781,40.0041999816895,40.0915069580078,40.1303634643555,40.1337127685547,40.0064239501953,39.8039703369141,39.867431640625,40.0023574829102,40.0459671020508,40.0756301879883,40.057445526123,40.0551948547363,-9999,-9999,-9999,-9999,-9999,-9999,-9999,-9999,-9999,-9999,-9999,-9999,-9999,-9999,-9999,-9999,-9999,-9999,-9999,-9999,-9999,-9999,-9999,-9999,-9999,-9999,-9999,-9999,-9999,-9999,-9999,-9999,-9999,-9999,-9999,-9999,-9999,-9999,-9999,-9999,-9999,37.4963302612305,37.5271415710449,37.6665382385254,37.6488838195801,37.1611824035645,36.8184471130371,36.6106643676758,34.3916358947754,30.0325508117676,27.7962989807129,26.7365684509277,22.9898319244385,17.8268394470215,23.1744079589844,28.1253681182861,29.9978904724121,31.2775726318359,30.9083995819092,22.3308067321777,22.8496360778809,27.9151515960693,28.8629055023193,-9999,-9999,-9999,-9999,-9999,-9999,-9999,-9999,-9999,-9999,-9999,-9999,-9999,-9999
-9999,-9999,-9999,-9999,30.5331401824951,28.3057594299316,27.4064598083496,25.793966293335,26.1539669036865,28.3364944458008,30.3943214416504,33.5646934509277,36.1419372558594,38.1352386474609,39.1462669372559,39.2283706665039,39.6682357788086,40.3633460998535,40.1837348937988,39.6988487243652,39.9595680236816,40.348072052002,40.7445335388184,41.0952072143555,41.1085433959961,41.1072616577148,41.0633010864258,40.986572265625,40.8450965881348,40.6696853637695,40.4580001831055,40.2640228271484,40.0846900939941,39.927619934082,39.7784652709961,39.983715057373,40.230354309082,40.0297622680664,39.818000793457,39.5299644470215,39.2848205566406,39.1735305786133,39.1084976196289,39.1153335571289,39.1150817871094,39.1089744567871,39.030029296875,-9999,-9999,-9999,-9999,-9999,-9999,-9999,-9999,-9999,-9999,-9999,-9999,-9999,-9999,-9999,-9999,-9999,-9999,-9999,-9999,-9999,-9999,-9999,-9999,-9999,-9999,-9999,-9999,-9999,-9999,-9999,-9999,-9999,-9999,-9999,-9999,-9999,-9999,-9999,-9999,-9999,-9999,-9999,-9999,-9999,-9999,-9999,-9999,-9999,37.132007598877,37.2469062805176,37.2887725830078,37.1197357177734,36.657787322998,35.6643104553223,33.4063987731934,29.7988243103027,27.8520450592041,26.6912212371826,22.2493934631348,16.20924949646,19.7490348815918,23.523006439209,25.1394271850586,26.4770202636719,27.2386360168457,28.2113246917725,21.7383651733398,26.370210647583,24.7950344085693,-9999,-9999,-9999,-9999,-9999,-9999,-9999,-9999,-9999,-9999,-9999,-9999,-9999,-9999
-9999,-9999,-9999,-9999,-9999,30.6840362548828,28.6205272674561,28.718713760376,27.4226493835449,31.2051429748535,34.102725982666,35.9559860229492,37.5323143005371,38.7574119567871,39.687255859375,40.3939781188965,40.3625602722168,39.8376045227051,39.5067749023438,39.2513084411621,-9999,-9999,-9999,-9999,-9999,-9999,-9999,-9999,-9999,-9999,-9999,-9999,-9999,40.0079765319824,39.9626655578613,39.8522529602051,39.732120513916,39.4374885559082,-9999,-9999,-9999,-9999,-9999,-9999,-9999,-9999,-9999,-9999,-9999,-9999,-9999,-9999,-9999,-9999,-9999,-9999,-9999,-9999,-9999,-9999,-9999,-9999,-9999,-9999,-9999,-9999,-9999,-9999,-9999,-9999,-9999,-9999,-9999,-9999,-9999,-9999,-9999,-9999,-9999,-9999,-9999,-9999,-9999,-9999,-9999,-9999,-9999,-9999,-9999,-9999,-9999,-9999,-9999,-9999,-9999,-9999,36.744026184082,36.8552894592285,36.9602279663086,37.0573310852051,36.5796432495117,35.091983795166,33.0329513549805,30.3100051879883,28.3856201171875,26.8586559295654,22.2310352325439,15.8154449462891,16.8483505249023,18.9169178009033,20.4615955352783,22.0216789245605,23.4114856719971,24.7456703186035,24.7392425537109,22.3754062652588,-9999,-9999,-9999,-9999,-9999,-9999,-9999,-9999,-9999,-9999,-9999,-9999,-9999,-9999,-9999
-9999,-9999,-9999,-9999,-9999,30.3155670166016,30.2549686431885,30.9711627960205,32.3612861633301,36.2394218444824,38.9892311096191,39.4209175109863,39.8164710998535,40.4176216125488,40.6758728027344,40.5659942626953,40.1853332519531,39.6071090698242,-9999,-9999,-9999,-9999,-9999,-9999,-9999,-9999,-9999,-9999,-9999,-9999,-9999,-9999,-9999,-9999,-9999,-9999,-9999,-9999,-9999,-9999,-9999,-9999,-9999,-9999,-9999,-9999,-9999,-9999,-9999,-9999,-9999,-9999,-9999,-9999,-9999,-9999,-9999,-9999,-9999,-9999,-9999,-9999,-9999,-9999,-9999,-9999,-9999,-9999,-9999,-9999,-9999,-9999,-9999,-9999,-9999,-9999,-9999,-9999,-9999,-9999,-9999,-9999,-9999,-9999,-9999,-9999,-9999,-9999,-9999,-9999,-9999,-9999,-9999,-9999,-9999,-9999,-9999,36.6147613525391,36.7877540588379,36.8922882080078,36.7975234985352,36.3634071350098,35.4369430541992,33.9429016113281,31.24534034729,27.6397647857666,24.4924736022949,21.4198570251465,18.7516117095947,16.0974464416504,19.735969543457,22.0777854919434,20.4802341461182,20.4165153503418,21.5283622741699,19.041934967041,-9999,-9999,-9999,-9999,-9999,-9999,-9999,-9999,-9999,-9999,-9999,-9999,-9999,-9999,-9999
-9999,-9999,30.6801681518555,30.574161529541,30.5613307952881,30.1203441619873,30.655855178833,33.510326385498,36.3671188354492,39.4583625793457,41.6241149902344,41.2748947143555,41.0550689697266,41.2873077392578,41.1008529663086,40.4028663635254,39.7614974975586,-9999,-9999,-9999,-9999,-9999,-9999,-9999,-9999,-9999,-9999,-9999,-9999,-9999,-9999,-9999,-9999,-9999,-9999,-9999,-9999,-9999,-9999,-9999,-9999,-9999,-9999,-9999,-9999,-9999,-9999,-9999,-9999,-9999,-9999,-9999,-9999,-9999,-9999,-9999,-9999,-9999,-9999,-9999,-9999,-9999,-9999,-9999,-9999,-9999,-9999,-9999,-9999,-9999,-9999,-9999,-9999,-9999,-9999,-9999,-9999,-9999,-9999,-9999,-9999,-9999,-9999,-9999,-9999,-9999,-9999,-9999,-9999,-9999,-9999,-9999,-9999,-9999,-9999,-9999,-9999,36.3535194396973,36.5734405517578,36.6743774414063,36.837963104248,37.0966339111328,36.9712219238281,36.3933982849121,33.8412818908691,29.7601299285889,27.1047821044922,25.0102233886719,20.5773811340332,15.6834478378296,19.0425777435303,21.007740020752,17.9352207183838,16.9413414001465,21.2194232940674,17.6033744812012,-9999,-9999,-9999,-9999,-9999,-9999,-9999,-9999,-9999,-9999,-9999,-9999,-9999,-9999,-9999
-9999,-9999,-9999,-9999,30.6846809387207,30.1556625366211,31.1916179656982,35.2977867126465,39.0612144470215,40.1553344726563,40.7997283935547,40.6473922729492,40.5376510620117,40.6412963867188,40.3188858032227,39.4841232299805,-9999,-9999,-9999,-9999,-9999,-9999,-9999,-9999,-9999,-9999,-9999,-9999,-9999,-9999,-9999,-9999,-9999,-9999,-9999,-9999,-9999,-9999,-9999,-9999,-9999,-9999,-9999,-9999,-9999,-9999,-9999,-9999,-9999,-9999,-9999,-9999,-9999,-9999,-9999,-9999,-9999,-9999,-9999,-9999,-9999,-9999,-9999,-9999,-9999,-9999,-9999,-9999,-9999,-9999,-9999,-9999,-9999,-9999,-9999,-9999,-9999,-9999,-9999,-9999,-9999,-9999,-9999,-9999,-9999,-9999,-9999,-9999,-9999,-9999,-9999,-9999,-9999,-9999,-9999,-9999,-9999,36.0502281188965,36.27001953125,36.3385047912598,36.4905586242676,36.7710876464844,36.9466972351074,36.9748191833496,36.0250549316406,34.3628387451172,30.4546356201172,25.5537490844727,22.9948501586914,20.6493682861328,18.971118927002,17.4877281188965,16.323881149292,15.9413461685181,17.5226707458496,18.9109344482422,-9999,-9999,-9999,-9999,-9999,-9999,-9999,-9999,-9999,-9999,-9999,-9999,-9999,-9999,-9999
-9999,-9999,-9999,-9999,30.8247623443604,30.8588199615479,31.3021774291992,36.2625579833984,40.42578125,40.4763145446777,40.2712326049805,40.3663444519043,40.345760345459,40.1482162475586,39.6126861572266,-9999,-9999,-9999,-9999,-9999,-9999,-9999,-9999,-9999,-9999,-9999,-9999,-9999,-9999,-9999,-9999,-9999,-9999,-9999,-9999,-9999,-9999,-9999,-9999,-9999,-9999,-9999,-9999,-9999,-9999,-9999,-9999,-9999,-9999,-9999,-9999,-9999,-9999,-9999,-9999,-9999,-9999,-9999,-9999,-9999,-9999,-9999,-9999,-9999,-9999,-9999,-9999,-9999,-9999,-9999,-9999,-9999,-9999,-9999,-9999,-9999,-9999,-9999,-9999,-9999,-9999,-9999,-9999,-9999,-9999,-9999,-9999,-9999,-9999,-9999,-9999,-9999,-9999,-9999,-9999,-9999,-9999,35.7053718566895,35.9335594177246,35.9763336181641,36.0875282287598,36.2991371154785,36.5531234741211,36.8422775268555,36.753303527832,36.3736305236816,32.1137504577637,25.9558410644531,24.2861385345459,23.1979274749756,18.4256038665771,14.320294380188,15.2576761245728,15.7660751342773,15.9870834350586,16.65869140625,13.6509504318237,-9999,-9999,-9999,-9999,-9999,-9999,-9999,-9999,-9999,-9999,-9999,-9999,-9999,-9999
-9999,-9999,-9999,-9999,31.14186668396,31.0831832885742,32.3502159118652,36.6908950805664,40.4071388244629,40.4224853515625,40.2343673706055,40.567024230957,40.5688629150391,39.8654747009277,39.0195808410645,-9999,-9999,-9999,-9999,-9999,-9999,-9999,-9999,-9999,-9999,-9999,-9999,-9999,-9999,-9999,-9999,-9999,-9999,-9999,-9999,-9999,-9999,-9999,-9999,-9999,-9999,-9999,-9999,-9999,-9999,-9999,-9999,-9999,-9999,-9999,-9999,-9999,-9999,-9999,-9999,-9999,-9999,-9999,-9999,-9999,-9999,-9999,-9999,-9999,-9999,-9999,-9999,-9999,-9999,-9999,-9999,-9999,-9999,-9999,-9999,-9999,-9999,-9999,-9999,-9999,-9999,-9999,-9999,-9999,-9999,-9999,-9999,-9999,-9999,-9999,-9999,-9999,-9999,-9999,-9999,-9999,-9999,35.3074073791504,35.5556449890137,35.5819206237793,35.6092681884766,35.6287422180176,35.6733589172363,35.7391242980957,35.705379486084,35.577938079834,31.7209739685059,26.1574192047119,24.3462162017822,22.8676166534424,17.4683322906494,12.7586145401001,14.9123544692993,16.7760314941406,17.1851825714111,17.8184204101563,18.6514472961426,14.0492763519287,-9999,-9999,-9999,-9999,-9999,-9999,-9999,-9999,-9999,-9999,-9999,-9999,-9999
-9999,-9999,-9999,-9999,26.6912994384766,31.2431373596191,32.3388214111328,35.7699203491211,38.9188194274902,39.1309661865234,39.1950798034668,40.0741729736328,40.3742599487305,39.5399436950684,-9999,-9999,-9999,-9999,-9999,-9999,-9999,-9999,-9999,-9999,-9999,-9999,-9999,-9999,-9999,-9999,-9999,-9999,-9999,-9999,-9999,-9999,-9999,-9999,-9999,-9999,-9999,-9999,-9999,-9999,-9999,-9999,-9999,-9999,-9999,-9999,-9999,-9999,-9999,-9999,-9999,-9999,-9999,-9999,-9999,-9999,-9999,-9999,-9999,-9999,-9999,-9999,-9999,-9999,-9999,-9999,-9999,-9999,-9999,-9999,-9999,-9999,-9999,-9999,-9999,-9999,-9999,-9999,-9999,-9999,-9999,-9999,-9999,-9999,-9999,-9999,-9999,-9999,-9999,-9999,-9999,-9999,-9999,34.8728866577148,35.1393089294434,35.1804351806641,35.1774864196777,35.0928421020508,35.0889663696289,35.1637535095215,34.993724822998,34.6683731079102,32.464900970459,29.5044708251953,26.3684329986572,22.9708976745605,18.5025959014893,14.5624179840088,15.4829549789429,15.8394365310669,16.4780807495117,17.4118003845215,18.390998840332,18.8599109649658,16.8107204437256,16.5795211791992,-9999,-9999,-9999,-9999,-9999,-9999,-9999,-9999,-9999,-9999,-9999
-9999,-9999,-9999,-9999,29.2275447845459,31.4378719329834,32.5803756713867,34.268009185791,36.115234375,36.648567199707,37.3189163208008,39.0319366455078,39.8598365783691,39.1829681396484,-9999,-9999,-9999,-9999,-9999,-9999,-9999,-9999,-9999,-9999,-9999,-9999,-9999,-9999,-9999,-9999,-9999,-9999,-9999,-9999,-9999,-9999,-9999,-9999,-9999,-9999,-9999,-9999,-9999,-9999,-9999,-9999,-9999,-9999,-9999,-9999,-9999,-9999,-9999,-9999,-9999,-9999,-9999,-9999,-9999,-9999,-9999,-9999,-9999,-9999,-9999,-9999,-9999,-9999,-9999,-9999,-9999,-9999,-9999,-9999,-9999,-9999,-9999,-9999,-9999,-9999,-9999,-9999,-9999,-9999,-9999,-9999,-9999,-9999,-9999,-9999,-9999,-9999,-9999,-9999,-9999,-9999,-9999,-9999,34.6911582946777,34.7718200683594,34.7801322937012,34.6634483337402,34.7410774230957,35.0081596374512,34.555419921875,33.6372604370117,33.942985534668,34.5337524414063,29.6154899597168,23.1188659667969,21.1739749908447,18.9913673400879,15.6443881988525,13.7331476211548,14.1953611373901,15.4804677963257,17.694263458252,18.6694984436035,19.0597648620605,-9999,-9999,-9999,-9999,-9999,-9999,-9999,-9999,-9999,-9999,-9999,-9999
-9999,-9999,-9999,-9999,28.6263618469238,30.6848773956299,30.5811443328857,31.516170501709,32.6698150634766,34.7312850952148,36.8936996459961,38.2752227783203,38.9622764587402,38.7337875366211,-9999,-9999,-9999,-9999,-9999,-9999,-9999,-9999,-9999,-9999,-9999,-9999,-9999,-9999,-9999,-9999,-9999,-9999,-9999,-9999,-9999,-9999,-9999,-9999,-9999,-9999,-9999,-9999,-9999,-9999,-9999,-9999,-9999,-9999,-9999,-9999,-9999,-9999,-9999,-9999,-9999,-9999,-9999,-9999,-9999,-9999,-9999,-9999,-9999,-9999,-9999,-9999,-9999,-9999,-9999,-9999,-9999,-9999,-9999,-9999,-9999,-9999,-9999,-9999,-9999,-9999,-9999,-9999,-9999,-9999,-9999,-9999,-9999,-9999,-9999,-9999,-9999,-9999,-9999,-9999,-9999,-9999,-9999,-9999,34.2828330993652,34.3790245056152,34.4005851745605,34.2944488525391,34.4221305847168,34.7710838317871,34.5307273864746,33.9218063354492,34.7848129272461,35.9627876281738,30.6226768493652,23.3926467895508,21.971263885498,20.1280479431152,15.6450519561768,12.1882743835449,12.379940032959,13.9084758758545,16.9234409332275,23.6167945861816,31.8001003265381,29.778148651123,34.4042816162109,-9999,-9999,-9999,-9999,-9999,-9999,-9999,-9999,-9999,-9999
-9999,-9999,-9999,-9999,-9999,22.1076679229736,28.0906963348389,29.0147552490234,28.7361068725586,33.2007522583008,36.8221664428711,37.4902038574219,37.8514251708984,38.2364387512207,-9999,-9999,-9999,-9999,-9999,-9999,-9999,-9999,-9999,-9999,-9999,-9999,-9999,-9999,-9999,-9999,-9999,-9999,-9999,-9999,-9999,-9999,-9999,-9999,-9999,-9999,-9999,-9999,-9999,-9999,-9999,-9999,-9999,-9999,-9999,-9999,-9999,-9999,-9999,-9999,-9999,-9999,-9999,-9999,-9999,-9999,-9999,-9999,-9999,-9999,-9999,-9999,-9999,-9999,-9999,-9999,-9999,-9999,-9999,-9999,-9999,-9999,-9999,-9999,-9999,-9999,-9999,-9999,-9999,-9999,-9999,-9999,-9999,-9999,-9999,-9999,-9999,-9999,-9999,-9999,-9999,-9999,-9999,-9999,33.8884353637695,33.9899406433105,34.0260467529297,33.953426361084,34.1155014038086,34.4960441589355,34.6897010803223,34.7627716064453,35.4277076721191,36.1110763549805,30.7780437469482,23.7548198699951,22.1024856567383,19.7899074554443,14.6778354644775,10.9200601577759,10.7895936965942,12.2562217712402,16.1910572052002,23.1337032318115,31.6200561523438,34.227409362793,35.3522148132324,31.9451332092285,-9999,-9999,-9999,-9999,-9999,-9999,-9999,-9999,-9999
-9999,-9999,-9999,-9999,-9999,25.1506443023682,26.4573192596436,26.3148365020752,27.7805919647217,33.0609893798828,36.8133964538574,37.1717720031738,37.5497894287109,38.0385093688965,-9999,-9999,-9999,-9999,-9999,-9999,-9999,-9999,-9999,-9999,-9999,-9999,-9999,-9999,-9999,-9999,-9999,-9999,-9999,-9999,-9999,-9999,-9999,-9999,-9999,-9999,-9999,-9999,-9999,-9999,-9999,-9999,-9999,-9999,-9999,-9999,-9999,-9999,-9999,-9999,-9999,-9999,-9999,-9999,-9999,-9999,-9999,-9999,-9999,-9999,-9999,-9999,-9999,-9999,-9999,-9999,-9999,-9999,-9999,-9999,-9999,-9999,-9999,-9999,-9999,-9999,-9999,-9999,-9999,-9999,-9999,-9999,-9999,-9999,-9999,-9999,-9999,-9999,-9999,-9999,-9999,-9999,-9999,-9999,33.500862121582,33.6101150512695,33.6647567749023,33.6364479064941,33.7788696289063,34.0752944946289,34.2796783447266,34.4137535095215,35.1184768676758,35.8359451293945,30.7814178466797,24.0356216430664,22.3408794403076,20.1470031738281,14.7723875045776,10.8126258850098,11.6278514862061,13.4982814788818,17.0481948852539,22.4497413635254,28.9243011474609,33.370979309082,37.0213165283203,37.6624870300293,-9999,-9999,-9999,-9999,-9999,-9999,-9999,-9999,-9999
-9999,-9999,-9999,-9999,-9999,25.1011447906494,25.2483386993408,26.0487461090088,27.3430252075195,32.9549942016602,36.8561744689941,37.1139450073242,37.4214706420898,37.9042167663574,-9999,-9999,-9999,-9999,-9999,-9999,-9999,-9999,-9999,-9999,-9999,-9999,-9999,-9999,-9999,-9999,-9999,-9999,-9999,-9999,-9999,-9999,-9999,-9999,-9999,-9999,-9999,-9999,-9999,-9999,-9999,-9999,-9999,-9999,-9999,-9999,-9999,-9999,-9999,-9999,-9999,-9999,-9999,-9999,-9999,-9999,-9999,-9999,-9999,-9999,-9999,-9999,-9999,-9999,-9999,-9999,-9999,-9999,-9999,-9999,-9999,-9999,-9999,-9999,-9999,-9999,-9999,-9999,-9999,-9999,-9999,-9999,-9999,-9999,-9999,-9999,-9999,-9999,-9999,-9999,-9999,-9999,-9999,-9999,-9999,33.2277488708496,33.3028373718262,33.3228073120117,33.4339828491211,33.6225814819336,33.7447319030762,33.8050651550293,34.6411361694336,35.5187454223633,30.7172870635986,24.2978134155273,22.6387977600098,20.376256942749,14.6175203323364,10.9662866592407,12.9042987823486,15.4860649108887,18.3463287353516,21.9806690216064,25.9260349273682,31.1922473907471,36.5532073974609,38.3101654052734,-9999,-9999,-9999,-9999,-9999,-9999,-9999,-9999,-9999
-9999,-9999,-9999,-9999,-9999,-9999,24.2278251647949,24.694995880127,25.8113288879395,32.2119522094727,36.3899269104004,36.8392066955566,37.1712379455566,-9999,-9999,-9999,-9999,-9999,-9999,-9999,-9999,-9999,-9999,-9999,-9999,-9999,-9999,-9999,-9999,-9999,-9999,-9999,-9999,-9999,-9999,-9999,-9999,-9999,-9999,-9999,-9999,-9999,-9999,-9999,-9999,-9999,-9999,-9999,-9999,-9999,-9999,-9999,-9999,-9999,-9999,-9999,-9999,-9999,-9999,-9999,-9999,-9999,-9999,-9999,-9999,-9999,-9999,-9999,-9999,-9999,-9999,-9999,-9999,-9999,-9999,-9999,-9999,-9999,-9999,-9999,-9999,-9999,-9999,-9999,-9999,-9999,-9999,-9999,-9999,-9999,-9999,-9999,-9999,-9999,-9999,-9999,-9999,-9999,-9999,32.9578437805176,33.0581703186035,33.1186027526855,33.2180976867676,33.3457412719727,33.6671943664551,34.0816879272461,34.6036186218262,35.002326965332,30.4683475494385,24.5793018341064,22.9728507995605,21.0281257629395,17.7516765594482,14.9872884750366,13.5419702529907,13.3139533996582,15.0421228408813,19.2367305755615,25.5870723724365,29.6456336975098,32.7013549804688,33.9429244995117,-9999,-9999,-9999,-9999,-9999,-9999,-9999,-9999,-9999
-9999,-9999,-9999,-9999,-9999,-9999,22.8569164276123,22.5308818817139,24.5169506072998,31.2399787902832,36.0438461303711,36.5557746887207,36.9046058654785,-9999,-9999,-9999,-9999,-9999,-9999,-9999,-9999,-9999,-9999,-9999,-9999,-9999,-9999,-9999,-9999,-9999,-9999,-9999,-9999,-9999,-9999,-9999,-9999,-9999,-9999,-9999,-9999,-9999,-9999,-9999,-9999,-9999,-9999,-9999,-9999,-9999,-9999,-9999,-9999,-9999,-9999,-9999,-9999,-9999,-9999,-9999,-9999,-9999,-9999,-9999,-9999,-9999,-9999,-9999,-9999,-9999,-9999,-9999,-9999,-9999,-9999,-9999,-9999,-9999,-9999,-9999,-9999,-9999,-9999,-9999,-9999,-9999,-9999,-9999,-9999,-9999,-9999,-9999,-9999,-9999,-9999,-9999,-9999,-9999,-9999,32.7015113830566,32.8245048522949,32.915657043457,33.0035247802734,33.0805740356445,33.5893707275391,34.3318099975586,34.5526161193848,34.5063285827637,30.2485980987549,24.8334121704102,23.3545093536377,21.8722114562988,20.697322845459,18.5350151062012,14.2136077880859,11.3894834518433,11.3705034255981,16.5557231903076,25.1765842437744,27.6033325195313,27.8142566680908,24.0734672546387,17.5871562957764,15.953330039978,-9999,-9999,-9999,-9999,-9999,-9999,-9999
-9999,-9999,-9999,-9999,-9999,-9999,21.5669727325439,21.8475303649902,23.0642108917236,30.2391147613525,35.2873458862305,36.0117950439453,36.6261825561523,-9999,-9999,-9999,-9999,-9999,-9999,-9999,-9999,-9999,-9999,-9999,-9999,-9999,-9999,-9999,-9999,-9999,-9999,-9999,-9999,-9999,-9999,-9999,-9999,-9999,-9999,-9999,-9999,-9999,-9999,-9999,-9999,-9999,-9999,-9999,-9999,-9999,-9999,-9999,-9999,-9999,-9999,-9999,-9999,-9999,-9999,-9999,-9999,-9999,-9999,-9999,-9999,-9999,-9999,-9999,-9999,-9999,-9999,-9999,-9999,-9999,-9999,-9999,-9999,-9999,-9999,-9999,-9999,-9999,-9999,-9999,-9999,-9999,-9999,-9999,-9999,-9999,-9999,-9999,-9999,-9999,-9999,-9999,-9999,-9999,-9999,32.5676078796387,32.6610870361328,32.6859092712402,32.7464828491211,32.8301658630371,33.3194351196289,34.0302391052246,34.2592353820801,34.2682113647461,30.1608180999756,24.9731884002686,23.6084766387939,22.2246589660645,20.9546012878418,18.7990207672119,13.9278430938721,11.6068096160889,12.6218700408936,16.0186920166016,20.722692489624,21.9464740753174,21.5594863891602,19.66819190979,17.3273754119873,13.5226640701294,7.97504949569702,-9999,-9999,-9999,-9999,-9999,-9999
-9999,-9999,-9999,-9999,-9999,-9999,-9999,-9999,-9999,-9999,-9999,-9999,-9999,-9999,-9999,-9999,-9999,-9999,-9999,-9999,-9999,-9999,-9999,-9999,-9999,-9999,-9999,-9999,-9999,-9999,-9999,-9999,-9999,-9999,-9999,-9999,-9999,-9999,-9999,-9999,-9999,-9999,-9999,-9999,-9999,-9999,-9999,-9999,-9999,-9999,-9999,-9999,-9999,-9999,-9999,-9999,-9999,-9999,-9999,-9999,-9999,-9999,-9999,-9999,-9999,-9999,-9999,-9999,-9999,-9999,-9999,-9999,-9999,-9999,-9999,-9999,-9999,-9999,-9999,-9999,-9999,-9999,-9999,-9999,-9999,-9999,-9999,-9999,-9999,-9999,-9999,-9999,-9999,-9999,-9999,-9999,-9999,-9999,-9999,-9999,32.4860534667969,32.4562759399414,32.499813079834,32.6021575927734,33.0851745605469,33.7766952514648,33.9937744140625,33.9814682006836,30.5903854370117,26.3944664001465,24.4777069091797,22.5648994445801,21.2758693695068,18.8561687469482,13.8060178756714,11.6453104019165,13.7240324020386,15.3919715881348,16.2561302185059,15.8344984054565,14.7823343276978,14.8946094512939,16.0758266448975,9.94454860687256,7.60654592514038,2.98254251480103,-9999,-9999,-9999,-9999,-9999
-9999,-9999,-9999,-9999,-9999,-9999,-9999,-9999,-9999,-9999,-9999,-9999,-9999,-9999,-9999,-9999,-9999,-9999,-9999,-9999,-9999,-9999,-9999,-9999,-9999,-9999,-9999,-9999,-9999,-9999,-9999,-9999,-9999,-9999,-9999,-9999,-9999,-9999,-9999,-9999,-9999,-9999,-9999,-9999,-9999,-9999,-9999,-9999,-9999,-9999,-9999,-9999,-9999,-9999,-9999,-9999,-9999,-9999,-9999,-9999,-9999,-9999,-9999,-9999,-9999,-9999,-9999,-9999,-9999,-9999,-9999,-9999,-9999,-9999,-9999,-9999,-9999,-9999,-9999,-9999,-9999,-9999,-9999,-9999,-9999,-9999,-9999,-9999,-9999,-9999,-9999,-9999,-9999,-9999,-9999,-9999,-9999,-9999,-9999,-9999,32.2747192382813,32.2333755493164,32.3021469116211,32.4680366516113,32.991081237793,33.7064208984375,33.8785133361816,33.8122482299805,33.0305137634277,32.0377731323242,27.4282455444336,22.8246726989746,21.530912399292,19.1273021697998,14.023097038269,11.3069362640381,13.2007179260254,13.6063690185547,13.4134225845337,12.1103487014771,10.1993761062622,9.69293212890625,9.62062358856201,6.84444093704224,3.35611820220947,3.26354098320007,2.76799488067627,-9999,-9999,-9999,-9999
-9999,-9999,-9999,-9999,-9999,-9999,-9999,-9999,-9999,-9999,-9999,-9999,-9999,-9999,-9999,-9999,-9999,-9999,-9999,-9999,-9999,-9999,-9999,-9999,-9999,-9999,-9999,-9999,-9999,-9999,-9999,-9999,-9999,-9999,-9999,-9999,-9999,-9999,-9999,-9999,-9999,-9999,-9999,-9999,-9999,-9999,-9999,-9999,-9999,-9999,-9999,-9999,-9999,-9999,-9999,-9999,-9999,-9999,-9999,-9999,-9999,-9999,-9999,-9999,-9999,-9999,-9999,-9999,-9999,-9999,-9999,-9999,-9999,-9999,-9999,-9999,-9999,-9999,-9999,-9999,-9999,-9999,-9999,-9999,-9999,-9999,-9999,-9999,-9999,-9999,-9999,-9999,-9999,-9999,-9999,-9999,-9999,-9999,-9999,-9999,32.0816230773926,32.0528144836426,32.1434707641602,32.3564147949219,32.7972106933594,33.3603096008301,33.6160545349121,33.7020645141602,34.5341567993164,35.2480735778809,29.2769565582275,23.0591506958008,21.8448829650879,19.5124549865723,14.0962038040161,11.2895431518555,12.4736089706421,12.335563659668,10.9105663299561,9.21317481994629,7.28046989440918,6.25163984298706,5.16179895401001,4.40624237060547,3.48464202880859,2.76975965499878,2.51081085205078,-9999,-9999,-9999,-9999
-9999,-9999,-9999,-9999,-9999,-9999,-9999,-9999,-9999,-9999,-9999,-9999,-9999,-9999,-9999,-9999,-9999,-9999,-9999,-9999,-9999,-9999,-9999,-9999,-9999,-9999,-9999,-9999,-9999,-9999,-9999,-9999,-9999,-9999,-9999,-9999,-9999,-9999,-9999,-9999,-9999,-9999,-9999,-9999,-9999,-9999,-9999,-9999,-9999,-9999,-9999,-9999,-9999,-9999,-9999,-9999,-9999,-9999,-9999,-9999,-9999,-9999,-9999,-9999,-9999,-9999,-9999,-9999,-9999,-9999,-9999,-9999,-9999,-9999,-9999,-9999,-9999,-9999,-9999,-9999,-9999,-9999,-9999,-9999,-9999,-9999,-9999,-9999,-9999,-9999,-9999,-9999,-9999,-9999,-9999,-9999,-9999,-9999,-9999,-9999,-9999,31.9498500823975,32.0692405700684,32.2922554016113,32.413444519043,32.4721755981445,33.056697845459,33.6958694458008,34.5976333618164,35.3155517578125,29.4060115814209,23.2791805267334,22.1651229858398,19.9330291748047,14.6693677902222,11.4379825592041,12.3707237243652,11.6307535171509,9.46545696258545,8.48741626739502,7.78443670272827,6.24441814422607,3.74560594558716,3.1215124130249,2.81190252304077,2.49976372718811,2.23410058021545,-9999,-9999,3.29038143157959,3.33847665786743
-9999,-9999,-9999,-9999,-9999,-9999,-9999,-9999,-9999,-9999,-9999,-9999,-9999,-9999,-9999,-9999,-9999,-9999,-9999,-9999,-9999,-9999,-9999,-9999,-9999,-9999,-9999,-9999,-9999,-9999,-9999,-9999,-9999,-9999,-9999,-9999,-9999,-9999,-9999,-9999,-9999,-9999,-9999,-9999,-9999,-9999,-9999,-9999,-9999,-9999,-9999,-9999,-9999,-9999,-9999,-9999,-9999,-9999,-9999,-9999,-9999,-9999,-9999,-9999,-9999,-9999,-9999,-9999,-9999,-9999,-9999,-9999,-9999,-9999,-9999,-9999,-9999,-9999,-9999,-9999,-9999,-9999,-9999,-9999,-9999,-9999,-9999,-9999,-9999,-9999,-9999,-9999,-9999,-9999,-9999,-9999,-9999,-9999,-9999,-9999,-9999,-9999,32.0129356384277,32.189136505127,32.1454277038574,31.9597663879395,32.6814346313477,33.5647392272949,34.5607376098633,35.3603057861328,29.5853099822998,23.3263092041016,20.2085609436035,16.745433807373,12.6021776199341,10.2695817947388,10.7099676132202,9.75310039520264,7.55176210403442,6.88790416717529,7.04668378829956,5.62844944000244,3.10026812553406,2.75050950050354,2.68039870262146,2.58083629608154,2.57215166091919,2.97163367271423,3.252366065979,3.28446674346924,3.36814332008362
-9999,-9999,-9999,-9999,-9999,-9999,-9999,-9999,-9999,-9999,-9999,-9999,-9999,-9999,-9999,-9999,-9999,-9999,-9999,-9999,-9999,-9999,-9999,-9999,-9999,-9999,-9999,-9999,-9999,-9999,-9999,-9999,-9999,-9999,-9999,-9999,-9999,-9999,-9999,-9999,-9999,-9999,-9999,-9999,-9999,-9999,-9999,-9999,-9999,-9999,-9999,-9999,-9999,-9999,-9999,-9999,-9999,-9999,-9999,-9999,-9999,-9999,-9999,-9999,-9999,-9999,-9999,-9999,-9999,-9999,-9999,-9999,-9999,-9999,-9999,-9999,-9999,-9999,-9999,-9999,-9999,-9999,-9999,-9999,-9999,-9999,-9999,-9999,-9999,-9999,-9999,-9999,-9999,-9999,-9999,-9999,-9999,-9999,-9999,-9999,-9999,-9999,-9999,32.0456619262695,32.0081558227539,31.8913516998291,32.5031204223633,33.2128753662109,34.428539276123,35.4312324523926,29.8712768554688,23.2238616943359,15.4194383621216,8.94951152801514,7.79053068161011,7.30736017227173,7.58113574981689,6.82164430618286,4.72476768493652,4.00995874404907,4.2094407081604,3.98328495025635,3.29785394668579,3.14554214477539,3.16962003707886,3.12684631347656,3.12731766700745,3.19048428535461,3.14639234542847,2.98036026954651,2.86566495895386
-9999,-9999,-9999,-9999,-9999,-9999,-9999,-9999,-9999,-9999,-9999,-9999,-9999,-9999,-9999,-9999,-9999,-9999,-9999,-9999,-9999,-9999,-9999,-9999,-9999,-9999,-9999,-9999,-9999,-9999,-9999,-9999,-9999,-9999,-9999,-9999,-9999,-9999,-9999,-9999,-9999,-9999,-9999,-9999,-9999,-9999,-9999,-9999,-9999,-9999,-9999,-9999,-9999,-9999,-9999,-9999,-9999,-9999,-9999,-9999,-9999,-9999,-9999,-9999,-9999,-9999,-9999,-9999,-9999,-9999,-9999,-9999,-9999,-9999,-9999,-9999,-9999,-9999,-9999,-9999,-9999,-9999,-9999,-9999,-9999,-9999,-9999,-9999,-9999,-9999,-9999,-9999,-9999,-9999,-9999,-9999,-9999,-9999,-9999,-9999,-9999,-9999,-9999,31.909969329834,31.9574089050293,32.0330543518066,32.3903503417969,32.7458572387695,33.8783721923828,34.896110534668,29.751049041748,23.3385276794434,13.6828937530518,6.23482608795166,6.59034204483032,6.91873025894165,6.99061155319214,6.11923122406006,3.5656726360321,2.65138864517212,2.87049293518066,3.13509225845337,3.13693428039551,3.11662006378174,3.19228887557983,3.18442797660828,3.16442704200745,2.89455103874207,4.46989345550537,9.48714351654053,15.0111055374146
-9999,-9999,-9999,-9999,-9999,-9999,-9999,-9999,-9999,-9999,-9999,-9999,-9999,-9999,-9999,-9999,-9999,-9999,-9999,-9999,-9999,-9999,-9999,-9999,-9999,-9999,-9999,-9999,-9999,-9999,-9999,-9999,-9999,-9999,-9999,-9999,-9999,-9999,-9999,-9999,-9999,-9999,-9999,-9999,-9999,-9999,-9999,-9999,-9999,-9999,-9999,-9999,-9999,-9999,-9999,-9999,-9999,-9999,-9999,-9999,-9999,-9999,-9999,-9999,-9999,-9999,-9999,-9999,-9999,-9999,-9999,-9999,-9999,-9999,-9999,-9999,-9999,-9999,-9999,-9999,-9999,-9999,-9999,-9999,-9999,-9999,-9999,-9999,-9999,-9999,-9999,-9999,-9999,-9999,-9999,-9999,-9999,-9999,-9999,-9999,-9999,-9999,-9999,-9999,31.9793758392334,32.3101539611816,32.4590072631836,32.5008163452148,33.0557060241699,33.9288291931152,29.3605728149414,22.860631942749,13.2343893051147,6.51148700714111,7.32300043106079,7.60082721710205,7.69541168212891,6.54700660705566,3.65492749214172,2.51273107528687,2.56695890426636,2.59525156021118,2.58581614494324,2.5010039806366,2.41857933998108,2.41496658325195,2.35218930244446,2.10490274429321,6.64496326446533,20.1710681915283,30.8222560882568
-9999,-9999,-9999,-9999,-9999,-9999,-9999,-9999,-9999,-9999,-9999,-9999,-9999,-9999,-9999,-9999,-9999,-9999,-9999,-9999,-9999,-9999,-9999,-9999,-9999,-9999,-9999,-9999,-9999,-9999,-9999,-9999,-9999,-9999,-9999,-9999,-9999,-9999,-9999,-9999,-9999,-9999,-9999,-9999,-9999,-9999,-9999,-9999,-9999,-9999,-9999,-9999,-9999,-9999,-9999,-9999,-9999,-9999,-9999,-9999,-9999,-9999,-9999,-9999,-9999,-9999,-9999,-9999,-9999,-9999,-9999,-9999,-9999,-9999,-9999,-9999,-9999,-9999,-9999,-9999,-9999,-9999,-9999,-9999,-9999,-9999,-9999,-9999,-9999,-9999,-9999,-9999,-9999,-9999,-9999,-9999,-9999,-9999,-9999,-9999,-9999,-9999,-9999,-9999,-9999,-9999,32.2166557312012,32.1218948364258,32.6777496337891,33.2421073913574,30.3472194671631,25.938455581665,18.7035903930664,13.2926292419434,11.5218696594238,10.5403299331665,10.7349452972412,9.7665319442749,8.06668090820313,8.73624897003174,10.8254528045654,11.0462188720703,10.5962352752686,12.2487831115723,14.219087600708,15.647403717041,16.6032257080078,16.068790435791,18.3733463287354,26.1941566467285,32.6680870056152
-9999,-9999,-9999,-9999,-9999,-9999,-9999,-9999,-9999,-9999,-9999,-9999,-9999,-9999,-9999,-9999,-9999,-9999,-9999,-9999,-9999,-9999,-9999,-9999,-9999,-9999,-9999,-9999,-9999,-9999,-9999,-9999,-9999,-9999,-9999,-9999,-9999,-9999,-9999,-9999,-9999,-9999,-9999,-9999,-9999,-9999,-9999,-9999,-9999,-9999,-9999,-9999,-9999,-9999,-9999,-9999,-9999,-9999,-9999,-9999,-9999,-9999,-9999,-9999,-9999,-9999,-9999,-9999,-9999,-9999,-9999,-9999,-9999,-9999,-9999,-9999,-9999,-9999,-9999,-9999,-9999,-9999,-9999,-9999,-9999,-9999,-9999,-9999,-9999,-9999,-9999,-9999,-9999,-9999,-9999,-9999,-9999,-9999,-9999,-9999,-9999,-9999,-9999,-9999,-9999,-9999,-9999,-9999,31.9167900085449,32.1721496582031,31.8852481842041,31.1820907592773,27.6079788208008,23.1679267883301,17.6781120300293,14.5473575592041,15.3737964630127,15.4909200668335,14.4716377258301,17.6584014892578,22.5732688903809,22.8698196411133,22.0132999420166,24.8030338287354,27.6495800018311,29.9241218566895,31.5835876464844,31.0087203979492,30.6024150848389,30.5758209228516,-9999
-9999,-9999,-9999,-9999,-9999,-9999,-9999,-9999,-9999,-9999,-9999,-9999,-9999,-9999,-9999,-9999,-9999,-9999,-9999,-9999,-9999,-9999,-9999,-9999,-9999,-9999,-9999,-9999,-9999,-9999,-9999,-9999,-9999,-9999,-9999,-9999,-9999,-9999,-9999,-9999,-9999,-9999,-9999,-9999,-9999,-9999,-9999,-9999,-9999,-9999,-9999,-9999,-9999,-9999,-9999,-9999,-9999,-9999,-9999,-9999,-9999,-9999,-9999,-9999,-9999,-9999,-9999,-9999,-9999,-9999,-9999,-9999,-9999,-9999,-9999,-9999,-9999,-9999,-9999,-9999,-9999,-9999,-9999,-9999,-9999,-9999,-9999,-9999,-9999,-9999,-9999,-9999,-9999,-9999,-9999,-9999,-9999,-9999,-9999,-9999,-9999,-9999,-9999,-9999,-9999,-9999,-9999,-9999,-9999,-9999,31.6517391204834,31.4492340087891,29.6251373291016,27.4838390350342,24.5861034393311,22.8215522766113,22.9502296447754,22.7724704742432,22.3254642486572,23.9883213043213,26.5764083862305,26.7779178619385,26.3783893585205,27.8540344238281,29.4034099578857,30.687385559082,31.6377868652344,31.2506084442139,-9999,-9999,-9999
-9999,-9999,-9999,-9999,-9999,-9999,-9999,-9999,-9999,-9999,-9999,-9999,-9999,-9999,-9999,-9999,-9999,-9999,-9999,-9999,-9999,-9999,-9999,-9999,-9999,-9999,-9999,-9999,-9999,-9999,-9999,-9999,-9999,-9999,-9999,-9999,-9999,-9999,-9999,-9999,-9999,-9999,-9999,-9999,-9999,-9999,-9999,-9999,-9999,-9999,-9999,-9999,-9999,-9999,-9999,-9999,-9999,-9999,-9999,-9999,-9999,-9999,-9999,-9999,-9999,-9999,-9999,-9999,-9999,-9999,-9999,-9999,-9999,-9999,-9999,-9999,-9999,-9999,-9999,-9999,-9999,-9999,-9999,-9999,-9999,-9999,-9999,-9999,-9999,-9999,-9999,-9999,-9999,-9999,-9999,-9999,-9999,-9999,-9999,-9999,-9999,-9999,-9999,-9999,-9999,-9999,-9999,-9999,-9999,-9999,-9999,-9999,-9999,-9999,-9999,-9999,-9999,-9999,-9999,-9999,-9999,-9999,-9999,-9999,-9999,-9999,-9999,-9999,-9999,-9999,-9999
-9999,-9999,-9999,-9999,-9999,-9999,-9999,-9999,-9999,-9999,-9999,-9999,-9999,-9999,-9999,-9999,-9999,-9999,-9999,-9999,-9999,-9999,-9999,-9999,-9999,-9999,-9999,-9999,-9999,-9999,-9999,-9999,-9999,-9999,-9999,-9999,-9999,-9999,-9999,-9999,-9999,-9999,-9999,-9999,-9999,-9999,-9999,-9999,-9999,-9999,-9999,-9999,-9999,-9999,-9999,-9999,-9999,-9999,-9999,-9999,-9999,-9999,-9999,-9999,-9999,-9999,-9999,-9999,-9999,-9999,-9999,-9999,-9999,-9999,-9999,-9999,-9999,-9999,-9999,-9999,-9999,-9999,-9999,-9999,-9999,-9999,-9999,-9999,-9999,-9999,-9999,-9999,-9999,-9999,-9999,-9999,-9999,-9999,-9999,-9999,-9999,-9999,-9999,-9999,-9999,-9999,-9999,-9999,-9999,-9999,-9999,-9999,-9999,-9999,-9999,-9999,-9999,-9999,-9999,-9999,-9999,-9999,-9999,-9999,-9999,-9999,-9999,-9999,-9999,-9999,-9999

Step,373
Year,31.08333
-9999,-9999,-9999,-9999,-9999,-9999,-9999,-9999,-9999,-9999,-9999,-9999,-9999,-9999,-9999,-9999,-9999,-9999,-9999,-9999,-9999,-9999,-9999,-9999,-9999,-9999,-9999,-9999,-9999,-9999,-9999,-9999,-9999,-9999,-9999,-9999,-9999,-9999,-9999,-9999,-9999,-9999,-9999,-9999,-9999,-9999,-9999,-9999,-9999,-9999,-9999,-9999,-9999,-9999,-9999,-9999,-9999,-9999,-9999,-9999,-9999,-9999,-9999,-9999,-9999,-9999,-9999,-9999,-9999,-9999,-9999,-9999,-9999,-9999,-9999,-9999,-9999,-9999,-9999,-9999,-9999,-9999,-9999,-9999,-9999,-9999,-9999,-9999,-9999,-9999,-9999,-9999,-9999,-9999,-9999,-9999,-9999,-9999,-9999,-9999,-9999,-9999,-9999,-9999,-9999,-9999,-9999,-9999,-9999,-9999,-9999,-9999,-9999,-9999,-9999,-9999,-9999,-9999,-9999,-9999,-9999,-9999,-9999,-9999,-9999,-9999,-9999,-9999,-9999,-9999,-9999
-9999,-9999,-9999,-9999,-9999,-9999,-9999,-9999,-9999,-9999,-9999,-9999,-9999,-9999,-9999,-9999,-9999,-9999,-9999,-9999,-9999,-9999,-9999,-9999,-9999,-9999,-9999,-9999,-9999,-9999,-9999,-9999,-9999,-9999,-9999,-9999,-9999,-9999,-9999,-9999,-9999,-9999,-9999,-9999,-9999,-9999,-9999,-9999,-9999,-9999,-9999,-9999,-9999,-9999,-9999,-9999,-9999,-9999,-9999,-9999,-9999,-9999,-9999,-9999,-9999,-9999,-9999,-9999,-9999,-9999,-9999,-9999,-9999,-9999,-9999,-9999,-9999,-9999,-9999,-9999,-9999,-9999,-9999,-9999,-9999,-9999,-9999,-9999,-9999,-9999,-9999,-9999,-9999,-9999,-9999,-9999,-9999,-9999,-9999,-9999,-9999,-9999,-9999,-9999,-9999,-9999,-9999,-9999,-9999,-9999,-9999,-9999,-9999,-9999,-9999,-9999,-9999,-9999,-9999,-9999,-9999,-9999,-9999,-9999,-9999,-9999,-9999,-9999,-9999,-9999,-9999
-9999,-9999,-9999,-9999,-9999,-9999,-9999,-9999,-9999,-9999,-9999,-9999,-9999,-9999,-9999,-9999,-9999,-9999,-9999,-9999,-9999,-9999,-9999,-9999,-9999,-9999,-9999,-9999,-9999,-9999,-9999,-9999,-9999,-9999,-9999,-9999,-9999,-9999,-9999,-9999,-9999,-9999,-9999,-9999,-9999,-9999,-9999,-9999,-9999,-9999,-9999,-9999,-9999,-9999,-9999,-9999,-9999,-9999,-9999,-9999,-9999,-9999,-9999,-9999,-9999,-9999,-9999,-9999,-9999,-9999,-9999,-9999,-9999,-9999,37.3959541320801,37.9212188720703,-9999,-9999,-9999,-9999,-9999,-9999,-9999,-9999,-9999,-9999,-9999,-9999,-9999,-9999,-9999,-9999,-9999,-9999,-9999,-9999,-9999,-9999,-9999,-9999,-9999,-9999,-9999,-9999,-9999,-9999,-9999,-9999,-9999,-9999,-9999,-9999,-9999,-9999,-9999,-9999,-9999,-9999,-9999,-9999,-9999,-9999,-9999,-9999,-9999,-9999,-9999,-9999,-9999,-9999,-9999
-9999,-9999,-9999,-9999,-9999,-9999,-9999,-9999,-9999,-9999,-9999,-9999,-9999,-9999,-9999,-9999,-9999,-9999,-9999,-9999,-9999,-9999,-9999,-9999,-9999,-9999,-9999,-9999,-9999,-9999,-9999,-9999,-9999,-9999,-9999,-9999,-9999,-9999,-9999,-9999,-9999,-9999,-9999,-9999,-9999,-9999,-9999,-9999,-9999,-9999,-9999,-9999,-9999,-9999,-9999,-9999,-9999,-9999,-9999,-9999,-9999,-9999,-9999,-9999,-9999,-9999,-9999,-9999,-9999,-9999,-9999,-9999,-9999,-9999,38.361644744873,37.6961936950684,-9999,-9999,-9999,-9999,-9999,-9999,-9999,-9999,-9999,-9999,-9999,-9999,-9999,-9999,-9999,-9999,-9999,-9999,-9999,-9999,-9999,-9999,-9999,-9999,-9999,-9999,-9999,-9999,-9999,-9999,-9999,-9999,-9999,-9999,-9999,-9999,-9999,-9999,-9999,-9999,-9999,-9999,-9999,-9999,-9999,-9999,-9999,-9999,-9999,-9999,-9999,-9999,-9999,-9999,-9999
-9999,-9999,-9999,-9999,-9999,-9999,-9999,-9999,-9999,-9999,-9999,-9999,-9999,-9999,-9999,-9999,-9999,-9999,-9999,-9999,-9999,-9999,-9999,-9999,-9999,-9999,-9999,-9999,-9999,-9999,-9999,-9999,-9999,-9999,-9999,-9999,-9999,-9999,-9999,-9999,-9999,-9999,-9999,-9999,-9999,-9999,-9999,-9999,-9999,-9999,-9999,-9999,-9999,-9999,-9999,-9999,6.17338482850754E-13,1.08980060531394E-08,1.08144764254803E-08,1.07994884146478E-08,-9999,-9999,-9999,-9999,-9999,38.6687049865723,38.553524017334,39.3657188415527,40.0325584411621,37.347240447998,35.9067611694336,32.6589012145996,32.4757041931152,31.9416522979736,35.6327285766602,34.440559387207,32.9760284423828,-9999,-9999,25.2587928771973,23.8619976043701,23.0088195800781,23.6311721801758,30.4167022705078,33.5342178344727,35.4858894348145,35.4659690856934,33.114387512207,25.0288257598877,-9999,-9999,-9999,-9999,-9999,-9999,-9999,-9999,-9999,-9999,-9999,-9999,-9999,-9999,-9999,-9999,-9999,-9999,-9999,-9999,-9999,-9999,-9999,-9999,-9999,-9999,-9999,-9999,-9999,-9999,-9999,-9999,-9999,-9999,-9999,-9999,-9999,-9999,-9999,-9999,-9999,-9999
-9999,-9999,-9999,-9999,-9999,-9999,-9999,-9999,-9999,-9999,-9999,-9999,-9999,-9999,-9999,-9999,-9999,-9999,-9999,-9999,-9999,-9999,-9999,-9999,-9999,-9999,-9999,-9999,-9999,-9999,-9999,-9999,-9999,-9999,-9999,-9999,-9999,-9999,-9999,-9999,-9999,-9999,-9999,-9999,-9999,-9999,-9999,-9999,-9999,-9999,-9999,-9999,-9999,-9999,-9999,7.12992273728397E-13,2.48408706937653E-08,0.000671545625664294,0.000667817483190447,0.000667137559503317,0.00136882450897247,44.7400398254395,-9999,44.0509490966797,42.1877288818359,42.0428085327148,41.5162658691406,39.8924026489258,40.222110748291,39.3689994812012,36.1968231201172,35.2088775634766,36.0274963378906,34.9746704101563,34.5319633483887,34.9869956970215,33.7907257080078,33.3861236572266,32.1575241088867,29.6486396789551,26.4533081054688,23.5878124237061,26.709285736084,29.7488040924072,34.0759315490723,36.4086456298828,36.238842010498,34.0797462463379,28.6084613800049,22.425220489502,15.9312629699707,-9999,-9999,-9999,-9999,-9999,-9999,-9999,-9999,-9999,-9999,-9999,-9999,-9999,-9999,-9999,-9999,-9999,-9999,-9999,-9999,-9999,-9999,-9999,-9999,-9999,-9999,-9999,-9999,-9999,-9999,-9999,-9999,-9999,-9999,-9999,-9999,-9999,-9999,-9999,-9999
-9999,-9999,-9999,-9999,-9999,-9999,-9999,-9999,-9999,-9999,-9999,-9999,-9999,-9999,-9999,-9999,-9999,-9999,-9999,-9999,-9999,-9999,-9999,-9999,-9999,-9999,-9999,-9999,-9999,-9999,-9999,-9999,-9999,-9999,-9999,-9999,-9999,-9999,-9999,-9999,-9999,-9999,-9999,-9999,-9999,-9999,-9999,-9999,-9999,-9999,-9999,-9999,-9999,-9999,-9999,1.44792737799548E-08,0.000772272469475865,45.8853340148926,45.8289642333984,45.881031036377,46.0365028381348,45.3987731933594,44.6287117004395,44.5965805053711,42.6657447814941,42.0912055969238,40.777774810791,40.6853713989258,39.7501220703125,38.5047874450684,37.4762878417969,37.0703201293945,36.7889595031738,36.5397453308105,36.1007461547852,35.6904907226563,34.8295402526855,33.6849365234375,31.828275680542,29.6115703582764,26.6860542297363,24.0632514953613,27.4239196777344,31.9067478179932,35.940601348877,37.8938980102539,37.4451141357422,34.7200469970703,29.1867904663086,22.9022521972656,15.8121843338013,13.8230829238892,18.0911693572998,-9999,-9999,-9999,-9999,-9999,-9999,-9999,-9999,-9999,29.6540584564209,30.4581661224365,32.5766830444336,-9999,-9999,-9999,-9999,-9999,-9999,-9999,-9999,-9999,-9999,-9999,-9999,-9999,-9999,-9999,-9999,-9999,-9999,-9999,-9999,-9999,-9999,-9999,-9999,-9999,-9999
-9999,-9999,-9999,-9999,-9999,-9999,-9999,-9999,-9999,-9999,-9999,-9999,-9999,-9999,-9999,-9999,-9999,-9999,-9999,-9999,-9999,-9999,-9999,-9999,-9999,-9999,-9999,-9999,-9999,-9999,-9999,39.19580078125,-9999,-9999,-9999,40.1757545471191,-9999,-9999,-9999,-9999,-9999,-9999,-9999,-9999,-9999,-9999,-9999,-9999,-9999,-9999,-9999,-9999,-9999,-9999,-9999,-9999,-9999,45.4540252685547,45.6803970336914,45.7815551757813,-9999,46.1743202209473,45.5891990661621,44.6713638305664,43.3196411132813,42.121997833252,41.2672805786133,40.9519386291504,39.9132804870605,37.5222969055176,36.7511901855469,37.9756202697754,38.1970329284668,37.5907821655273,37.0253944396973,36.5740814208984,35.8615684509277,34.9321746826172,34.6125450134277,34.6361389160156,32.8188323974609,31.3841094970703,34.7420654296875,36.7991485595703,39.5530967712402,40.7892456054688,39.787410736084,37.4923858642578,32.8379058837891,29.4641418457031,27.4663963317871,22.6970138549805,16.8656940460205,20.0950889587402,-9999,-9999,-9999,-9999,-9999,-9999,-9999,-9999,33.6322441101074,36.6502685546875,36.137638092041,34.233081817627,33.3666343688965,-9999,-9999,-9999,-9999,-9999,-9999,-9999,-9999,-9999,-9999,-9999,-9999,-9999,-9999,-9999,-9999,-9999,-9999,-9999,-9999,-9999,-9999,-9999,-9999
-9999,-9999,-9999,-9999,-9999,-9999,-9999,-9999,-9999,-9999,-9999,-9999,-9999,-9999,-9999,-9999,-9999,-9999,-9999,-9999,-9999,-9999,-9999,-9999,-9999,-9999,-9999,-9999,-9999,-9999,38.8186683654785,38.9670372009277,-9999,-9999,40.2768707275391,40.1456413269043,-9999,-9999,36.301586151123,38.5112800598145,-9999,-9999,-9999,-9999,-9999,41.3799095153809,-9999,-9999,-9999,-9999,-9999,-9999,-9999,-9999,-9999,-9999,-9999,-9999,-9999,-9999,-9999,46.0378532409668,46.6017150878906,44.796802520752,43.425464630127,41.9109649658203,40.8218002319336,39.6705360412598,38.7416191101074,36.6218681335449,35.3167152404785,38.711856842041,39.9745407104492,39.5585327148438,38.6488380432129,37.9115867614746,36.9179039001465,36.2474746704102,37.800666809082,39.2553367614746,39.7232551574707,38.8398628234863,39.7617950439453,40.7230453491211,41.8755722045898,42.3176040649414,41.4427452087402,39.7003364562988,36.4134826660156,35.479907989502,36.7691917419434,29.8925724029541,18.0624465942383,19.9738178253174,24.3030948638916,-9999,-9999,-9999,-9999,-9999,34.7881927490234,35.1837043762207,35.3218116760254,35.6328125,36.9982948303223,37.6022529602051,35.1478309631348,32.4459342956543,-9999,-9999,-9999,-9999,-9999,-9999,-9999,-9999,-9999,-9999,-9999,-9999,-9999,-9999,-9999,-9999,-9999,-9999,-9999,-9999,-9999,-9999,-9999
-9999,-9999,-9999,-9999,-9999,-9999,-9999,-9999,-9999,-9999,-9999,-9999,-9999,-9999,-9999,-9999,-9999,-9999,-9999,-9999,-9999,-9999,-9999,38.356502532959,38.6991386413574,-9999,-9999,-9999,-9999,38.6857109069824,38.444408416748,38.5824737548828,38.6040649414063,39.8904685974121,40.3194122314453,39.7455673217773,36.7287139892578,36.1372566223145,36.3592910766602,-9999,38.6816635131836,41.0963249206543,-9999,-9999,40.9731559753418,41.3918342590332,41.9539070129395,42.6006698608398,-9999,-9999,-9999,-9999,-9999,-9999,-9999,-9999,-9999,41.6472969055176,43.9226455688477,-9999,-9999,-9999,44.9733009338379,44.7577819824219,44.0560264587402,42.5325736999512,41.974365234375,40.8054618835449,39.4334373474121,35.8154983520508,34.4316101074219,37.7323036193848,39.9183235168457,40.3362731933594,40.114990234375,39.7990875244141,38.7815551757813,37.9691162109375,37.8654747009277,39.4672698974609,39.9216156005859,39.9413986206055,40.9713668823242,41.8286819458008,42.2462692260742,42.389778137207,42.0327072143555,40.9363327026367,38.3469200134277,36.682975769043,35.8841400146484,30.921272277832,24.1888427734375,23.4962425231934,24.1710014343262,21.3325386047363,20.8767356872559,22.275089263916,22.8080711364746,24.7843933105469,29.5984592437744,35.0514678955078,35.1410217285156,35.4443206787109,36.2920227050781,37.5898056030273,37.6479301452637,35.1363716125488,33.7415390014648,34.3767204284668,-9999,-9999,-9999,-9999,-9999,-9999,-9999,-9999,-9999,-9999,-9999,-9999,-9999,-9999,-9999,-9999,-9999,-9999,-9999,-9999,-9999
-9999,-9999,-9999,-9999,-9999,-9999,-9999,-9999,-9999,-9999,-9999,-9999,-9999,-9999,-9999,-9999,-9999,-9999,-9999,-9999,-9999,-9999,38.2716064453125,37.7485504150391,38.1079444885254,39.9258918762207,40.5842590332031,37.8011016845703,38.1427917480469,37.8306198120117,38.6303215026855,38.2441444396973,37.6185264587402,37.975944519043,38.9698486328125,37.7974014282227,35.3476028442383,35.4467926025391,34.9408988952637,36.1579475402832,37.3404998779297,39.6659622192383,40.8043403625488,40.5940437316895,41.4037857055664,41.403247833252,42.5967140197754,43.230224609375,43.254508972168,-9999,-9999,-9999,-9999,-9999,-9999,-9999,-9999,39.6107406616211,40.2925605773926,42.5719985961914,-9999,-9999,43.8714942932129,44.8497543334961,45.4837226867676,44.0393371582031,42.6515769958496,40.6923332214355,38.1931457519531,34.8232307434082,33.6401634216309,37.5022430419922,39.198860168457,40.9298477172852,41.098575592041,40.5353088378906,39.9881172180176,39.3026847839355,39.326473236084,38.673828125,39.8813133239746,41.0298728942871,42.005672454834,42.7027244567871,42.5630111694336,42.4670867919922,42.4659881591797,41.8372192382813,40.3604125976563,37.9483528137207,34.7343597412109,31.8437328338623,28.4904594421387,25.8280715942383,23.4609909057617,22.2689609527588,21.9120082855225,24.0115242004395,24.2552375793457,23.6747570037842,26.0325164794922,32.3921508789063,35.2855377197266,35.7939987182617,36.3975868225098,36.8837394714355,37.9874649047852,39.0847206115723,37.0832710266113,35.2096176147461,-9999,-9999,-9999,-9999,-9999,-9999,-9999,-9999,-9999,-9999,-9999,-9999,-9999,-9999,-9999,-9999,-9999,-9999,-9999,-9999,-9999
-9999,-9999,-9999,-9999,-9999,-9999,-9999,-9999,-9999,-9999,-9999,-9999,-9999,-9999,-9999,-9999,-9999,-9999,-9999,-9999,-9999,-9999,38.8928298950195,37.296501159668,37.301383972168,39.3759117126465,41.8053283691406,41.3885345458984,37.266716003418,37.4578895568848,37.5229110717773,38.0538444519043,37.3615951538086,37.3186912536621,37.3597183227539,36.7028923034668,35.0484008789063,35.0343208312988,34.8918952941895,35.4774894714355,36.7236785888672,38.9791793823242,40.2649421691895,40.6375846862793,40.6840515136719,41.3211936950684,41.3535270690918,42.4296760559082,43.3269119262695,42.6843147277832,43.0080490112305,-9999,-9999,-9999,-9999,-9999,-9999,-9999,39.3810768127441,40.6282768249512,42.2535552978516,42.8792304992676,43.1244697570801,44.1212425231934,45.033618927002,43.6006202697754,42.1838531494141,38.3474998474121,34.9496574401855,33.3454666137695,34.5101585388184,38.5682334899902,40.7361907958984,41.8013114929199,42.1250801086426,42.2071151733398,41.8744697570801,41.4549598693848,40.8920364379883,40.071159362793,41.0829696655273,42.040641784668,42.3666534423828,42.6135749816895,42.5859832763672,42.5706939697266,42.578441619873,42.0183486938477,40.8031806945801,38.1345405578613,33.5528526306152,31.6954956054688,30.8240966796875,25.6607265472412,19.3225078582764,20.417407989502,21.2577705383301,23.0382289886475,24.2717971801758,23.7532138824463,26.4776020050049,33.031982421875,36.6907958984375,38.5273818969727,37.9901428222656,35.8933410644531,36.533130645752,38.2812995910645,37.8781356811523,35.850284576416,38.6974830627441,-9999,-9999,-9999,-9999,-9999,-9999,-9999,-9999,-9999,-9999,-9999,-9999,-9999,-9999,-9999,-9999,-9999,-9999,-9999,-9999
-9999,-9999,-9999,-9999,-9999,-9999,-9999,-9999,-9999,-9999,-9999,-9999,-9999,-9999,-9999,-9999,-9999,-9999,-9999,-9999,-9999,-9999,38.8338165283203,38.8846130371094,36.5553436279297,36.1239738464355,42.1559143066406,44.0294036865234,40.4748611450195,38.4443664550781,38.8327598571777,38.4309234619141,38.3430404663086,37.8762054443359,37.1770133972168,36.6911544799805,36.1942253112793,35.8912734985352,35.7438011169434,36.2322769165039,37.0459442138672,38.2364463806152,39.2862815856934,39.7075958251953,40.1024551391602,40.0986938476563,40.3286819458008,40.4322395324707,41.264087677002,42.842098236084,43.1709671020508,-9999,-9999,-9999,-9999,39.821361541748,39.5790824890137,39.0661315917969,39.0134429931641,39.7049369812012,41.0377807617188,42.0802345275879,43.1836547851563,44.2277717590332,44.9399337768555,42.5138397216797,41.321964263916,36.5846633911133,33.8938865661621,35.3665466308594,36.6546401977539,40.0945243835449,42.1545639038086,43.1612930297852,43.5282287597656,43.3409004211426,42.9183311462402,42.4075317382813,41.8321685791016,41.2367706298828,41.9748268127441,42.6529312133789,42.5706176757813,42.5176658630371,42.5674858093262,42.596607208252,42.5862846374512,42.1440696716309,41.2029876708984,38.7039108276367,34.6640396118164,34.1854667663574,35.3856735229492,29.4819946289063,20.93310546875,22.0150661468506,23.1348514556885,24.798526763916,26.0529918670654,25.7779197692871,27.9384231567383,33.9324340820313,37.890022277832,40.5175704956055,39.4890480041504,36.1707191467285,37.2292556762695,39.4726905822754,39.8631362915039,39.5996437072754,39.1324119567871,40.2109718322754,-9999,-9999,-9999,-9999,-9999,-9999,-9999,-9999,-9999,-9999,-9999,-9999,-9999,-9999,-9999,-9999,-9999,-9999,-9999
-9999,-9999,-9999,-9999,-9999,-9999,-9999,-9999,-9999,-9999,-9999,-9999,-9999,-9999,-9999,-9999,-9999,-9999,-9999,-9999,-9999,37.803638458252,39.0955429077148,38.4143409729004,35.6659851074219,35.6107025146484,41.8399963378906,44.4518394470215,43.0539817810059,42.1645965576172,41.8549003601074,41.4787178039551,41.2190170288086,40.9880447387695,40.6753921508789,40.2089042663574,39.7550735473633,39.4848709106445,39.2726821899414,39.4840812683105,39.1571960449219,37.3440628051758,36.8514366149902,38.2885589599609,38.8446884155273,39.2392997741699,39.3622360229492,39.4158821105957,39.4505195617676,40.0537414550781,40.324592590332,40.2694816589355,40.5071830749512,40.0210990905762,39.9001693725586,39.7197494506836,39.3954162597656,39.063045501709,39.0390319824219,38.9817810058594,38.0887870788574,38.5598564147949,40.0138931274414,43.0596923828125,44.6228294372559,42.9015846252441,39.9446258544922,35.457088470459,35.5672073364258,39.5710601806641,42.249828338623,43.2035217285156,43.6988563537598,43.7072219848633,43.5739898681641,43.3278503417969,43.031063079834,42.7100448608398,42.414134979248,42.1205101013184,42.2384376525879,42.3607406616211,42.3862419128418,42.4134330749512,42.4477310180664,42.4314041137695,42.3193321228027,42.0976142883301,41.7513465881348,40.9233055114746,39.7365303039551,39.7425918579102,40.1374893188477,37.7184944152832,33.8100128173828,31.2167549133301,28.8441390991211,30.0244541168213,31.0830135345459,30.8412265777588,32.0230598449707,35.7272186279297,38.3671722412109,41.3074340820313,41.1172637939453,39.0666694641113,41.0587615966797,43.665111541748,42.3552894592285,40.0831680297852,39.8739471435547,39.7504653930664,38.7228317260742,37.7614440917969,-9999,-9999,-9999,-9999,-9999,-9999,-9999,-9999,-9999,-9999,-9999,-9999,-9999,-9999,-9999,-9999,-9999
-9999,-9999,-9999,-9999,-9999,-9999,-9999,-9999,-9999,-9999,-9999,-9999,-9999,-9999,-9999,-9999,-9999,-9999,-9999,-9999,-9999,35.8494186401367,35.4216270446777,36.6937599182129,36.1629600524902,36.8664703369141,41.5024108886719,43.8021507263184,43.5449409484863,43.1443481445313,42.625129699707,42.2867965698242,42.1646957397461,41.8646583557129,41.5576477050781,41.2096862792969,40.7742652893066,40.459228515625,40.2877235412598,40.2984199523926,39.8017082214355,38.0759887695313,37.1140747070313,37.6387100219727,38.0843849182129,38.6876373291016,39.2398147583008,39.80517578125,39.4007339477539,39.1563301086426,39.3423156738281,39.3815231323242,39.4380950927734,39.4848518371582,39.4261131286621,38.9277763366699,38.426700592041,38.0592651367188,37.7124481201172,36.7726860046387,36.4105834960938,37.6960182189941,38.7392120361328,39.7945861816406,42.8001518249512,42.2450103759766,41.3409233093262,36.4558639526367,38.0005378723145,42.1954879760742,44.5793075561523,44.3818130493164,44.1113471984863,43.7427024841309,-9999,-9999,-9999,-9999,-9999,-9999,-9999,42.0747108459473,42.1331176757813,42.1896591186523,42.2382431030273,42.2123603820801,42.0461235046387,41.9270858764648,41.8593864440918,41.8305740356445,41.8303489685059,41.7972259521484,41.7604751586914,41.2050971984863,39.6589393615723,35.8041763305664,32.3377265930176,33.38623046875,33.9267997741699,32.223331451416,31.9574928283691,34.0301666259766,36.5364036560059,39.8778991699219,40.778076171875,40.4695892333984,42.4603233337402,44.7633476257324,42.4005355834961,39.001106262207,40.1100158691406,39.4422264099121,38.114917755127,36.6087837219238,36.9651718139648,-9999,-9999,-9999,-9999,-9999,-9999,-9999,-9999,-9999,-9999,-9999,-9999,-9999,-9999,-9999,-9999
-9999,-9999,-9999,-9999,-9999,-9999,-9999,-9999,-9999,-9999,-9999,-9999,-9999,-9999,-9999,-9999,-9999,-9999,-9999,33.831371307373,34.587329864502,34.0528450012207,33.4436950683594,33.2048149108887,37.1002616882324,39.8508415222168,40.6746482849121,41.1005096435547,40.6394653320313,40.3193244934082,39.9889678955078,39.8811416625977,39.8284492492676,39.4972381591797,39.2617874145508,38.9502067565918,38.5604667663574,38.2885437011719,38.1650772094727,38.0926475524902,38.7680244445801,40.8825492858887,41.5069007873535,39.2303619384766,38.5033760070801,39.1092681884766,40.0146636962891,40.9777679443359,39.6932487487793,37.8702545166016,38.1334342956543,38.3466148376465,38.1342506408691,38.0025596618652,37.8580741882324,37.2675361633301,35.8782691955566,34.8457183837891,34.4049644470215,35.2643280029297,37.5555229187012,40.1731147766113,42.0662841796875,41.729808807373,41.2612571716309,39.53466796875,40.8043899536133,42.0329666137695,42.1792221069336,43.3451042175293,44.0283966064453,-9999,-9999,-9999,-9999,-9999,-9999,-9999,-9999,-9999,-9999,-9999,-9999,41.7905960083008,41.8979187011719,41.9155387878418,41.7641067504883,41.5778160095215,41.3528900146484,41.0900077819824,40.8004455566406,40.711555480957,40.6970558166504,40.7700157165527,40.8364105224609,37.3425331115723,33.8602104187012,34.4361343383789,33.8176536560059,28.8569488525391,26.2057189941406,27.7607822418213,30.1274013519287,33.8218002319336,37.111156463623,40.3358497619629,41.5173797607422,42.3414611816406,39.8242225646973,36.6417083740234,38.6213874816895,39.843189239502,40.2619438171387,34.5605087280273,35.6872367858887,-9999,-9999,-9999,-9999,-9999,-9999,-9999,-9999,-9999,-9999,-9999,-9999,-9999,-9999,-9999,-9999
-9999,-9999,-9999,-9999,-9999,-9999,-9999,-9999,-9999,-9999,-9999,-9999,-9999,-9999,-9999,-9999,-9999,-9999,31.7294826507568,32.9875793457031,33.095386505127,35.0916862487793,33.6606330871582,32.7701034545898,36.8279724121094,39.6108779907227,40.4025344848633,40.8278656005859,40.267822265625,39.8466796875,39.6753234863281,39.6221656799316,39.5868530273438,39.3742599487305,38.9047966003418,38.8204689025879,38.6246948242188,38.4057998657227,38.3082237243652,38.1773376464844,39.3903923034668,42.2242050170898,42.7446250915527,40.4461402893066,39.3824577331543,39.841667175293,40.5221672058105,41.3873405456543,39.8307266235352,37.1499481201172,36.3851013183594,36.1081771850586,35.8217315673828,35.7345352172852,36.7080688476563,36.9474906921387,35.5156555175781,34.371223449707,34.3500518798828,36.240535736084,39.2427864074707,41.5329971313477,42.9981956481934,43.2233352661133,43.1291999816895,42.8824882507324,42.5017242431641,43.1319541931152,-9999,-9999,-9999,-9999,-9999,-9999,-9999,-9999,-9999,-9999,-9999,-9999,-9999,-9999,-9999,-9999,-9999,41.590747833252,41.4716033935547,41.2754745483398,40.994255065918,40.6251068115234,40.1935272216797,40.0307464599609,39.9731826782227,40.2720947265625,40.6330718994141,38.272575378418,35.8710517883301,35.0576248168945,33.4496765136719,28.6478729248047,24.7567596435547,23.9862957000732,24.9931659698486,27.8818855285645,32.9438438415527,37.5453071594238,38.6941795349121,38.9694480895996,38.3849334716797,37.6519737243652,38.6860275268555,39.5333404541016,39.2974967956543,36.0251083374023,34.5461273193359,-9999,-9999,-9999,-9999,-9999,-9999,-9999,-9999,-9999,-9999,-9999,-9999,-9999,-9999,-9999,-9999
-9999,-9999,-9999,-9999,-9999,-9999,-9999,-9999,-9999,-9999,-9999,-9999,33.2539558410645,32.0531883239746,-9999,31.5785064697266,33.072566986084,34.6081962585449,33.9407768249512,31.3261985778809,34.0746078491211,36.9172325134277,35.979118347168,35.1588745117188,35.748348236084,37.175724029541,40.4911689758301,42.831657409668,42.2236289978027,41.8973693847656,41.7421646118164,41.6784362792969,41.7731018066406,41.5502624511719,41.1516075134277,41.092643737793,41.2223510742188,41.247932434082,40.5076789855957,40.4892845153809,40.247673034668,40.8819122314453,41.1549606323242,40.6906280517578,40.6659278869629,40.8398590087891,41.308032989502,41.5450706481934,39.7158088684082,37.1356086730957,34.7797050476074,32.2499504089355,32.1343002319336,32.4137420654297,35.7049407958984,37.5018043518066,36.4090881347656,35.7332153320313,36.1686248779297,38.7282066345215,41.4165496826172,42.6430206298828,43.2644004821777,43.3773918151855,43.3620071411133,43.179500579834,43.0128707885742,-9999,-9999,-9999,-9999,-9999,-9999,-9999,-9999,-9999,-9999,-9999,-9999,-9999,-9999,-9999,-9999,-9999,-9999,-9999,41.168758392334,41.0133285522461,40.7652854919434,40.4049224853516,39.966926574707,39.7224884033203,39.5488128662109,39.7200965881348,39.9463768005371,39.0687828063965,37.9828491210938,35.3196830749512,32.3703422546387,30.8284435272217,27.9016036987305,22.6555271148682,20.9814929962158,22.7350215911865,27.3778495788574,32.0283737182617,33.6784400939941,34.5496253967285,38.159854888916,41.3217315673828,39.481517791748,38.4183959960938,39.1369857788086,35.9666366577148,34.2515678405762,-9999,-9999,-9999,-9999,-9999,-9999,-9999,-9999,-9999,-9999,-9999,-9999,-9999,-9999,-9999,-9999
-9999,-9999,-9999,-9999,-9999,-9999,-9999,-9999,-9999,-9999,30.9763031005859,32.7385597229004,34.3397598266602,31.9984874725342,31.6654167175293,29.6025161743164,31.6932220458984,35.9655227661133,35.5137748718262,33.0347862243652,36.0596542358398,39.2511520385742,38.4530601501465,37.8401260375977,37.2774963378906,37.5755729675293,40.3972930908203,42.0386657714844,41.8013381958008,41.9377059936523,42.9068794250488,43.203483581543,43.2251815795898,43.0335006713867,42.7624626159668,42.5846176147461,42.6101112365723,42.6015396118164,42.1285934448242,41.8418807983398,41.6885833740234,41.4388771057129,41.3535270690918,41.4298973083496,41.5087509155273,41.7036399841309,41.9906349182129,42.3121032714844,41.1506156921387,39.5016632080078,36.7031173706055,33.7780799865723,33.4128112792969,33.7554168701172,36.3287086486816,37.9491348266602,37.6739959716797,37.8749809265137,38.2269668579102,39.8570251464844,41.819408416748,42.5934295654297,42.9097557067871,42.9547233581543,42.9356842041016,42.8466148376465,-9999,-9999,-9999,-9999,-9999,-9999,-9999,-9999,-9999,-9999,-9999,-9999,-9999,-9999,-9999,-9999,-9999,-9999,-9999,-9999,-9999,40.7089080810547,40.4589004516602,40.1197891235352,39.7190475463867,39.4721832275391,39.2808265686035,39.3487548828125,39.4567222595215,39.3074569702148,38.8946495056152,36.4023170471191,33.5763626098633,31.9398384094238,29.4138088226318,24.9843978881836,22.1101188659668,20.7820873260498,23.1603584289551,27.0890636444092,30.4092502593994,33.2642211914063,36.9760284423828,40.2329330444336,38.1187477111816,36.4229621887207,38.1073989868164,35.7205238342285,33.2079620361328,-9999,-9999,-9999,-9999,-9999,-9999,-9999,-9999,-9999,-9999,-9999,-9999,-9999,-9999,-9999,-9999
-9999,-9999,-9999,-9999,-9999,-9999,-9999,-9999,27.7333393096924,28.777473449707,29.131326675415,29.0185718536377,30.1300067901611,32.2305870056152,31.447925567627,29.6544818878174,31.8353576660156,36.4419784545898,36.3023796081543,34.9547424316406,37.9458694458008,40.5435256958008,40.2244987487793,39.8295974731445,39.6763076782227,39.1278800964355,39.2036209106445,39.6119499206543,38.9717407226563,40.3145980834961,43.313362121582,44.2202606201172,44.2039756774902,44.1261520385742,44.1164665222168,43.8841781616211,43.6742553710938,43.4026298522949,43.3330726623535,43.066822052002,42.8637924194336,42.6574020385742,42.482666015625,42.4662857055664,42.3513641357422,42.3722839355469,42.3969039916992,42.4525985717773,42.4854698181152,42.5511627197266,40.4895668029785,38.0353317260742,37.9879150390625,38.283332824707,38.5713233947754,38.6908416748047,38.1139945983887,38.6799850463867,40.2144088745117,41.3802528381348,41.9272308349609,42.1888427734375,-9999,-9999,-9999,-9999,-9999,-9999,-9999,-9999,-9999,-9999,-9999,-9999,-9999,-9999,-9999,-9999,-9999,-9999,-9999,-9999,-9999,-9999,-9999,-9999,-9999,-9999,40.1105651855469,39.7987518310547,39.4593887329102,39.2524833679199,39.0935325622559,39.0660629272461,39.0612411499023,39.2833709716797,39.306266784668,37.841625213623,35.8250465393066,32.6016159057617,30.1356811523438,29.0334053039551,25.8697948455811,20.2996635437012,19.8815536499023,22.4553451538086,28.5631618499756,33.586742401123,35.290599822998,36.634895324707,35.1723365783691,34.1698150634766,36.4943885803223,34.6173210144043,33.2893028259277,-9999,-9999,-9999,-9999,-9999,-9999,-9999,-9999,-9999,-9999,-9999,-9999,-9999,-9999,-9999,-9999
-9999,-9999,-9999,-9999,-9999,-9999,-9999,-9999,26.2819290161133,27.6382789611816,28.7468128204346,28.307315826416,28.557991027832,28.954158782959,29.6055278778076,30.3681030273438,33.6423683166504,37.8132972717285,37.9809074401855,36.7808036804199,37.9169654846191,39.4171981811523,40.3312950134277,40.9720764160156,40.847785949707,40.5577049255371,40.1748695373535,39.8327789306641,39.5846748352051,40.3016891479492,42.1170425415039,42.6664924621582,42.5141258239746,42.392032623291,42.1957626342773,41.9910736083984,41.9025115966797,41.6897392272949,41.5242805480957,41.2860565185547,41.1823310852051,41.0017776489258,41.2358245849609,41.9727592468262,42.2641716003418,42.2105293273926,42.1156349182129,41.9766082763672,42.097053527832,42.239013671875,41.1906394958496,40.0027809143066,40.2452812194824,40.3847274780273,40.2574348449707,40.0621490478516,39.7684478759766,40.1006774902344,40.981388092041,41.5339736938477,41.8386268615723,41.958683013916,-9999,-9999,-9999,-9999,-9999,-9999,-9999,-9999,-9999,-9999,-9999,-9999,-9999,-9999,-9999,-9999,-9999,-9999,-9999,-9999,-9999,-9999,-9999,-9999,-9999,-9999,-9999,-9999,39.0657196044922,38.8999938964844,38.7771873474121,38.7246360778809,38.6804542541504,38.8952598571777,38.9714393615723,38.0292701721191,36.7901802062988,34.455265045166,32.381404876709,30.4966850280762,27.7802639007568,23.5713214874268,21.5730800628662,20.187463760376,24.8945083618164,29.9747467041016,31.3253841400146,32.2176055908203,31.5646553039551,31.5311546325684,34.4725074768066,31.0762672424316,30.5603179931641,-9999,-9999,-9999,-9999,-9999,-9999,-9999,-9999,-9999,-9999,-9999,-9999,-9999,-9999,-9999,-9999
-9999,-9999,-9999,-9999,-9999,-9999,20.6346035003662,26.2365436553955,26.2071571350098,26.1940135955811,27.5861644744873,28.4587783813477,27.9823169708252,26.5259647369385,27.4616355895996,32.3327140808105,35.9363479614258,39.4133148193359,39.3045959472656,38.3939399719238,37.8582992553711,37.2444648742676,39.9034385681152,41.9879417419434,42.0152359008789,41.9674377441406,41.6359786987305,41.2747268676758,40.8982543945313,40.6610374450684,40.3716812133789,40.0835494995117,39.7536659240723,39.4993286132813,39.3221015930176,39.1288299560547,38.945915222168,38.8970031738281,38.8493309020996,38.7431793212891,38.6418647766113,38.5103187561035,39.236141204834,41.1510467529297,41.9562683105469,41.8587455749512,41.5862731933594,41.2422714233398,41.0221557617188,40.8117828369141,40.9243240356445,41.0643997192383,41.2707977294922,41.4681015014648,41.4725074768066,41.3951072692871,41.1278533935547,40.9740142822266,40.9935073852539,41.2532386779785,41.700855255127,-9999,-9999,-9999,-9999,-9999,-9999,-9999,-9999,-9999,-9999,-9999,-9999,-9999,-9999,-9999,-9999,-9999,-9999,-9999,-9999,-9999,-9999,-9999,-9999,-9999,-9999,-9999,-9999,-9999,-9999,-9999,-9999,38.3610725402832,38.3002891540527,38.4098205566406,38.4433097839355,37.9303779602051,37.3723182678223,36.5623664855957,34.8152885437012,31.2631568908691,28.9519691467285,28.3014430999756,24.6120357513428,18.5850696563721,20.3929233551025,24.4172267913818,25.8783283233643,26.8762130737305,27.3260116577148,28.3738250732422,32.3024559020996,29.9252758026123,-9999,-9999,-9999,-9999,-9999,-9999,-9999,-9999,-9999,-9999,-9999,-9999,-9999,-9999,-9999,-9999,-9999
-9999,-9999,-9999,-9999,-9999,-9999,26.1815032958984,26.0493774414063,25.9378890991211,25.994722366333,26.0221290588379,28.8561305999756,31.3583221435547,32.1293182373047,33.0975875854492,34.9153900146484,37.2225494384766,40.0698623657227,40.137825012207,39.3344612121582,38.8479080200195,38.3201446533203,40.3935127258301,42.095703125,42.0713195800781,41.9230651855469,41.7110595703125,41.5251235961914,41.1623077392578,40.8039627075195,40.360725402832,40.1040992736816,39.839485168457,39.5519485473633,39.2728080749512,39.4522895812988,39.6988983154297,39.6523399353027,39.5875701904297,39.4290046691895,39.2911758422852,39.213695526123,39.6035346984863,40.665699005127,41.1256866455078,41.0692901611328,40.8592643737793,40.5486526489258,40.4309234619141,40.3740005493164,40.4965896606445,40.6417045593262,40.7337417602539,40.8228073120117,40.8697738647461,40.8556594848633,40.672679901123,40.5511283874512,40.5097007751465,-9999,-9999,-9999,-9999,-9999,-9999,-9999,-9999,-9999,-9999,-9999,-9999,-9999,-9999,-9999,-9999,-9999,-9999,-9999,-9999,-9999,-9999,-9999,-9999,-9999,-9999,-9999,-9999,-9999,-9999,-9999,-9999,-9999,-9999,-9999,37.8951683044434,37.9552688598633,37.9850883483887,37.8068313598633,37.5319404602051,36.973949432373,35.9403190612793,34.098934173584,31.8117942810059,29.2922916412354,26.243049621582,22.7572021484375,21.6604270935059,20.9009075164795,24.3484001159668,27.5369358062744,28.6006393432617,29.813196182251,31.5785388946533,29.4439563751221,30.1691074371338,27.6090850830078,-9999,-9999,-9999,-9999,-9999,-9999,-9999,-9999,-9999,-9999,-9999,-9999,-9999,-9999,-9999
-9999,-9999,-9999,-9999,25.2653884887695,26.7907772064209,26.2141227722168,25.9705619812012,25.8516139984131,25.9182891845703,26.8934688568115,31.2122383117676,34.6364059448242,37.4456100463867,38.3283805847168,37.3239669799805,38.3056297302246,40.5001449584961,40.7098846435547,40.1783103942871,39.7098922729492,39.2228050231934,40.3465118408203,41.3387107849121,41.4280014038086,41.474006652832,41.3586502075195,41.2143974304199,41.0275955200195,40.7746849060059,40.4978637695313,40.2091026306152,39.9213600158691,39.6055145263672,39.3067855834961,39.897705078125,40.5805625915527,40.4953689575195,40.3960990905762,40.1860885620117,40.0224761962891,39.9933128356934,40.003059387207,40.0912094116211,40.1306343078613,40.1333503723145,40.0049591064453,39.8041343688965,39.8673133850098,40.0021438598633,40.0456924438477,40.0750770568848,40.0574340820313,40.0550918579102,-9999,-9999,-9999,-9999,-9999,-9999,-9999,-9999,-9999,-9999,-9999,-9999,-9999,-9999,-9999,-9999,-9999,-9999,-9999,-9999,-9999,-9999,-9999,-9999,-9999,-9999,-9999,-9999,-9999,-9999,-9999,-9999,-9999,-9999,-9999,-9999,-9999,-9999,-9999,-9999,-9999,37.4960060119629,37.5268096923828,37.6662368774414,37.6487312316895,37.1606178283691,36.8125610351563,36.6110000610352,34.3891983032227,29.9887161254883,27.8228454589844,26.8366470336914,22.9328861236572,17.8787384033203,22.8625583648682,28.0567512512207,29.9267196655273,31.310640335083,31.0208702087402,22.2518672943115,22.8559226989746,28.14914894104,28.8176651000977,-9999,-9999,-9999,-9999,-9999,-9999,-9999,-9999,-9999,-9999,-9999,-9999,-9999,-9999
-9999,-9999,-9999,-9999,30.5310878753662,28.2162017822266,27.4069023132324,25.7904033660889,26.1773338317871,28.0660743713379,30.4815921783447,33.5472183227539,36.1412506103516,38.1296691894531,39.1504325866699,39.2276420593262,39.6615104675293,40.3660545349121,40.1899795532227,39.6997909545898,39.9594497680664,40.3474769592285,40.745231628418,41.0947227478027,41.107852935791,41.1085433959961,41.0643882751465,40.9848556518555,40.8449935913086,40.6695861816406,40.457820892334,40.263744354248,40.0843353271484,39.9294548034668,39.7767753601074,39.983283996582,40.2285194396973,40.0293807983398,39.8178024291992,39.5298652648926,39.284610748291,39.1733932495117,39.1084327697754,39.1151924133301,39.1150856018066,39.1091194152832,39.0298690795898,-9999,-9999,-9999,-9999,-9999,-9999,-9999,-9999,-9999,-9999,-9999,-9999,-9999,-9999,-9999,-9999,-9999,-9999,-9999,-9999,-9999,-9999,-9999,-9999,-9999,-9999,-9999,-9999,-9999,-9999,-9999,-9999,-9999,-9999,-9999,-9999,-9999,-9999,-9999,-9999,-9999,-9999,-9999,-9999,-9999,-9999,-9999,-9999,-9999,37.1316680908203,37.2465629577637,37.2883720397949,37.1192321777344,36.6611557006836,35.667911529541,33.4064903259277,29.8004398345947,27.8530216217041,26.7043590545654,22.269702911377,16.2289752960205,19.6177272796631,23.8459930419922,25.0498733520508,26.4594326019287,27.2322673797607,28.0510311126709,21.4317493438721,26.9153785705566,24.872163772583,-9999,-9999,-9999,-9999,-9999,-9999,-9999,-9999,-9999,-9999,-9999,-9999,-9999,-9999
-9999,-9999,-9999,-9999,-9999,30.626106262207,28.6376552581787,28.6604747772217,27.3765525817871,31.254602432251,34.0945243835449,35.952751159668,37.5341720581055,38.7561645507813,39.6851997375488,40.3928451538086,40.3686904907227,39.8366622924805,39.5055694580078,39.2511596679688,-9999,-9999,-9999,-9999,-9999,-9999,-9999,-9999,-9999,-9999,-9999,-9999,-9999,40.0078163146973,39.9629592895508,39.8521766662598,39.7302894592285,39.4373931884766,-9999,-9999,-9999,-9999,-9999,-9999,-9999,-9999,-9999,-9999,-9999,-9999,-9999,-9999,-9999,-9999,-9999,-9999,-9999,-9999,-9999,-9999,-9999,-9999,-9999,-9999,-9999,-9999,-9999,-9999,-9999,-9999,-9999,-9999,-9999,-9999,-9999,-9999,-9999,-9999,-9999,-9999,-9999,-9999,-9999,-9999,-9999,-9999,-9999,-9999,-9999,-9999,-9999,-9999,-9999,-9999,-9999,-9999,36.7436790466309,36.8549308776855,36.9598083496094,37.0569267272949,36.5791015625,35.091667175293,33.0331726074219,30.3083724975586,28.3786773681641,26.8500022888184,22.1416130065918,15.9060106277466,16.9223823547363,18.8122501373291,20.4800720214844,22.0699024200439,23.4452514648438,24.6713409423828,24.9278755187988,22.3771781921387,-9999,-9999,-9999,-9999,-9999,-9999,-9999,-9999,-9999,-9999,-9999,-9999,-9999,-9999,-9999
-9999,-9999,-9999,-9999,-9999,30.3612575531006,30.3097267150879,31.2960891723633,32.3720207214355,36.2422866821289,38.9934577941895,39.4242134094238,39.816162109375,40.4175186157227,40.674674987793,40.5659065246582,40.1852378845215,39.6040306091309,-9999,-9999,-9999,-9999,-9999,-9999,-9999,-9999,-9999,-9999,-9999,-9999,-9999,-9999,-9999,-9999,-9999,-9999,-9999,-9999,-9999,-9999,-9999,-9999,-9999,-9999,-9999,-9999,-9999,-9999,-9999,-9999,-9999,-9999,-9999,-9999,-9999,-9999,-9999,-9999,-9999,-9999,-9999,-9999,-9999,-9999,-9999,-9999,-9999,-9999,-9999,-9999,-9999,-9999,-9999,-9999,-9999,-9999,-9999,-9999,-9999,-9999,-9999,-9999,-9999,-9999,-9999,-9999,-9999,-9999,-9999,-9999,-9999,-9999,-9999,-9999,-9999,-9999,-9999,36.6143989562988,36.7873764038086,36.8918571472168,36.7971267700195,36.3631858825684,35.4357757568359,33.9405632019043,31.2433891296387,27.6374225616455,24.4657306671143,21.3277549743652,18.6093845367432,16.1049118041992,19.579963684082,22.1228046417236,20.5644474029541,20.4559078216553,21.5072269439697,18.9668350219727,-9999,-9999,-9999,-9999,-9999,-9999,-9999,-9999,-9999,-9999,-9999,-9999,-9999,-9999,-9999
-9999,-9999,30.6371536254883,30.4581317901611,30.6360969543457,30.0429630279541,30.7134017944336,33.3977470397949,36.3574867248535,39.4544296264648,41.6254577636719,41.2742576599121,41.0546951293945,41.2871360778809,41.1006355285645,40.4027061462402,39.7613410949707,-9999,-9999,-9999,-9999,-9999,-9999,-9999,-9999,-9999,-9999,-9999,-9999,-9999,-9999,-9999,-9999,-9999,-9999,-9999,-9999,-9999,-9999,-9999,-9999,-9999,-9999,-9999,-9999,-9999,-9999,-9999,-9999,-9999,-9999,-9999,-9999,-9999,-9999,-9999,-9999,-9999,-9999,-9999,-9999,-9999,-9999,-9999,-9999,-9999,-9999,-9999,-9999,-9999,-9999,-9999,-9999,-9999,-9999,-9999,-9999,-9999,-9999,-9999,-9999,-9999,-9999,-9999,-9999,-9999,-9999,-9999,-9999,-9999,-9999,-9999,-9999,-9999,-9999,-9999,-9999,36.3531532287598,36.5730667114258,36.6740112304688,36.837574005127,37.0963706970215,36.9709243774414,36.3924522399902,33.8404960632324,29.7610092163086,27.0978107452393,25.0203952789307,20.6223220825195,15.699857711792,19.0442085266113,21.0549488067627,17.8787803649902,16.8825988769531,21.1883850097656,17.7575912475586,-9999,-9999,-9999,-9999,-9999,-9999,-9999,-9999,-9999,-9999,-9999,-9999,-9999,-9999,-9999
-9999,-9999,-9999,-9999,30.6202373504639,30.2229404449463,30.9151821136475,35.1309585571289,39.0647659301758,40.1547164916992,40.7896575927734,40.6484680175781,40.5373992919922,40.6410942077637,40.3187141418457,39.483959197998,-9999,-9999,-9999,-9999,-9999,-9999,-9999,-9999,-9999,-9999,-9999,-9999,-9999,-9999,-9999,-9999,-9999,-9999,-9999,-9999,-9999,-9999,-9999,-9999,-9999,-9999,-9999,-9999,-9999,-9999,-9999,-9999,-9999,-9999,-9999,-9999,-9999,-9999,-9999,-9999,-9999,-9999,-9999,-9999,-9999,-9999,-9999,-9999,-9999,-9999,-9999,-9999,-9999,-9999,-9999,-9999,-9999,-9999,-9999,-9999,-9999,-9999,-9999,-9999,-9999,-9999,-9999,-9999,-9999,-9999,-9999,-9999,-9999,-9999,-9999,-9999,-9999,-9999,-9999,-9999,-9999,36.049861907959,36.269645690918,36.3381195068359,36.490177154541,36.7706451416016,36.9464569091797,36.9750175476074,36.0248031616211,34.3553009033203,30.4535388946533,25.5488319396973,22.8976135253906,20.7085723876953,18.9199523925781,17.2395553588867,16.234733581543,15.9949522018433,17.5790634155273,18.888162612915,-9999,-9999,-9999,-9999,-9999,-9999,-9999,-9999,-9999,-9999,-9999,-9999,-9999,-9999,-9999
-9999,-9999,-9999,-9999,30.8016414642334,30.7864398956299,31.4287300109863,36.216495513916,40.4423446655273,40.4796752929688,40.2770690917969,40.3646774291992,40.3480491638184,40.1479606628418,39.6125221252441,-9999,-9999,-9999,-9999,-9999,-9999,-9999,-9999,-9999,-9999,-9999,-9999,-9999,-9999,-9999,-9999,-9999,-9999,-9999,-9999,-9999,-9999,-9999,-9999,-9999,-9999,-9999,-9999,-9999,-9999,-9999,-9999,-9999,-9999,-9999,-9999,-9999,-9999,-9999,-9999,-9999,-9999,-9999,-9999,-9999,-9999,-9999,-9999,-9999,-9999,-9999,-9999,-9999,-9999,-9999,-9999,-9999,-9999,-9999,-9999,-9999,-9999,-9999,-9999,-9999,-9999,-9999,-9999,-9999,-9999,-9999,-9999,-9999,-9999,-9999,-9999,-9999,-9999,-9999,-9999,-9999,-9999,35.7050094604492,35.9331588745117,35.9759063720703,36.0871505737305,36.2987937927246,36.5529823303223,36.8423309326172,36.7529678344727,36.3735160827637,32.1129264831543,25.9530544281006,24.274133682251,23.155424118042,18.524393081665,14.360538482666,15.3181638717651,15.7973031997681,15.8897533416748,16.6109485626221,13.6716022491455,-9999,-9999,-9999,-9999,-9999,-9999,-9999,-9999,-9999,-9999,-9999,-9999,-9999,-9999
-9999,-9999,-9999,-9999,31.1895771026611,31.0223770141602,32.1858978271484,36.680591583252,40.4024963378906,40.4077301025391,40.2292900085449,40.56640625,40.5685119628906,39.865291595459,39.0194129943848,-9999,-9999,-9999,-9999,-9999,-9999,-9999,-9999,-9999,-9999,-9999,-9999,-9999,-9999,-9999,-9999,-9999,-9999,-9999,-9999,-9999,-9999,-9999,-9999,-9999,-9999,-9999,-9999,-9999,-9999,-9999,-9999,-9999,-9999,-9999,-9999,-9999,-9999,-9999,-9999,-9999,-9999,-9999,-9999,-9999,-9999,-9999,-9999,-9999,-9999,-9999,-9999,-9999,-9999,-9999,-9999,-9999,-9999,-9999,-9999,-9999,-9999,-9999,-9999,-9999,-9999,-9999,-9999,-9999,-9999,-9999,-9999,-9999,-9999,-9999,-9999,-9999,-9999,-9999,-9999,-9999,-9999,35.3070335388184,35.5552864074707,35.5814819335938,35.6088600158691,35.6283226013184,35.6729393005371,35.7389144897461,35.7048568725586,35.5773124694824,31.7205486297607,26.154182434082,24.3229522705078,22.8013515472412,17.5485916137695,12.710958480835,15.2184362411499,16.707088470459,17.4337253570557,17.8329944610596,18.6710891723633,13.9472599029541,-9999,-9999,-9999,-9999,-9999,-9999,-9999,-9999,-9999,-9999,-9999,-9999,-9999
-9999,-9999,-9999,-9999,26.695161819458,31.0936241149902,32.2809829711914,35.9946746826172,38.9107360839844,39.1285285949707,39.1961288452148,40.075553894043,40.3744583129883,39.5397834777832,-9999,-9999,-9999,-9999,-9999,-9999,-9999,-9999,-9999,-9999,-9999,-9999,-9999,-9999,-9999,-9999,-9999,-9999,-9999,-9999,-9999,-9999,-9999,-9999,-9999,-9999,-9999,-9999,-9999,-9999,-9999,-9999,-9999,-9999,-9999,-9999,-9999,-9999,-9999,-9999,-9999,-9999,-9999,-9999,-9999,-9999,-9999,-9999,-9999,-9999,-9999,-9999,-9999,-9999,-9999,-9999,-9999,-9999,-9999,-9999,-9999,-9999,-9999,-9999,-9999,-9999,-9999,-9999,-9999,-9999,-9999,-9999,-9999,-9999,-9999,-9999,-9999,-9999,-9999,-9999,-9999,-9999,-9999,34.8725166320801,35.1389389038086,35.1800384521484,35.1770706176758,35.0923843383789,35.088565826416,35.1635398864746,34.9900588989258,34.6673316955566,32.4640045166016,29.4922122955322,26.3589687347412,22.9441833496094,18.534688949585,14.6888856887817,15.2451314926147,16.1350440979004,16.5205001831055,17.3771419525146,18.3569393157959,18.8618545532227,16.9010238647461,16.6773357391357,-9999,-9999,-9999,-9999,-9999,-9999,-9999,-9999,-9999,-9999,-9999
-9999,-9999,-9999,-9999,29.2030849456787,31.4063262939453,32.6355056762695,34.3694152832031,36.0297470092773,36.6467895507813,37.3185043334961,39.0321655273438,39.8637084960938,39.1828193664551,-9999,-9999,-9999,-9999,-9999,-9999,-9999,-9999,-9999,-9999,-9999,-9999,-9999,-9999,-9999,-9999,-9999,-9999,-9999,-9999,-9999,-9999,-9999,-9999,-9999,-9999,-9999,-9999,-9999,-9999,-9999,-9999,-9999,-9999,-9999,-9999,-9999,-9999,-9999,-9999,-9999,-9999,-9999,-9999,-9999,-9999,-9999,-9999,-9999,-9999,-9999,-9999,-9999,-9999,-9999,-9999,-9999,-9999,-9999,-9999,-9999,-9999,-9999,-9999,-9999,-9999,-9999,-9999,-9999,-9999,-9999,-9999,-9999,-9999,-9999,-9999,-9999,-9999,-9999,-9999,-9999,-9999,-9999,-9999,34.6907844543457,34.7713928222656,34.7797470092773,34.6630249023438,34.7406692504883,35.0079765319824,34.5551109313965,33.6369094848633,33.9426612854004,34.5331268310547,29.6042461395264,23.0555477142334,21.187837600708,19.0767726898193,15.628436088562,13.5158758163452,14.328800201416,15.4922723770142,17.6721420288086,18.8414115905762,18.682991027832,-9999,-9999,-9999,-9999,-9999,-9999,-9999,-9999,-9999,-9999,-9999,-9999
-9999,-9999,-9999,-9999,28.6637916564941,30.6780090332031,30.5945148468018,31.2715225219727,32.4231147766113,34.7386703491211,36.8905639648438,38.27392578125,38.9618110656738,38.7336311340332,-9999,-9999,-9999,-9999,-9999,-9999,-9999,-9999,-9999,-9999,-9999,-9999,-9999,-9999,-9999,-9999,-9999,-9999,-9999,-9999,-9999,-9999,-9999,-9999,-9999,-9999,-9999,-9999,-9999,-9999,-9999,-9999,-9999,-9999,-9999,-9999,-9999,-9999,-9999,-9999,-9999,-9999,-9999,-9999,-9999,-9999,-9999,-9999,-9999,-9999,-9999,-9999,-9999,-9999,-9999,-9999,-9999,-9999,-9999,-9999,-9999,-9999,-9999,-9999,-9999,-9999,-9999,-9999,-9999,-9999,-9999,-9999,-9999,-9999,-9999,-9999,-9999,-9999,-9999,-9999,-9999,-9999,-9999,-9999,34.2824592590332,34.3785629272461,34.4001350402832,34.2939834594727,34.4216728210449,34.770637512207,34.5303688049316,33.9217643737793,34.779727935791,35.9633941650391,30.6129455566406,23.3566074371338,22.0296936035156,20.2302055358887,15.6129570007324,12.2040863037109,12.4371252059937,13.8653802871704,16.9811191558838,23.4555969238281,32.2009353637695,29.9088497161865,34.5601501464844,-9999,-9999,-9999,-9999,-9999,-9999,-9999,-9999,-9999,-9999
-9999,-9999,-9999,-9999,-9999,22.1054763793945,28.0394172668457,28.9872741699219,28.402172088623,33.203052520752,36.8249397277832,37.4893989562988,37.8522605895996,38.2354583740234,-9999,-9999,-9999,-9999,-9999,-9999,-9999,-9999,-9999,-9999,-9999,-9999,-9999,-9999,-9999,-9999,-9999,-9999,-9999,-9999,-9999,-9999,-9999,-9999,-9999,-9999,-9999,-9999,-9999,-9999,-9999,-9999,-9999,-9999,-9999,-9999,-9999,-9999,-9999,-9999,-9999,-9999,-9999,-9999,-9999,-9999,-9999,-9999,-9999,-9999,-9999,-9999,-9999,-9999,-9999,-9999,-9999,-9999,-9999,-9999,-9999,-9999,-9999,-9999,-9999,-9999,-9999,-9999,-9999,-9999,-9999,-9999,-9999,-9999,-9999,-9999,-9999,-9999,-9999,-9999,-9999,-9999,-9999,-9999,33.888053894043,33.9895210266113,34.025634765625,33.952995300293,34.1150665283203,34.4955978393555,34.6894035339355,34.7624282836914,35.4273490905762,36.1097183227539,30.7802677154541,23.7517070770264,22.0699920654297,19.7268352508545,14.9642724990845,11.1034526824951,10.7568140029907,12.2108631134033,16.1811370849609,23.2493019104004,31.5137901306152,34.0710945129395,35.0648994445801,32.3012542724609,-9999,-9999,-9999,-9999,-9999,-9999,-9999,-9999,-9999
-9999,-9999,-9999,-9999,-9999,25.1227264404297,26.4834327697754,26.3352222442627,27.7044715881348,32.9419860839844,36.8065872192383,37.1695022583008,37.5469245910645,38.0372428894043,-9999,-9999,-9999,-9999,-9999,-9999,-9999,-9999,-9999,-9999,-9999,-9999,-9999,-9999,-9999,-9999,-9999,-9999,-9999,-9999,-9999,-9999,-9999,-9999,-9999,-9999,-9999,-9999,-9999,-9999,-9999,-9999,-9999,-9999,-9999,-9999,-9999,-9999,-9999,-9999,-9999,-9999,-9999,-9999,-9999,-9999,-9999,-9999,-9999,-9999,-9999,-9999,-9999,-9999,-9999,-9999,-9999,-9999,-9999,-9999,-9999,-9999,-9999,-9999,-9999,-9999,-9999,-9999,-9999,-9999,-9999,-9999,-9999,-9999,-9999,-9999,-9999,-9999,-9999,-9999,-9999,-9999,-9999,-9999,33.5004768371582,33.6096649169922,33.6643562316895,33.6359672546387,33.7784080505371,34.0746879577637,34.2792167663574,34.4133911132813,35.1180648803711,35.8351974487305,30.7807521820068,24.0332946777344,22.3315868377686,20.0646858215332,14.7877588272095,10.9792156219482,11.6388854980469,13.5694255828857,16.9683971405029,22.5669078826904,28.898796081543,33.1068267822266,37.3852958679199,37.8626594543457,-9999,-9999,-9999,-9999,-9999,-9999,-9999,-9999,-9999
-9999,-9999,-9999,-9999,-9999,25.1324844360352,25.2374305725098,26.2195739746094,27.4304046630859,32.8700714111328,36.7759475708008,37.1162109375,37.4158782958984,37.9041328430176,-9999,-9999,-9999,-9999,-9999,-9999,-9999,-9999,-9999,-9999,-9999,-9999,-9999,-9999,-9999,-9999,-9999,-9999,-9999,-9999,-9999,-9999,-9999,-9999,-9999,-9999,-9999,-9999,-9999,-9999,-9999,-9999,-9999,-9999,-9999,-9999,-9999,-9999,-9999,-9999,-9999,-9999,-9999,-9999,-9999,-9999,-9999,-9999,-9999,-9999,-9999,-9999,-9999,-9999,-9999,-9999,-9999,-9999,-9999,-9999,-9999,-9999,-9999,-9999,-9999,-9999,-9999,-9999,-9999,-9999,-9999,-9999,-9999,-9999,-9999,-9999,-9999,-9999,-9999,-9999,-9999,-9999,-9999,-9999,-9999,33.2273597717285,33.3024101257324,33.322395324707,33.4335250854492,33.6219100952148,33.7442741394043,33.8044853210449,34.6408233642578,35.518009185791,30.7090969085693,24.2858543395996,22.6284484863281,20.324592590332,14.6514463424683,11.06605052948,13.0478029251099,15.4262838363647,18.3154792785645,21.8439521789551,25.8331394195557,31.2136096954346,36.7859878540039,37.8974189758301,-9999,-9999,-9999,-9999,-9999,-9999,-9999,-9999,-9999
-9999,-9999,-9999,-9999,-9999,-9999,24.2190208435059,24.8208999633789,25.9634780883789,32.1737785339355,36.3456954956055,36.8362350463867,37.1713638305664,-9999,-9999,-9999,-9999,-9999,-9999,-9999,-9999,-9999,-9999,-9999,-9999,-9999,-9999,-9999,-9999,-9999,-9999,-9999,-9999,-9999,-9999,-9999,-9999,-9999,-9999,-9999,-9999,-9999,-9999,-9999,-9999,-9999,-9999,-9999,-9999,-9999,-9999,-9999,-9999,-9999,-9999,-9999,-9999,-9999,-9999,-9999,-9999,-9999,-9999,-9999,-9999,-9999,-9999,-9999,-9999,-9999,-9999,-9999,-9999,-9999,-9999,-9999,-9999,-9999,-9999,-9999,-9999,-9999,-9999,-9999,-9999,-9999,-9999,-9999,-9999,-9999,-9999,-9999,-9999,-9999,-9999,-9999,-9999,-9999,-9999,32.9574584960938,33.0577392578125,33.1181678771973,33.2176322937012,33.3452110290527,33.6667518615723,34.0813751220703,34.6032676696777,35.0015830993652,30.4675445556641,24.5779552459717,22.9698219299316,21.0694160461426,17.8219318389893,14.9735136032104,13.5150709152222,13.289101600647,14.9792518615723,19.302791595459,25.456428527832,29.2681465148926,32.6473274230957,34.1213607788086,-9999,-9999,-9999,-9999,-9999,-9999,-9999,-9999,-9999
-9999,-9999,-9999,-9999,-9999,-9999,22.8405570983887,22.5497035980225,24.551778793335,31.3811187744141,36.0367126464844,36.5551643371582,36.9056282043457,-9999,-9999,-9999,-9999,-9999,-9999,-9999,-9999,-9999,-9999,-9999,-9999,-9999,-9999,-9999,-9999,-9999,-9999,-9999,-9999,-9999,-9999,-9999,-9999,-9999,-9999,-9999,-9999,-9999,-9999,-9999,-9999,-9999,-9999,-9999,-9999,-9999,-9999,-9999,-9999,-9999,-9999,-9999,-9999,-9999,-9999,-9999,-9999,-9999,-9999,-9999,-9999,-9999,-9999,-9999,-9999,-9999,-9999,-9999,-9999,-9999,-9999,-9999,-9999,-9999,-9999,-9999,-9999,-9999,-9999,-9999,-9999,-9999,-9999,-9999,-9999,-9999,-9999,-9999,-9999,-9999,-9999,-9999,-9999,-9999,-9999,32.7011032104492,32.8241271972656,32.9152145385742,33.0030899047852,33.0800895690918,33.5889434814453,34.3314895629883,34.5523452758789,34.5056915283203,30.2477874755859,24.832218170166,23.3523406982422,21.8405990600586,20.6891994476318,18.7085742950439,14.2087917327881,11.4729661941528,11.3513231277466,16.5508575439453,25.1669826507568,27.5800666809082,27.8005962371826,24.0638828277588,17.8008842468262,15.9298143386841,-9999,-9999,-9999,-9999,-9999,-9999,-9999
-9999,-9999,-9999,-9999,-9999,-9999,21.528377532959,21.8839721679688,22.9509944915771,30.2402114868164,35.2840347290039,36.0086517333984,36.6260414123535,-9999,-9999,-9999,-9999,-9999,-9999,-9999,-9999,-9999,-9999,-9999,-9999,-9999,-9999,-9999,-9999,-9999,-9999,-9999,-9999,-9999,-9999,-9999,-9999,-9999,-9999,-9999,-9999,-9999,-9999,-9999,-9999,-9999,-9999,-9999,-9999,-9999,-9999,-9999,-9999,-9999,-9999,-9999,-9999,-9999,-9999,-9999,-9999,-9999,-9999,-9999,-9999,-9999,-9999,-9999,-9999,-9999,-9999,-9999,-9999,-9999,-9999,-9999,-9999,-9999,-9999,-9999,-9999,-9999,-9999,-9999,-9999,-9999,-9999,-9999,-9999,-9999,-9999,-9999,-9999,-9999,-9999,-9999,-9999,-9999,-9999,32.5672073364258,32.6606674194336,32.6854667663574,32.746021270752,32.8297271728516,33.3190498352051,34.0298881530762,34.258903503418,34.2673721313477,30.1599617004395,24.972354888916,23.6064472198486,22.2192478179932,20.9514789581299,18.7277717590332,13.9000453948975,11.6303768157959,12.7983245849609,15.9374713897705,20.714542388916,21.8935852050781,21.6691474914551,19.8354187011719,17.4142246246338,13.4617252349854,8.17077827453613,-9999,-9999,-9999,-9999,-9999,-9999
-9999,-9999,-9999,-9999,-9999,-9999,-9999,-9999,-9999,-9999,-9999,-9999,-9999,-9999,-9999,-9999,-9999,-9999,-9999,-9999,-9999,-9999,-9999,-9999,-9999,-9999,-9999,-9999,-9999,-9999,-9999,-9999,-9999,-9999,-9999,-9999,-9999,-9999,-9999,-9999,-9999,-9999,-9999,-9999,-9999,-9999,-9999,-9999,-9999,-9999,-9999,-9999,-9999,-9999,-9999,-9999,-9999,-9999,-9999,-9999,-9999,-9999,-9999,-9999,-9999,-9999,-9999,-9999,-9999,-9999,-9999,-9999,-9999,-9999,-9999,-9999,-9999,-9999,-9999,-9999,-9999,-9999,-9999,-9999,-9999,-9999,-9999,-9999,-9999,-9999,-9999,-9999,-9999,-9999,-9999,-9999,-9999,-9999,-9999,-9999,32.4856338500977,32.4558372497559,32.499324798584,32.6017074584961,33.0847320556641,33.7764778137207,33.9933128356934,33.9814529418945,30.5923805236816,26.3941421508789,24.4777812957764,22.5628662109375,21.2515621185303,18.9443130493164,13.7646179199219,11.7022428512573,13.7441272735596,15.1837282180786,16.2924861907959,15.8339042663574,14.7318267822266,15.094744682312,15.7018594741821,10.0705051422119,7.58559083938599,2.98847985267639,-9999,-9999,-9999,-9999,-9999
-9999,-9999,-9999,-9999,-9999,-9999,-9999,-9999,-9999,-9999,-9999,-9999,-9999,-9999,-9999,-9999,-9999,-9999,-9999,-9999,-9999,-9999,-9999,-9999,-9999,-9999,-9999,-9999,-9999,-9999,-9999,-9999,-9999,-9999,-9999,-9999,-9999,-9999,-9999,-9999,-9999,-9999,-9999,-9999,-9999,-9999,-9999,-9999,-9999,-9999,-9999,-9999,-9999,-9999,-9999,-9999,-9999,-9999,-9999,-9999,-9999,-9999,-9999,-9999,-9999,-9999,-9999,-9999,-9999,-9999,-9999,-9999,-9999,-9999,-9999,-9999,-9999,-9999,-9999,-9999,-9999,-9999,-9999,-9999,-9999,-9999,-9999,-9999,-9999,-9999,-9999,-9999,-9999,-9999,-9999,-9999,-9999,-9999,-9999,-9999,32.2743110656738,32.2329216003418,32.3016738891602,32.467601776123,32.9906768798828,33.7061233520508,33.8779716491699,33.8110313415527,33.0284004211426,32.0371971130371,27.4275360107422,22.8239765167236,21.5405368804932,19.1251277923584,13.9814491271973,11.4614887237549,13.2298650741577,13.8100643157959,13.4691219329834,12.1079359054565,10.2597236633301,9.67818069458008,9.73195934295654,6.70965147018433,3.39027452468872,3.18622541427612,2.76500272750854,-9999,-9999,-9999,-9999
-9999,-9999,-9999,-9999,-9999,-9999,-9999,-9999,-9999,-9999,-9999,-9999,-9999,-9999,-9999,-9999,-9999,-9999,-9999,-9999,-9999,-9999,-9999,-9999,-9999,-9999,-9999,-9999,-9999,-9999,-9999,-9999,-9999,-9999,-9999,-9999,-9999,-9999,-9999,-9999,-9999,-9999,-9999,-9999,-9999,-9999,-9999,-9999,-9999,-9999,-9999,-9999,-9999,-9999,-9999,-9999,-9999,-9999,-9999,-9999,-9999,-9999,-9999,-9999,-9999,-9999,-9999,-9999,-9999,-9999,-9999,-9999,-9999,-9999,-9999,-9999,-9999,-9999,-9999,-9999,-9999,-9999,-9999,-9999,-9999,-9999,-9999,-9999,-9999,-9999,-9999,-9999,-9999,-9999,-9999,-9999,-9999,-9999,-9999,-9999,32.0812110900879,32.0523796081543,32.1429481506348,32.3559837341309,32.7968788146973,33.3600273132324,33.6155128479004,33.701473236084,34.5336990356445,35.2474021911621,29.2764186859131,23.0582103729248,21.8526859283447,19.4421234130859,14.1753940582275,11.4133768081665,12.5791482925415,12.4111804962158,10.9318628311157,9.1898307800293,7.29078578948975,6.30294227600098,5.19779205322266,4.23275566101074,3.48758125305176,2.75203251838684,2.50644397735596,-9999,-9999,-9999,-9999
-9999,-9999,-9999,-9999,-9999,-9999,-9999,-9999,-9999,-9999,-9999,-9999,-9999,-9999,-9999,-9999,-9999,-9999,-9999,-9999,-9999,-9999,-9999,-9999,-9999,-9999,-9999,-9999,-9999,-9999,-9999,-9999,-9999,-9999,-9999,-9999,-9999,-9999,-9999,-9999,-9999,-9999,-9999,-9999,-9999,-9999,-9999,-9999,-9999,-9999,-9999,-9999,-9999,-9999,-9999,-9999,-9999,-9999,-9999,-9999,-9999,-9999,-9999,-9999,-9999,-9999,-9999,-9999,-9999,-9999,-9999,-9999,-9999,-9999,-9999,-9999,-9999,-9999,-9999,-9999,-9999,-9999,-9999,-9999,-9999,-9999,-9999,-9999,-9999,-9999,-9999,-9999,-9999,-9999,-9999,-9999,-9999,-9999,-9999,-9999,-9999,31.9494285583496,32.0687026977539,32.2917861938477,32.413013458252,32.471794128418,33.0561256408691,33.6951332092285,34.5970497131348,35.315055847168,29.4056987762451,23.2750129699707,22.1723594665527,19.8985252380371,14.4892740249634,11.6229076385498,12.43101978302,11.5379705429077,9.55035305023193,8.42003917694092,7.88951778411865,6.28647518157959,3.88503241539001,3.28282523155212,2.83577752113342,2.49676036834717,2.23252940177917,-9999,-9999,3.29248404502869,3.33967542648315
-9999,-9999,-9999,-9999,-9999,-9999,-9999,-9999,-9999,-9999,-9999,-9999,-9999,-9999,-9999,-9999,-9999,-9999,-9999,-9999,-9999,-9999,-9999,-9999,-9999,-9999,-9999,-9999,-9999,-9999,-9999,-9999,-9999,-9999,-9999,-9999,-9999,-9999,-9999,-9999,-9999,-9999,-9999,-9999,-9999,-9999,-9999,-9999,-9999,-9999,-9999,-9999,-9999,-9999,-9999,-9999,-9999,-9999,-9999,-9999,-9999,-9999,-9999,-9999,-9999,-9999,-9999,-9999,-9999,-9999,-9999,-9999,-9999,-9999,-9999,-9999,-9999,-9999,-9999,-9999,-9999,-9999,-9999,-9999,-9999,-9999,-9999,-9999,-9999,-9999,-9999,-9999,-9999,-9999,-9999,-9999,-9999,-9999,-9999,-9999,-9999,-9999,32.0124816894531,32.1886825561523,32.145076751709,31.959451675415,32.6807556152344,33.563907623291,34.5599060058594,35.3599128723145,29.5875396728516,23.3088359832764,20.207878112793,16.7607154846191,12.6148900985718,10.211727142334,10.8384790420532,9.78672981262207,7.50709056854248,6.82093715667725,7.0730938911438,5.65636587142944,3.08524107933044,2.85334229469299,2.69707942008972,2.57476186752319,2.57138299942017,2.97233247756958,3.25401592254639,3.28555250167847,3.36097645759583
-9999,-9999,-9999,-9999,-9999,-9999,-9999,-9999,-9999,-9999,-9999,-9999,-9999,-9999,-9999,-9999,-9999,-9999,-9999,-9999,-9999,-9999,-9999,-9999,-9999,-9999,-9999,-9999,-9999,-9999,-9999,-9999,-9999,-9999,-9999,-9999,-9999,-9999,-9999,-9999,-9999,-9999,-9999,-9999,-9999,-9999,-9999,-9999,-9999,-9999,-9999,-9999,-9999,-9999,-9999,-9999,-9999,-9999,-9999,-9999,-9999,-9999,-9999,-9999,-9999,-9999,-9999,-9999,-9999,-9999,-9999,-9999,-9999,-9999,-9999,-9999,-9999,-9999,-9999,-9999,-9999,-9999,-9999,-9999,-9999,-9999,-9999,-9999,-9999,-9999,-9999,-9999,-9999,-9999,-9999,-9999,-9999,-9999,-9999,-9999,-9999,-9999,-9999,32.045108795166,32.007698059082,31.8909301757813,32.5024337768555,33.2118911743164,34.4274444580078,35.4350090026855,29.8680725097656,23.2239208221436,15.4258651733398,9.00872993469238,7.88703107833862,7.27119255065918,7.63565301895142,6.81034088134766,4.66112041473389,4.03976583480835,4.25414323806763,3.85740327835083,3.22756266593933,3.12775707244873,3.15669393539429,3.12617039680481,3.12892556190491,3.19103121757507,3.14620423316956,2.97414684295654,2.83779978752136
-9999,-9999,-9999,-9999,-9999,-9999,-9999,-9999,-9999,-9999,-9999,-9999,-9999,-9999,-9999,-9999,-9999,-9999,-9999,-9999,-9999,-9999,-9999,-9999,-9999,-9999,-9999,-9999,-9999,-9999,-9999,-9999,-9999,-9999,-9999,-9999,-9999,-9999,-9999,-9999,-9999,-9999,-9999,-9999,-9999,-9999,-9999,-9999,-9999,-9999,-9999,-9999,-9999,-9999,-9999,-9999,-9999,-9999,-9999,-9999,-9999,-9999,-9999,-9999,-9999,-9999,-9999,-9999,-9999,-9999,-9999,-9999,-9999,-9999,-9999,-9999,-9999,-9999,-9999,-9999,-9999,-9999,-9999,-9999,-9999,-9999,-9999,-9999,-9999,-9999,-9999,-9999,-9999,-9999,-9999,-9999,-9999,-9999,-9999,-9999,-9999,-9999,-9999,31.9095096588135,31.9568290710449,32.032886505127,32.3899002075195,32.7451438903809,33.8782386779785,34.8956985473633,29.753963470459,23.3238353729248,13.6865901947021,6.12030839920044,6.60679864883423,6.64242887496948,6.82637119293213,5.91756820678711,3.47845768928528,2.73747730255127,2.91887903213501,3.04845452308655,3.12196254730225,3.02841567993164,3.15503573417664,3.17340278625488,3.17153286933899,2.89569163322449,4.47140455245972,9.48614978790283,15.0097074508667
-9999,-9999,-9999,-9999,-9999,-9999,-9999,-9999,-9999,-9999,-9999,-9999,-9999,-9999,-9999,-9999,-9999,-9999,-9999,-9999,-9999,-9999,-9999,-9999,-9999,-9999,-9999,-9999,-9999,-9999,-9999,-9999,-9999,-9999,-9999,-9999,-9999,-9999,-9999,-9999,-9999,-9999,-9999,-9999,-9999,-9999,-9999,-9999,-9999,-9999,-9999,-9999,-9999,-9999,-9999,-9999,-9999,-9999,-9999,-9999,-9999,-9999,-9999,-9999,-9999,-9999,-9999,-9999,-9999,-9999,-9999,-9999,-9999,-9999,-9999,-9999,-9999,-9999,-9999,-9999,-9999,-9999,-9999,-9999,-9999,-9999,-9999,-9999,-9999,-9999,-9999,-9999,-9999,-9999,-9999,-9999,-9999,-9999,-9999,-9999,-9999,-9999,-9999,-9999,31.9788722991943,32.3093872070313,32.458568572998,32.49951171875,33.055061340332,33.9307670593262,29.3580322265625,22.9257202148438,13.3266286849976,6.514244556427,7.23138093948364,7.68184566497803,7.75196552276611,6.55518960952759,3.74822998046875,2.53988456726074,2.54409432411194,2.50745058059692,2.53691411018372,2.32303476333618,2.38063383102417,2.40038728713989,2.35156154632568,2.10208320617676,6.64476537704468,20.1700496673584,30.8212776184082
-9999,-9999,-9999,-9999,-9999,-9999,-9999,-9999,-9999,-9999,-9999,-9999,-9999,-9999,-9999,-9999,-9999,-9999,-9999,-9999,-9999,-9999,-9999,-9999,-9999,-9999,-9999,-9999,-9999,-9999,-9999,-9999,-9999,-9999,-9999,-9999,-9999,-9999,-9999,-9999,-9999,-9999,-9999,-9999,-9999,-9999,-9999,-9999,-9999,-9999,-9999,-9999,-9999,-9999,-9999,-9999,-9999,-9999,-9999,-9999,-9999,-9999,-9999,-9999,-9999,-9999,-9999,-9999,-9999,-9999,-9999,-9999,-9999,-9999,-9999,-9999,-9999,-9999,-9999,-9999,-9999,-9999,-9999,-9999,-9999,-9999,-9999,-9999,-9999,-9999,-9999,-9999,-9999,-9999,-9999,-9999,-9999,-9999,-9999,-9999,-9999,-9999,-9999,-9999,-9999,-9999,32.2163429260254,32.1217155456543,32.6748657226563,33.2357406616211,30.3369789123535,26.064115524292,18.7143459320068,13.2955083847046,11.4818029403687,10.4870948791504,10.8125848770142,9.90914726257324,7.97721576690674,8.74222660064697,10.8862476348877,10.9594650268555,10.7057409286499,12.0528812408447,14.2130165100098,15.6448163986206,16.6027889251709,16.0678539276123,18.3719863891602,26.1929512023926,32.6673011779785
-9999,-9999,-9999,-9999,-9999,-9999,-9999,-9999,-9999,-9999,-9999,-9999,-9999,-9999,-9999,-9999,-9999,-9999,-9999,-9999,-9999,-9999,-9999,-9999,-9999,-9999,-9999,-9999,-9999,-9999,-9999,-9999,-9999,-9999,-9999,-9999,-9999,-9999,-9999,-9999,-9999,-9999,-9999,-9999,-9999,-9999,-9999,-9999,-9999,-9999,-9999,-9999,-9999,-9999,-9999,-9999,-9999,-9999,-9999,-9999,-9999,-9999,-9999,-9999,-9999,-9999,-9999,-9999,-9999,-9999,-9999,-9999,-9999,-9999,-9999,-9999,-9999,-9999,-9999,-9999,-9999,-9999,-9999,-9999,-9999,-9999,-9999,-9999,-9999,-9999,-9999,-9999,-9999,-9999,-9999,-9999,-9999,-9999,-9999,-9999,-9999,-9999,-9999,-9999,-9999,-9999,-9999,-9999,31.9161834716797,32.1713523864746,31.8842735290527,31.1774883270264,27.6102676391602,23.1749458312988,17.75075340271,14.7941007614136,15.3823690414429,15.4932842254639,14.4658737182617,17.6567363739014,22.5737419128418,22.8653182983398,22.00901222229,24.8000888824463,27.6482925415039,29.9230899810791,31.5826930999756,31.0077857971191,30.6015129089355,30.5749549865723,-9999
-9999,-9999,-9999,-9999,-9999,-9999,-9999,-9999,-9999,-9999,-9999,-9999,-9999,-9999,-9999,-9999,-9999,-9999,-9999,-9999,-9999,-9999,-9999,-9999,-9999,-9999,-9999,-9999,-9999,-9999,-9999,-9999,-9999,-9999,-9999,-9999,-9999,-9999,-9999,-9999,-9999,-9999,-9999,-9999,-9999,-9999,-9999,-9999,-9999,-9999,-9999,-9999,-9999,-9999,-9999,-9999,-9999,-9999,-9999,-9999,-9999,-9999,-9999,-9999,-9999,-9999,-9999,-9999,-9999,-9999,-9999,-9999,-9999,-9999,-9999,-9999,-9999,-9999,-9999,-9999,-9999,-9999,-9999,-9999,-9999,-9999,-9999,-9999,-9999,-9999,-9999,-9999,-9999,-9999,-9999,-9999,-9999,-9999,-9999,-9999,-9999,-9999,-9999,-9999,-9999,-9999,-9999,-9999,-9999,-9999,31.6509609222412,31.4479446411133,29.6249294281006,27.480827331543,24.5905666351318,22.8221302032471,22.9495239257813,22.7714710235596,22.3242855072021,23.9872875213623,26.5755596160889,26.7766647338867,26.3773155212402,27.8528728485107,29.4024810791016,30.6864967346191,31.6369476318359,31.2497749328613,-9999,-9999,-9999
-9999,-9999,-9999,-9999,-9999,-9999,-9999,-9999,-9999,-9999,-9999,-9999,-9999,-9999,-9999,-9999,-9999,-9999,-9999,-9999,-9999,-9999,-9999,-9999,-9999,-9999,-9999,-9999,-9999,-9999,-9999,-9999,-9999,-9999,-9999,-9999,-9999,-9999,-9999,-9999,-9999,-9999,-9999,-9999,-9999,-9999,-9999,-9999,-9999,-9999,-9999,-9999,-9999,-9999,-9999,-9999,-9999,-9999,-9999,-9999,-9999,-9999,-9999,-9999,-9999,-9999,-9999,-9999,-9999,-9999,-9999,-9999,-9999,-9999,-9999,-9999,-9999,-9999,-9999,-9999,-9999,-9999,-9999,-9999,-9999,-9999,-9999,-9999,-9999,-9999,-9999,-9999,-9999,-9999,-9999,-9999,-9999,-9999,-9999,-9999,-9999,-9999,-9999,-9999,-9999,-9999,-9999,-9999,-9999,-9999,-9999,-9999,-9999,-9999,-9999,-9999,-9999,-9999,-9999,-9999,-9999,-9999,-9999,-9999,-9999,-9999,-9999,-9999,-9999,-9999,-9999
-9999,-9999,-9999,-9999,-9999,-9999,-9999,-9999,-9999,-9999,-9999,-9999,-9999,-9999,-9999,-9999,-9999,-9999,-9999,-9999,-9999,-9999,-9999,-9999,-9999,-9999,-9999,-9999,-9999,-9999,-9999,-9999,-9999,-9999,-9999,-9999,-9999,-9999,-9999,-9999,-9999,-9999,-9999,-9999,-9999,-9999,-9999,-9999,-9999,-9999,-9999,-9999,-9999,-9999,-9999,-9999,-9999,-9999,-9999,-9999,-9999,-9999,-9999,-9999,-9999,-9999,-9999,-9999,-9999,-9999,-9999,-9999,-9999,-9999,-9999,-9999,-9999,-9999,-9999,-9999,-9999,-9999,-9999,-9999,-9999,-9999,-9999,-9999,-9999,-9999,-9999,-9999,-9999,-9999,-9999,-9999,-9999,-9999,-9999,-9999,-9999,-9999,-9999,-9999,-9999,-9999,-9999,-9999,-9999,-9999,-9999,-9999,-9999,-9999,-9999,-9999,-9999,-9999,-9999,-9999,-9999,-9999,-9999,-9999,-9999,-9999,-9999,-9999,-9999,-9999,-9999

Step,385
Year,32.08333
-9999,-9999,-9999,-9999,-9999,-9999,-9999,-9999,-9999,-9999,-9999,-9999,-9999,-9999,-9999,-9999,-9999,-9999,-9999,-9999,-9999,-9999,-9999,-9999,-9999,-9999,-9999,-9999,-9999,-9999,-9999,-9999,-9999,-9999,-9999,-9999,-9999,-9999,-9999,-9999,-9999,-9999,-9999,-9999,-9999,-9999,-9999,-9999,-9999,-9999,-9999,-9999,-9999,-9999,-9999,-9999,-9999,-9999,-9999,-9999,-9999,-9999,-9999,-9999,-9999,-9999,-9999,-9999,-9999,-9999,-9999,-9999,-9999,-9999,-9999,-9999,-9999,-9999,-9999,-9999,-9999,-9999,-9999,-9999,-9999,-9999,-9999,-9999,-9999,-9999,-9999,-9999,-9999,-9999,-9999,-9999,-9999,-9999,-9999,-9999,-9999,-9999,-9999,-9999,-9999,-9999,-9999,-9999,-9999,-9999,-9999,-9999,-9999,-9999,-9999,-9999,-9999,-9999,-9999,-9999,-9999,-9999,-9999,-9999,-9999,-9999,-9999,-9999,-9999,-9999,-9999
-9999,-9999,-9999,-9999,-9999,-9999,-9999,-9999,-9999,-9999,-9999,-9999,-9999,-9999,-9999,-9999,-9999,-9999,-9999,-9999,-9999,-9999,-9999,-9999,-9999,-9999,-9999,-9999,-9999,-9999,-9999,-9999,-9999,-9999,-9999,-9999,-9999,-9999,-9999,-9999,-9999,-9999,-9999,-9999,-9999,-9999,-9999,-9999,-9999,-9999,-9999,-9999,-9999,-9999,-9999,-9999,-9999,-9999,-9999,-9999,-9999,-9999,-9999,-9999,-9999,-9999,-9999,-9999,-9999,-9999,-9999,-9999,-9999,-9999,-9999,-9999,-9999,-9999,-9999,-9999,-9999,-9999,-9999,-9999,-9999,-9999,-9999,-9999,-9999,-9999,-9999,-9999,-9999,-9999,-9999,-9999,-9999,-9999,-9999,-9999,-9999,-9999,-9999,-9999,-9999,-9999,-9999,-9999,-9999,-9999,-9999,-9999,-9999,-9999,-9999,-9999,-9999,-9999,-9999,-9999,-9999,-9999,-9999,-9999,-9999,-9999,-9999,-9999,-9999,-9999,-9999
-9999,-9999,-9999,-9999,-9999,-9999,-9999,-9999,-9999,-9999,-9999,-9999,-9999,-9999,-9999,-9999,-9999,-9999,-9999,-9999,-9999,-9999,-9999,-9999,-9999,-9999,-9999,-9999,-9999,-9999,-9999,-9999,-9999,-9999,-9999,-9999,-9999,-9999,-9999,-9999,-9999,-9999,-9999,-9999,-9999,-9999,-9999,-9999,-9999,-9999,-9999,-9999,-9999,-9999,-9999,-9999,-9999,-9999,-9999,-9999,-9999,-9999,-9999,-9999,-9999,-9999,-9999,-9999,-9999,-9999,-9999,-9999,-9999,-9999,37.4621925354004,37.5956230163574,-9999,-9999,-9999,-9999,-9999,-9999,-9999,-9999,-9999,-9999,-9999,-9999,-9999,-9999,-9999,-9999,-9999,-9999,-9999,-9999,-9999,-9999,-9999,-9999,-9999,-9999,-9999,-9999,-9999,-9999,-9999,-9999,-9999,-9999,-9999,-9999,-9999,-9999,-9999,-9999,-9999,-9999,-9999,-9999,-9999,-9999,-9999,-9999,-9999,-9999,-9999,-9999,-9999,-9999,-9999
-9999,-9999,-9999,-9999,-9999,-9999,-9999,-9999,-9999,-9999,-9999,-9999,-9999,-9999,-9999,-9999,-9999,-9999,-9999,-9999,-9999,-9999,-9999,-9999,-9999,-9999,-9999,-9999,-9999,-9999,-9999,-9999,-9999,-9999,-9999,-9999,-9999,-9999,-9999,-9999,-9999,-9999,-9999,-9999,-9999,-9999,-9999,-9999,-9999,-9999,-9999,-9999,-9999,-9999,-9999,-9999,-9999,-9999,-9999,-9999,-9999,-9999,-9999,-9999,-9999,-9999,-9999,-9999,-9999,-9999,-9999,-9999,-9999,-9999,38.1805610656738,37.5540809631348,-9999,-9999,-9999,-9999,-9999,-9999,-9999,-9999,-9999,-9999,-9999,-9999,-9999,-9999,-9999,-9999,-9999,-9999,-9999,-9999,-9999,-9999,-9999,-9999,-9999,-9999,-9999,-9999,-9999,-9999,-9999,-9999,-9999,-9999,-9999,-9999,-9999,-9999,-9999,-9999,-9999,-9999,-9999,-9999,-9999,-9999,-9999,-9999,-9999,-9999,-9999,-9999,-9999,-9999,-9999
-9999,-9999,-9999,-9999,-9999,-9999,-9999,-9999,-9999,-9999,-9999,-9999,-9999,-9999,-9999,-9999,-9999,-9999,-9999,-9999,-9999,-9999,-9999,-9999,-9999,-9999,-9999,-9999,-9999,-9999,-9999,-9999,-9999,-9999,-9999,-9999,-9999,-9999,-9999,-9999,-9999,-9999,-9999,-9999,-9999,-9999,-9999,-9999,-9999,-9999,-9999,-9999,-9999,-9999,-9999,-9999,6.173268276774E-13,1.08978328583476E-08,1.0814158457606E-08,1.07991260378526E-08,-9999,-9999,-9999,-9999,-9999,38.666088104248,38.4832305908203,39.4220352172852,40.0414619445801,37.4688873291016,36.0734329223633,32.6746711730957,32.476375579834,31.9429607391357,35.5773963928223,34.4776191711426,32.9652786254883,-9999,-9999,25.2303352355957,23.8782825469971,22.9724388122559,23.6481590270996,30.3446254730225,33.4975547790527,35.5217056274414,35.4659194946289,33.0742073059082,25.0507221221924,-9999,-9999,-9999,-9999,-9999,-9999,-9999,-9999,-9999,-9999,-9999,-9999,-9999,-9999,-9999,-9999,-9999,-9999,-9999,-9999,-9999,-9999,-9999,-9999,-9999,-9999,-9999,-9999,-9999,-9999,-9999,-9999,-9999,-9999,-9999,-9999,-9999,-9999,-9999,-9999,-9999,-9999
-9999,-9999,-9999,-9999,-9999,-9999,-9999,-9999,-9999,-9999,-9999,-9999,-9999,-9999,-9999,-9999,-9999,-9999,-9999,-9999,-9999,-9999,-9999,-9999,-9999,-9999,-9999,-9999,-9999,-9999,-9999,-9999,-9999,-9999,-9999,-9999,-9999,-9999,-9999,-9999,-9999,-9999,-9999,-9999,-9999,-9999,-9999,-9999,-9999,-9999,-9999,-9999,-9999,-9999,-9999,7.12979263302327E-13,2.48404514735512E-08,0.000671539746690542,0.000667805841658264,0.00066712818806991,0.00136884022504091,44.7410278320313,-9999,44.1270980834961,42.2135543823242,42.059642791748,41.0542144775391,40.6266632080078,39.97412109375,39.311092376709,36.0933074951172,35.3313941955566,35.9689826965332,34.9944839477539,34.6138763427734,35.0751075744629,33.7877960205078,33.383716583252,32.1949844360352,29.6651096343994,26.4070453643799,23.644437789917,26.6810550689697,29.8013610839844,34.1309051513672,36.4849243164063,36.303279876709,34.017333984375,28.5643501281738,22.5404624938965,15.9528436660767,-9999,-9999,-9999,-9999,-9999,-9999,-9999,-9999,-9999,-9999,-9999,-9999,-9999,-9999,-9999,-9999,-9999,-9999,-9999,-9999,-9999,-9999,-9999,-9999,-9999,-9999,-9999,-9999,-9999,-9999,-9999,-9999,-9999,-9999,-9999,-9999,-9999,-9999,-9999,-9999
-9999,-9999,-9999,-9999,-9999,-9999,-9999,-9999,-9999,-9999,-9999,-9999,-9999,-9999,-9999,-9999,-9999,-9999,-9999,-9999,-9999,-9999,-9999,-9999,-9999,-9999,-9999,-9999,-9999,-9999,-9999,-9999,-9999,-9999,-9999,-9999,-9999,-9999,-9999,-9999,-9999,-9999,-9999,-9999,-9999,-9999,-9999,-9999,-9999,-9999,-9999,-9999,-9999,-9999,-9999,1.44790810452378E-08,0.000772267114371061,45.8856163024902,45.8292274475098,45.8817825317383,46.037841796875,45.4005165100098,44.630615234375,44.5996589660645,42.7200698852539,42.1008377075195,40.6694564819336,40.3583145141602,39.7015266418457,38.5561408996582,37.5270919799805,37.051586151123,36.7973937988281,36.6000061035156,36.0812454223633,35.6745109558105,34.8019943237305,33.7620887756348,31.8931102752686,29.611608505249,26.7853317260742,24.0881042480469,27.2782688140869,31.946008682251,35.8527717590332,37.7668952941895,37.4690322875977,34.8194961547852,29.0800495147705,22.8568744659424,15.8509798049927,13.9197616577148,18.0872116088867,-9999,-9999,-9999,-9999,-9999,-9999,-9999,-9999,-9999,29.8009433746338,30.6086864471436,32.195484161377,-9999,-9999,-9999,-9999,-9999,-9999,-9999,-9999,-9999,-9999,-9999,-9999,-9999,-9999,-9999,-9999,-9999,-9999,-9999,-9999,-9999,-9999,-9999,-9999,-9999,-9999
-9999,-9999,-9999,-9999,-9999,-9999,-9999,-9999,-9999,-9999,-9999,-9999,-9999,-9999,-9999,-9999,-9999,-9999,-9999,-9999,-9999,-9999,-9999,-9999,-9999,-9999,-9999,-9999,-9999,-9999,-9999,39.3390464782715,-9999,-9999,-9999,40.3159408569336,-9999,-9999,-9999,-9999,-9999,-9999,-9999,-9999,-9999,-9999,-9999,-9999,-9999,-9999,-9999,-9999,-9999,-9999,-9999,-9999,-9999,45.4544105529785,45.6810760498047,45.782356262207,-9999,46.175594329834,45.5896987915039,44.6681442260742,43.279296875,42.3017578125,41.8534965515137,40.7897453308105,40.0779876708984,37.6089248657227,36.7324638366699,37.8618278503418,38.0800552368164,37.6409683227539,37.0582885742188,36.5505065917969,35.8686141967773,34.9025535583496,34.585018157959,34.7662734985352,32.5766220092773,31.4863243103027,34.7408866882324,36.7845230102539,39.5530662536621,40.7788619995117,39.7847366333008,37.4726676940918,32.8691329956055,29.3875064849854,27.2723693847656,22.6068553924561,16.853494644165,20.1288471221924,-9999,-9999,-9999,-9999,-9999,-9999,-9999,-9999,33.9117469787598,35.9883689880371,36.0115394592285,34.0091819763184,33.5291900634766,-9999,-9999,-9999,-9999,-9999,-9999,-9999,-9999,-9999,-9999,-9999,-9999,-9999,-9999,-9999,-9999,-9999,-9999,-9999,-9999,-9999,-9999,-9999,-9999
-9999,-9999,-9999,-9999,-9999,-9999,-9999,-9999,-9999,-9999,-9999,-9999,-9999,-9999,-9999,-9999,-9999,-9999,-9999,-9999,-9999,-9999,-9999,-9999,-9999,-9999,-9999,-9999,-9999,-9999,38.7755012512207,38.3962097167969,-9999,-9999,39.7545852661133,40.201717376709,-9999,-9999,35.8080863952637,38.1677360534668,-9999,-9999,-9999,-9999,-9999,41.381721496582,-9999,-9999,-9999,-9999,-9999,-9999,-9999,-9999,-9999,-9999,-9999,-9999,-9999,-9999,-9999,46.0392913818359,46.599063873291,44.786434173584,43.4033737182617,42.4711570739746,40.9313659667969,39.6786155700684,38.6856689453125,36.5305252075195,35.5066719055176,38.5474967956543,40.2468490600586,39.4747161865234,38.6641502380371,38.0483551025391,37.1633605957031,36.1714859008789,37.7027702331543,39.2807655334473,39.7295684814453,38.8398818969727,39.7617950439453,40.7272872924805,41.8610305786133,42.3196983337402,41.4421424865723,39.704517364502,36.4678993225098,35.6603660583496,36.7665138244629,30.0597286224365,18.1117649078369,19.9808368682861,24.3436222076416,-9999,-9999,-9999,-9999,-9999,34.8499984741211,35.0572509765625,35.2257270812988,36.1420021057129,36.7383422851563,37.4477386474609,35.5218925476074,32.7138595581055,-9999,-9999,-9999,-9999,-9999,-9999,-9999,-9999,-9999,-9999,-9999,-9999,-9999,-9999,-9999,-9999,-9999,-9999,-9999,-9999,-9999,-9999,-9999
-9999,-9999,-9999,-9999,-9999,-9999,-9999,-9999,-9999,-9999,-9999,-9999,-9999,-9999,-9999,-9999,-9999,-9999,-9999,-9999,-9999,-9999,-9999,38.0269088745117,38.8057060241699,-9999,-9999,-9999,-9999,38.6140937805176,38.5703010559082,38.3308601379395,38.7809219360352,39.2539596557617,39.8976707458496,39.7128753662109,36.9374618530273,35.8662071228027,36.286003112793,-9999,38.5039291381836,40.6346702575684,-9999,-9999,40.9812927246094,41.4523506164551,41.690128326416,42.8875579833984,-9999,-9999,-9999,-9999,-9999,-9999,-9999,-9999,-9999,41.6575736999512,43.5589752197266,-9999,-9999,-9999,44.915283203125,44.7625617980957,44.328296661377,42.4989395141602,41.9408378601074,40.936897277832,39.5019874572754,35.8538818359375,34.4188270568848,37.7810325622559,39.9063835144043,40.2062721252441,40.0196113586426,39.3701248168945,39.2170639038086,37.5726852416992,38.0040588378906,39.4557571411133,39.9065704345703,39.9361801147461,40.9709739685059,41.8310470581055,42.2458076477051,42.3869438171387,42.0278930664063,40.9374694824219,38.3476982116699,36.6836967468262,35.8551750183105,31.1562347412109,24.0296993255615,23.4812355041504,24.1761207580566,21.3152675628662,20.8432464599609,22.2768135070801,22.8040084838867,24.8345775604248,29.7440299987793,34.9525260925293,34.9498138427734,35.400951385498,36.2792167663574,37.5749816894531,37.7040328979492,34.9226875305176,33.5793838500977,34.1264190673828,-9999,-9999,-9999,-9999,-9999,-9999,-9999,-9999,-9999,-9999,-9999,-9999,-9999,-9999,-9999,-9999,-9999,-9999,-9999,-9999,-9999
-9999,-9999,-9999,-9999,-9999,-9999,-9999,-9999,-9999,-9999,-9999,-9999,-9999,-9999,-9999,-9999,-9999,-9999,-9999,-9999,-9999,-9999,38.3995361328125,38.3513603210449,38.6584510803223,40.1420555114746,40.150749206543,37.4475517272949,37.6016845703125,37.5245246887207,38.453498840332,37.5068893432617,37.254264831543,38.8364677429199,38.4836654663086,37.3029823303223,35.419319152832,35.5077095031738,35.807315826416,35.9398422241211,37.6322174072266,39.7212448120117,40.8756790161133,40.8784942626953,41.2338409423828,41.3013725280762,42.509033203125,42.9971656799316,43.2571487426758,-9999,-9999,-9999,-9999,-9999,-9999,-9999,-9999,39.5764999389648,40.820384979248,42.5176391601563,-9999,-9999,43.9605560302734,45.0164527893066,45.129524230957,44.2301063537598,42.6321487426758,40.5754547119141,38.1498641967773,34.858757019043,33.7041244506836,37.3955535888672,39.2936325073242,40.7468681335449,40.9990386962891,40.455867767334,39.9140014648438,39.2673797607422,39.3294219970703,38.6809883117676,39.879566192627,41.0249557495117,42.0070304870605,42.7041206359863,42.5629501342773,42.4687919616699,42.4652252197266,41.838737487793,40.3633804321289,37.932689666748,34.7420768737793,31.8380546569824,28.4025573730469,25.9513778686523,23.4810695648193,22.2915382385254,21.9077453613281,24.010871887207,24.257905960083,23.6927909851074,26.0277709960938,32.3398323059082,35.310302734375,35.8160133361816,36.4489402770996,36.9949569702148,37.7856330871582,39.1884536743164,37.0307083129883,34.9702568054199,-9999,-9999,-9999,-9999,-9999,-9999,-9999,-9999,-9999,-9999,-9999,-9999,-9999,-9999,-9999,-9999,-9999,-9999,-9999,-9999,-9999
-9999,-9999,-9999,-9999,-9999,-9999,-9999,-9999,-9999,-9999,-9999,-9999,-9999,-9999,-9999,-9999,-9999,-9999,-9999,-9999,-9999,-9999,39.2340278625488,37.6341667175293,37.5709571838379,39.0087585449219,41.39501953125,41.1983604431152,36.7944679260254,36.764965057373,37.6283531188965,37.703540802002,37.2276039123535,36.9213752746582,37.1702690124512,36.438591003418,35.1397972106934,34.8558921813965,35.0368957519531,35.3517951965332,36.6201019287109,38.5644035339355,40.3616027832031,40.5023193359375,40.6679039001465,41.3649559020996,41.5960464477539,42.8621826171875,43.0089073181152,43.1305160522461,43.0205268859863,-9999,-9999,-9999,-9999,-9999,-9999,-9999,39.3712425231934,40.9751052856445,42.8153686523438,42.7011108398438,43.6298866271973,44.4687194824219,45.6783294677734,43.9276695251465,41.9798278808594,38.4337577819824,35.0218353271484,33.1815376281738,34.5875396728516,38.5086669921875,40.7355728149414,41.764232635498,42.1377601623535,42.1743240356445,41.8761100769043,41.4605026245117,40.9043807983398,40.0779304504395,41.0846824645996,42.0426368713379,42.3677864074707,42.612922668457,42.5836906433105,42.5701484680176,42.5772590637207,42.0179748535156,40.8030319213867,38.1339340209961,33.5594482421875,31.651439666748,31.0913276672363,25.6326103210449,19.3732414245605,20.3930263519287,21.3006286621094,23.0588569641113,24.3400611877441,23.8218841552734,26.3884544372559,33.1330184936523,36.6652984619141,38.4754066467285,38.0060195922852,35.949779510498,36.4236068725586,38.4630851745605,38.3391075134277,36.1932945251465,38.4730529785156,-9999,-9999,-9999,-9999,-9999,-9999,-9999,-9999,-9999,-9999,-9999,-9999,-9999,-9999,-9999,-9999,-9999,-9999,-9999,-9999
-9999,-9999,-9999,-9999,-9999,-9999,-9999,-9999,-9999,-9999,-9999,-9999,-9999,-9999,-9999,-9999,-9999,-9999,-9999,-9999,-9999,-9999,38.9619369506836,38.806770324707,36.6107711791992,35.8910064697266,42.3584785461426,44.1126289367676,40.260570526123,38.6705017089844,38.5784606933594,38.3125190734863,38.064208984375,37.8211631774902,37.1942329406738,36.6131172180176,36.1664009094238,35.9126167297363,35.7262954711914,36.356575012207,37.1040306091309,38.2906608581543,39.2655982971191,39.696174621582,40.0395431518555,40.1497917175293,40.3253211975098,40.2843055725098,41.5239677429199,43.089672088623,43.070930480957,-9999,-9999,-9999,-9999,39.8694725036621,39.5097961425781,39.3099174499512,39.0484008789063,40.0714111328125,40.948917388916,42.4647598266602,42.9034423828125,44.1615829467773,44.5104904174805,42.6349449157715,41.013744354248,36.4043769836426,33.8728790283203,35.3691673278809,36.6488456726074,40.0974731445313,42.1535224914551,43.1620674133301,43.5226249694824,43.3480949401855,42.9210968017578,42.4052314758301,41.8359069824219,41.2394485473633,41.9714241027832,42.6532096862793,42.5701484680176,42.5164604187012,42.5671615600586,42.5963973999023,42.5862617492676,42.1432914733887,41.2030487060547,38.7023658752441,34.6687316894531,34.1732864379883,35.3150787353516,29.2723789215088,21.0066604614258,21.9858379364014,23.2210540771484,24.7145175933838,25.9318523406982,25.7676849365234,27.9428386688232,33.9909973144531,37.9133911132813,40.5144805908203,39.4215126037598,36.1398811340332,37.1607627868652,39.3336067199707,40.0650177001953,39.4693946838379,38.9737930297852,40.5422554016113,-9999,-9999,-9999,-9999,-9999,-9999,-9999,-9999,-9999,-9999,-9999,-9999,-9999,-9999,-9999,-9999,-9999,-9999,-9999
-9999,-9999,-9999,-9999,-9999,-9999,-9999,-9999,-9999,-9999,-9999,-9999,-9999,-9999,-9999,-9999,-9999,-9999,-9999,-9999,-9999,37.5491714477539,39.0737495422363,38.3432159423828,35.4992523193359,35.6183280944824,41.8950347900391,44.5153999328613,43.0332298278809,42.12158203125,41.7993011474609,41.3744239807129,41.203125,41.0397109985352,40.6428337097168,40.2628936767578,39.7563400268555,39.4334030151367,39.2649917602539,39.4584808349609,39.1910057067871,37.3735046386719,36.9109382629395,38.2862358093262,38.828426361084,39.2377090454102,39.3735389709473,39.4455070495605,39.4185028076172,39.910774230957,40.1623725891113,40.1779136657715,40.5364685058594,40.3602714538574,39.9717864990234,39.672061920166,39.4442481994629,39.1443748474121,39.053295135498,39.0083808898926,38.1697578430176,38.5001640319824,40.124870300293,42.832649230957,44.3649253845215,42.6880035400391,40.0384750366211,35.3132972717285,35.5793609619141,39.5730895996094,42.2478790283203,43.2076110839844,43.6982498168945,43.7090454101563,43.5657348632813,43.320484161377,43.0312080383301,42.7097778320313,42.4139518737793,42.1200256347656,42.2387924194336,42.3605079650879,42.386043548584,42.4131813049316,42.4475479125977,42.4307174682617,42.319465637207,42.0966911315918,41.751220703125,40.9195327758789,39.7371788024902,39.7425880432129,40.1313552856445,37.7178115844727,33.9160118103027,31.3111629486084,28.7555541992188,30.0870456695557,30.9929599761963,30.9620456695557,31.945125579834,35.2961196899414,38.466926574707,41.3135757446289,41.0982246398926,39.0262222290039,41.019660949707,43.7148704528809,42.2385559082031,40.2949600219727,40.5806159973145,40.0356521606445,38.6378288269043,37.2100448608398,-9999,-9999,-9999,-9999,-9999,-9999,-9999,-9999,-9999,-9999,-9999,-9999,-9999,-9999,-9999,-9999,-9999
-9999,-9999,-9999,-9999,-9999,-9999,-9999,-9999,-9999,-9999,-9999,-9999,-9999,-9999,-9999,-9999,-9999,-9999,-9999,-9999,-9999,35.9175300598145,35.4671325683594,36.6927108764648,36.1163291931152,36.9452857971191,41.5179138183594,43.8048820495605,43.4912147521973,43.145206451416,42.6097526550293,42.2308044433594,42.1622924804688,41.9455642700195,41.5612831115723,41.2378234863281,40.7583541870117,40.5001258850098,40.3065872192383,40.3102340698242,39.8342781066895,38.0210075378418,37.151237487793,37.6469688415527,38.1409111022949,38.700065612793,39.2370071411133,39.7520980834961,39.4471054077148,39.1230583190918,39.1343383789063,39.6978988647461,39.5121879577637,39.6674156188965,39.4680137634277,38.969181060791,38.4595909118652,38.0056457519531,37.658317565918,36.6942329406738,36.5366554260254,37.7713737487793,38.9414863586426,39.535327911377,42.6810302734375,42.3322830200195,41.1922454833984,36.0015335083008,38.0005378723145,42.1936111450195,44.5812187194824,44.3818778991699,44.108455657959,43.7420425415039,-9999,-9999,-9999,-9999,-9999,-9999,-9999,42.0745010375977,42.1328926086426,42.1894226074219,42.2380180358887,42.2121238708496,42.0459213256836,41.9268951416016,41.8591766357422,41.8317375183105,41.830924987793,41.7953567504883,41.7572860717773,41.1996269226074,39.6657447814941,35.9500961303711,32.2182426452637,33.5181083679199,33.5058517456055,32.14404296875,32.0476570129395,34.0569534301758,36.6183662414551,40.022819519043,40.7907943725586,40.4601783752441,42.4820785522461,44.8434906005859,42.3418388366699,39.1658554077148,39.823127746582,39.4795684814453,38.6682281494141,36.7397155761719,36.7952880859375,-9999,-9999,-9999,-9999,-9999,-9999,-9999,-9999,-9999,-9999,-9999,-9999,-9999,-9999,-9999,-9999
-9999,-9999,-9999,-9999,-9999,-9999,-9999,-9999,-9999,-9999,-9999,-9999,-9999,-9999,-9999,-9999,-9999,-9999,-9999,33.8406829833984,34.5863723754883,34.0214157104492,33.462947845459,33.2276763916016,37.1239624023438,39.8620071411133,40.6893081665039,41.057731628418,40.7061004638672,40.3024368286133,40.0067520141602,39.9120597839355,39.8517074584961,39.5349617004395,39.222541809082,38.9365196228027,38.5907287597656,38.2990264892578,38.1279411315918,38.1751518249512,38.8315162658691,40.9938011169434,41.4145851135254,39.303581237793,38.550479888916,39.1246223449707,40.0290298461914,40.9847755432129,39.7354545593262,37.8314399719238,38.1655044555664,38.3069686889648,38.1553382873535,38.0576210021973,37.7920608520508,37.2397193908691,35.8772850036621,34.7728462219238,34.4104156494141,35.3934173583984,37.4743919372559,40.1289901733398,42.0608825683594,41.7267990112305,41.0587501525879,39.422721862793,40.7866363525391,42.0431976318359,42.1797218322754,43.3450393676758,44.0283088684082,-9999,-9999,-9999,-9999,-9999,-9999,-9999,-9999,-9999,-9999,-9999,-9999,41.7903594970703,41.8976860046387,41.9153022766113,41.7638626098633,41.5775756835938,41.3525848388672,41.0898208618164,40.8005294799805,40.7122039794922,40.6998023986816,40.7678604125977,40.8409118652344,37.3403549194336,33.8592567443848,34.5474472045898,33.9360618591309,29.1392555236816,26.1056957244873,27.9577350616455,30.1993980407715,33.700626373291,37.2310523986816,40.3668632507324,41.4913330078125,42.2840919494629,39.7957038879395,36.6206207275391,38.5740585327148,40.6357116699219,40.0601806640625,34.7014846801758,36.2027702331543,-9999,-9999,-9999,-9999,-9999,-9999,-9999,-9999,-9999,-9999,-9999,-9999,-9999,-9999,-9999,-9999
-9999,-9999,-9999,-9999,-9999,-9999,-9999,-9999,-9999,-9999,-9999,-9999,-9999,-9999,-9999,-9999,-9999,-9999,31.7795543670654,32.9620018005371,33.0863838195801,35.0602874755859,33.6433143615723,32.739315032959,36.8123512268066,39.5845947265625,40.425708770752,40.7644538879395,40.2741012573242,39.868293762207,39.6642379760742,39.5685653686523,39.5733757019043,39.3516006469727,38.9263076782227,38.8654098510742,38.5738563537598,38.4071273803711,38.2473182678223,38.1833839416504,39.0615882873535,42.0915069580078,42.7841339111328,40.4937591552734,39.2587394714355,39.8999786376953,40.5529403686523,41.442195892334,39.7882232666016,37.1660690307617,36.4306755065918,36.0674591064453,35.8093032836914,35.7616577148438,36.7015724182129,37.0151290893555,35.5215835571289,34.4093704223633,34.0906982421875,36.2227668762207,39.2271919250488,41.5343170166016,42.9971656799316,43.2310676574707,43.1281852722168,42.8846130371094,42.5012588500977,43.1321678161621,-9999,-9999,-9999,-9999,-9999,-9999,-9999,-9999,-9999,-9999,-9999,-9999,-9999,-9999,-9999,-9999,-9999,41.5905151367188,41.471363067627,41.2752227783203,40.9940567016602,40.6247482299805,40.193244934082,40.0334129333496,39.9729118347168,40.2704811096191,40.6312942504883,38.2712631225586,35.8726844787598,35.0666160583496,33.4217376708984,28.5733299255371,24.7837333679199,23.7788543701172,24.8661270141602,27.8918628692627,32.6112785339355,37.7846946716309,38.6301574707031,38.9394378662109,38.346851348877,37.6590309143066,38.5788917541504,39.584415435791,38.8660278320313,36.1968765258789,34.5434150695801,-9999,-9999,-9999,-9999,-9999,-9999,-9999,-9999,-9999,-9999,-9999,-9999,-9999,-9999,-9999,-9999
-9999,-9999,-9999,-9999,-9999,-9999,-9999,-9999,-9999,-9999,-9999,-9999,33.4603805541992,32.0047416687012,-9999,31.5729446411133,33.0575485229492,34.6062812805176,33.9579734802246,31.3090953826904,34.1847686767578,36.9035186767578,35.9732513427734,35.202262878418,35.6996994018555,37.1354751586914,40.526496887207,42.4547462463379,42.1727142333984,41.8040084838867,41.8502578735352,41.6240272521973,41.7725944519043,41.5426940917969,41.1791763305664,41.2173500061035,41.1332626342773,40.7320175170898,40.7656059265137,40.5440483093262,40.2792205810547,40.774528503418,41.1232299804688,40.9646873474121,40.6862335205078,40.8143615722656,41.2338218688965,41.4220809936523,39.8380279541016,37.1713333129883,34.8383178710938,32.2813606262207,32.0488128662109,32.4721908569336,35.7364349365234,37.5045547485352,36.4540328979492,35.7500686645508,36.4205284118652,38.7267417907715,41.4206886291504,42.6432723999023,43.2677612304688,43.3769836425781,43.3619117736816,43.1792221069336,43.0127563476563,-9999,-9999,-9999,-9999,-9999,-9999,-9999,-9999,-9999,-9999,-9999,-9999,-9999,-9999,-9999,-9999,-9999,-9999,-9999,41.168514251709,41.0130882263184,40.7650451660156,40.405158996582,39.9666023254395,39.721851348877,39.5478096008301,39.7206497192383,39.9463653564453,39.0666236877441,37.9824867248535,35.3138656616211,32.4222640991211,30.8146286010742,27.8844909667969,22.6522331237793,20.8167495727539,22.8446979522705,27.4082660675049,32.0574760437012,33.6095924377441,34.6321640014648,38.1724891662598,41.3293571472168,39.5539588928223,38.4530792236328,39.4605751037598,36.1304244995117,34.6753158569336,-9999,-9999,-9999,-9999,-9999,-9999,-9999,-9999,-9999,-9999,-9999,-9999,-9999,-9999,-9999,-9999
-9999,-9999,-9999,-9999,-9999,-9999,-9999,-9999,-9999,-9999,31.0393505096436,32.8256416320801,34.3512725830078,31.9564781188965,31.6759719848633,29.5915908813477,31.6454162597656,36.0477180480957,35.5291900634766,33.096752166748,35.6860961914063,38.8456916809082,38.5270690917969,37.7407836914063,37.3226203918457,37.7681274414063,40.5667915344238,42.1018447875977,41.545051574707,42.0122756958008,42.9698715209961,43.2627601623535,43.1273956298828,43.111457824707,42.7641983032227,42.567138671875,42.5477676391602,42.3869743347168,42.1069793701172,42.105110168457,41.7962074279785,41.3423347473145,41.3434371948242,41.3625869750977,41.4566650390625,41.5781860351563,41.9762229919434,42.2773742675781,41.171875,39.503604888916,36.560962677002,33.7833404541016,33.5100059509277,33.7014770507813,36.1943664550781,37.8633995056152,37.6205596923828,37.806282043457,38.2214469909668,39.8574562072754,41.8225936889648,42.5934104919434,42.9105072021484,42.9523582458496,42.9351501464844,42.8464851379395,-9999,-9999,-9999,-9999,-9999,-9999,-9999,-9999,-9999,-9999,-9999,-9999,-9999,-9999,-9999,-9999,-9999,-9999,-9999,-9999,-9999,40.7086639404297,40.4586486816406,40.119499206543,39.7188529968262,39.471923828125,39.2793769836426,39.3459854125977,39.4563369750977,39.3071365356445,38.8942604064941,36.4088325500488,33.5795669555664,31.9432964324951,29.3642482757568,25.2062892913818,21.7139530181885,20.9913959503174,23.3625621795654,27.2608413696289,30.6175136566162,33.1835136413574,36.9392509460449,40.2298927307129,38.1337814331055,36.4184989929199,37.727237701416,35.1856803894043,33.326343536377,-9999,-9999,-9999,-9999,-9999,-9999,-9999,-9999,-9999,-9999,-9999,-9999,-9999,-9999,-9999,-9999
-9999,-9999,-9999,-9999,-9999,-9999,-9999,-9999,27.7087631225586,28.7715797424316,29.084831237793,29.0640029907227,30.0996112823486,32.2230911254883,31.4779987335205,29.6097393035889,31.8849315643311,36.2234687805176,36.1690673828125,34.9193840026855,37.941780090332,40.2830123901367,40.2123527526855,39.4749755859375,39.6506500244141,39.2433013916016,39.3353958129883,39.2881393432617,39.0684852600098,40.2888984680176,43.18359375,44.1943473815918,44.2513084411621,44.142879486084,44.1142768859863,43.8974227905273,43.68017578125,43.4177055358887,43.3584594726563,43.0539398193359,42.8670082092285,42.6617279052734,42.4796905517578,42.4565811157227,42.3758201599121,42.373836517334,42.4173965454102,42.4557991027832,42.5085220336914,42.5141677856445,40.5117492675781,38.0284004211426,37.9829483032227,38.1310195922852,38.4523506164551,38.492805480957,38.1534233093262,38.6739234924316,40.2126770019531,41.3806419372559,41.9272994995117,42.1889724731445,-9999,-9999,-9999,-9999,-9999,-9999,-9999,-9999,-9999,-9999,-9999,-9999,-9999,-9999,-9999,-9999,-9999,-9999,-9999,-9999,-9999,-9999,-9999,-9999,-9999,-9999,40.1103096008301,39.7984848022461,39.459114074707,39.2522621154785,39.0933456420898,39.0663146972656,39.0604705810547,39.2825546264648,39.3058319091797,37.8385047912598,35.8246154785156,32.6020584106445,30.140172958374,29.0280418395996,25.807258605957,20.0793285369873,19.853271484375,22.5870265960693,28.3071250915527,33.641056060791,35.3099136352539,36.6116027832031,35.1946792602539,34.1541404724121,36.5742988586426,34.5552825927734,33.4215545654297,-9999,-9999,-9999,-9999,-9999,-9999,-9999,-9999,-9999,-9999,-9999,-9999,-9999,-9999,-9999,-9999
-9999,-9999,-9999,-9999,-9999,-9999,-9999,-9999,26.3394794464111,27.7012538909912,28.7161960601807,28.3518257141113,28.5546951293945,29.015941619873,29.6260604858398,30.5698509216309,33.6073188781738,37.6741065979004,37.9980697631836,36.5108070373535,37.890323638916,39.4441223144531,40.3627052307129,41.0706367492676,40.7706451416016,40.5311965942383,40.189323425293,39.8334465026855,39.5767593383789,40.2953414916992,42.1246795654297,42.6670761108398,42.5007095336914,42.3781814575195,42.1889877319336,42.015251159668,41.8993148803711,41.7039985656738,41.5293579101563,41.3021240234375,41.179817199707,41.0007629394531,41.2340087890625,41.9847373962402,42.2602424621582,42.2118148803711,42.1178817749023,41.9849395751953,42.0963897705078,42.2483711242676,41.178840637207,39.9968605041504,40.2517395019531,40.3841857910156,40.2580833435059,40.0488662719727,39.7571983337402,40.1034393310547,40.9809761047363,41.5337448120117,41.838451385498,41.9586067199707,-9999,-9999,-9999,-9999,-9999,-9999,-9999,-9999,-9999,-9999,-9999,-9999,-9999,-9999,-9999,-9999,-9999,-9999,-9999,-9999,-9999,-9999,-9999,-9999,-9999,-9999,-9999,-9999,39.0654487609863,38.8997230529785,38.7769241333008,38.7243766784668,38.6801872253418,38.8949966430664,38.9712371826172,38.0293083190918,36.7903060913086,34.455810546875,32.3741798400879,30.4797229766846,27.8286724090576,23.7276477813721,21.4386234283447,20.4475116729736,24.8803024291992,29.9604988098145,31.2580909729004,32.2279205322266,31.618501663208,31.464542388916,34.5873680114746,31.1884651184082,30.5663185119629,-9999,-9999,-9999,-9999,-9999,-9999,-9999,-9999,-9999,-9999,-9999,-9999,-9999,-9999,-9999,-9999
-9999,-9999,-9999,-9999,-9999,-9999,20.6316070556641,26.0520515441895,26.2918033599854,26.1861476898193,27.4954299926758,28.4413585662842,27.9697399139404,26.3607788085938,27.3425102233887,31.8228454589844,35.8421821594238,39.3706283569336,39.4852180480957,38.5176315307617,37.7427597045898,37.2417984008789,39.9389610290527,42.0621719360352,42.0496444702148,41.9374084472656,41.6283416748047,41.2717819213867,40.8935623168945,40.6504898071289,40.3690414428711,40.0839500427246,39.7493896484375,39.5029563903809,39.3152008056641,39.1284446716309,38.9417610168457,38.8986473083496,38.8447113037109,38.7415351867676,38.6419296264648,38.5099220275879,39.2352447509766,41.1469268798828,41.9587936401367,41.8502883911133,41.5954399108887,41.2451438903809,41.0228614807129,40.8135795593262,40.9284591674805,41.0667114257813,41.2735023498535,41.4749565124512,41.4662742614746,41.3967018127441,41.1232299804688,40.9740447998047,40.9935569763184,41.2531204223633,41.7007598876953,-9999,-9999,-9999,-9999,-9999,-9999,-9999,-9999,-9999,-9999,-9999,-9999,-9999,-9999,-9999,-9999,-9999,-9999,-9999,-9999,-9999,-9999,-9999,-9999,-9999,-9999,-9999,-9999,-9999,-9999,-9999,-9999,38.3607978820801,38.3000144958496,38.4094314575195,38.4426002502441,37.930046081543,37.3721237182617,36.5624923706055,34.8154830932617,31.2642765045166,28.9638519287109,28.2880706787109,24.6583881378174,18.5518760681152,20.315258026123,24.3042259216309,25.8367538452148,27.0175743103027,27.3008613586426,28.3717784881592,32.3103713989258,29.8037357330322,-9999,-9999,-9999,-9999,-9999,-9999,-9999,-9999,-9999,-9999,-9999,-9999,-9999,-9999,-9999,-9999,-9999
-9999,-9999,-9999,-9999,-9999,-9999,26.017614364624,26.2590942382813,25.85862159729,25.9546890258789,26.0398902893066,29.3495597839355,31.0289211273193,32.034309387207,33.2803916931152,34.7828750610352,37.243968963623,40.0619659423828,40.1641235351563,39.3304786682129,38.8560981750488,38.321361541748,40.4076995849609,42.0834846496582,42.0653266906738,41.9082489013672,41.7130279541016,41.5200843811035,41.1630249023438,40.793212890625,40.3661918640137,40.1045303344727,39.8391304016113,39.5468826293945,39.2692604064941,39.4540901184082,39.7069244384766,39.6519546508789,39.5788345336914,39.4319305419922,39.2914276123047,39.2195701599121,39.6004333496094,40.6660079956055,41.1265182495117,41.0700492858887,40.8562088012695,40.5494918823242,40.4318161010742,40.375114440918,40.4980278015137,40.6384162902832,40.7374114990234,40.819450378418,40.8721694946289,40.8557014465332,40.6723709106445,40.5511627197266,40.5109786987305,-9999,-9999,-9999,-9999,-9999,-9999,-9999,-9999,-9999,-9999,-9999,-9999,-9999,-9999,-9999,-9999,-9999,-9999,-9999,-9999,-9999,-9999,-9999,-9999,-9999,-9999,-9999,-9999,-9999,-9999,-9999,-9999,-9999,-9999,-9999,37.8948860168457,37.9549789428711,37.9847717285156,37.8065338134766,37.5316352844238,36.9762496948242,35.9413833618164,34.0994338989258,31.8118228912354,29.1549797058105,26.329568862915,22.7626781463623,21.4467315673828,21.0028896331787,24.1343441009521,27.4489517211914,28.6714630126953,29.8636226654053,31.5867805480957,29.3104362487793,30.1140060424805,28.1531524658203,-9999,-9999,-9999,-9999,-9999,-9999,-9999,-9999,-9999,-9999,-9999,-9999,-9999,-9999,-9999
-9999,-9999,-9999,-9999,25.1782836914063,26.756010055542,26.1142024993896,25.9573822021484,25.8969402313232,26.0014095306396,26.8814907073975,31.102201461792,34.6929168701172,37.4400939941406,38.3316535949707,37.328556060791,38.288703918457,40.4988479614258,40.711742401123,40.1875953674316,39.7136497497559,39.2137031555176,40.3443069458008,41.3386611938477,41.4273300170898,41.4739112854004,41.3521423339844,41.2150726318359,41.0286903381348,40.7750091552734,40.499439239502,40.2118377685547,39.9202079772949,39.6084785461426,39.305793762207,39.8950538635254,40.5808334350586,40.4953651428223,40.3960113525391,40.1900291442871,40.0223617553711,39.9938774108887,40.0056076049805,40.0901565551758,40.1311874389648,40.1331634521484,40.0047302246094,39.8037376403809,39.8670234680176,40.0021018981934,40.0456161499023,40.0755004882813,40.0572166442871,40.0550231933594,-9999,-9999,-9999,-9999,-9999,-9999,-9999,-9999,-9999,-9999,-9999,-9999,-9999,-9999,-9999,-9999,-9999,-9999,-9999,-9999,-9999,-9999,-9999,-9999,-9999,-9999,-9999,-9999,-9999,-9999,-9999,-9999,-9999,-9999,-9999,-9999,-9999,-9999,-9999,-9999,-9999,37.4957008361816,37.5265007019043,37.6658401489258,37.6472473144531,37.1604537963867,36.8177261352539,36.6113510131836,34.386646270752,29.9949893951416,27.7593193054199,26.7174911499023,22.7922973632813,17.7536754608154,23.0268020629883,28.1359424591064,29.8973999023438,31.2485122680664,30.9916458129883,22.3084926605225,22.3521728515625,28.0521411895752,28.8753719329834,-9999,-9999,-9999,-9999,-9999,-9999,-9999,-9999,-9999,-9999,-9999,-9999,-9999,-9999
-9999,-9999,-9999,-9999,30.5478858947754,28.2384834289551,27.4044208526611,25.8135166168213,26.2530345916748,28.0276203155518,30.4824962615967,33.5530319213867,36.1485824584961,38.1308364868164,39.1460990905762,39.2213325500488,39.6780281066895,40.3644332885742,40.1903343200684,39.6991577148438,39.9600486755371,40.34765625,40.7452011108398,41.0949668884277,41.1082382202148,41.1092071533203,41.0649452209473,40.9857063293457,40.8446960449219,40.6686096191406,40.4576416015625,40.2636604309082,40.0843505859375,39.928825378418,39.7773246765137,39.982795715332,40.2303771972656,40.0292778015137,39.8176460266113,39.5297584533691,39.2845497131348,39.1710014343262,39.1082878112793,39.1150779724121,39.1149864196777,39.1090240478516,39.02978515625,-9999,-9999,-9999,-9999,-9999,-9999,-9999,-9999,-9999,-9999,-9999,-9999,-9999,-9999,-9999,-9999,-9999,-9999,-9999,-9999,-9999,-9999,-9999,-9999,-9999,-9999,-9999,-9999,-9999,-9999,-9999,-9999,-9999,-9999,-9999,-9999,-9999,-9999,-9999,-9999,-9999,-9999,-9999,-9999,-9999,-9999,-9999,-9999,-9999,37.1313591003418,37.246265411377,37.2876663208008,37.1189079284668,36.6612319946289,35.6681594848633,33.4058113098145,29.7993583679199,27.8460121154785,26.7111530303955,22.2301902770996,16.2179584503174,19.6042022705078,23.6052589416504,25.1153354644775,26.4763069152832,27.1918716430664,28.168436050415,21.6607055664063,26.5292797088623,24.8806190490723,-9999,-9999,-9999,-9999,-9999,-9999,-9999,-9999,-9999,-9999,-9999,-9999,-9999,-9999
-9999,-9999,-9999,-9999,-9999,30.6679000854492,28.6570129394531,28.6429653167725,27.7529754638672,31.2616500854492,34.0896453857422,35.9531173706055,37.5353546142578,38.7541770935059,39.6906700134277,40.3941993713379,40.3687477111816,39.8347015380859,39.5064086914063,39.251163482666,-9999,-9999,-9999,-9999,-9999,-9999,-9999,-9999,-9999,-9999,-9999,-9999,-9999,40.0077095031738,39.9627914428711,39.8519859313965,39.7318801879883,39.437255859375,-9999,-9999,-9999,-9999,-9999,-9999,-9999,-9999,-9999,-9999,-9999,-9999,-9999,-9999,-9999,-9999,-9999,-9999,-9999,-9999,-9999,-9999,-9999,-9999,-9999,-9999,-9999,-9999,-9999,-9999,-9999,-9999,-9999,-9999,-9999,-9999,-9999,-9999,-9999,-9999,-9999,-9999,-9999,-9999,-9999,-9999,-9999,-9999,-9999,-9999,-9999,-9999,-9999,-9999,-9999,-9999,-9999,-9999,36.7433624267578,36.8546257019043,36.9595031738281,37.056640625,36.5789680480957,35.0917625427246,33.0336608886719,30.3094940185547,28.3825454711914,26.8469657897949,22.1931114196777,15.8407821655273,16.8774299621582,18.8434143066406,20.6031398773193,22.0139217376709,23.495174407959,24.7736930847168,24.7859859466553,22.2859382629395,-9999,-9999,-9999,-9999,-9999,-9999,-9999,-9999,-9999,-9999,-9999,-9999,-9999,-9999,-9999
-9999,-9999,-9999,-9999,-9999,30.3280830383301,30.3022651672363,31.2388973236084,32.4516487121582,36.2366676330566,38.9905242919922,39.4242973327637,39.8162117004395,40.4173698425293,40.6754150390625,40.5656814575195,40.1850090026855,39.6067733764648,-9999,-9999,-9999,-9999,-9999,-9999,-9999,-9999,-9999,-9999,-9999,-9999,-9999,-9999,-9999,-9999,-9999,-9999,-9999,-9999,-9999,-9999,-9999,-9999,-9999,-9999,-9999,-9999,-9999,-9999,-9999,-9999,-9999,-9999,-9999,-9999,-9999,-9999,-9999,-9999,-9999,-9999,-9999,-9999,-9999,-9999,-9999,-9999,-9999,-9999,-9999,-9999,-9999,-9999,-9999,-9999,-9999,-9999,-9999,-9999,-9999,-9999,-9999,-9999,-9999,-9999,-9999,-9999,-9999,-9999,-9999,-9999,-9999,-9999,-9999,-9999,-9999,-9999,-9999,36.6140899658203,36.7870750427246,36.8915863037109,36.7969131469727,36.3631591796875,35.4368476867676,33.9426803588867,31.2442932128906,27.6372661590576,24.4812297821045,21.3812599182129,18.76682472229,16.1317863464355,19.8098793029785,22.0721530914307,20.5648670196533,20.4098320007324,21.5891418457031,18.9096336364746,-9999,-9999,-9999,-9999,-9999,-9999,-9999,-9999,-9999,-9999,-9999,-9999,-9999,-9999,-9999
-9999,-9999,30.5875701904297,30.5787582397461,30.5477561950684,30.0266952514648,30.7151622772217,33.2664375305176,36.1803932189941,39.457447052002,41.6262512207031,41.274040222168,41.0546798706055,41.2868957519531,41.1004447937012,40.4025344848633,39.7611961364746,-9999,-9999,-9999,-9999,-9999,-9999,-9999,-9999,-9999,-9999,-9999,-9999,-9999,-9999,-9999,-9999,-9999,-9999,-9999,-9999,-9999,-9999,-9999,-9999,-9999,-9999,-9999,-9999,-9999,-9999,-9999,-9999,-9999,-9999,-9999,-9999,-9999,-9999,-9999,-9999,-9999,-9999,-9999,-9999,-9999,-9999,-9999,-9999,-9999,-9999,-9999,-9999,-9999,-9999,-9999,-9999,-9999,-9999,-9999,-9999,-9999,-9999,-9999,-9999,-9999,-9999,-9999,-9999,-9999,-9999,-9999,-9999,-9999,-9999,-9999,-9999,-9999,-9999,-9999,-9999,36.3528518676758,36.5727462768555,36.6737060546875,36.8373222351074,37.0962104797363,36.9710311889648,36.3940162658691,33.8331527709961,29.7601089477539,27.0998840332031,25.0297966003418,20.6455783843994,15.6062088012695,19.123908996582,21.0112152099609,17.9235401153564,16.9222545623779,21.1659526824951,17.7926139831543,-9999,-9999,-9999,-9999,-9999,-9999,-9999,-9999,-9999,-9999,-9999,-9999,-9999,-9999,-9999
-9999,-9999,-9999,-9999,30.6730690002441,30.1243591308594,31.0284175872803,35.4117546081543,39.066089630127,40.1568412780762,40.7991333007813,40.6484680175781,40.5370750427246,40.6409530639648,40.3185577392578,39.483814239502,-9999,-9999,-9999,-9999,-9999,-9999,-9999,-9999,-9999,-9999,-9999,-9999,-9999,-9999,-9999,-9999,-9999,-9999,-9999,-9999,-9999,-9999,-9999,-9999,-9999,-9999,-9999,-9999,-9999,-9999,-9999,-9999,-9999,-9999,-9999,-9999,-9999,-9999,-9999,-9999,-9999,-9999,-9999,-9999,-9999,-9999,-9999,-9999,-9999,-9999,-9999,-9999,-9999,-9999,-9999,-9999,-9999,-9999,-9999,-9999,-9999,-9999,-9999,-9999,-9999,-9999,-9999,-9999,-9999,-9999,-9999,-9999,-9999,-9999,-9999,-9999,-9999,-9999,-9999,-9999,-9999,36.049560546875,36.2693023681641,36.3378372192383,36.4898948669434,36.7704048156738,36.9462471008301,36.9751014709473,36.0240173339844,34.3609161376953,30.4497375488281,25.5518856048584,22.9020538330078,20.7144508361816,18.9954643249512,17.3481426239014,16.1419410705566,15.9164733886719,17.5271644592285,18.8985557556152,-9999,-9999,-9999,-9999,-9999,-9999,-9999,-9999,-9999,-9999,-9999,-9999,-9999,-9999,-9999
-9999,-9999,-9999,-9999,30.8344612121582,30.7693920135498,31.5225524902344,36.4014282226563,40.4388236999512,40.4823760986328,40.275520324707,40.3645133972168,40.3479957580566,40.147819519043,39.6123695373535,-9999,-9999,-9999,-9999,-9999,-9999,-9999,-9999,-9999,-9999,-9999,-9999,-9999,-9999,-9999,-9999,-9999,-9999,-9999,-9999,-9999,-9999,-9999,-9999,-9999,-9999,-9999,-9999,-9999,-9999,-9999,-9999,-9999,-9999,-9999,-9999,-9999,-9999,-9999,-9999,-9999,-9999,-9999,-9999,-9999,-9999,-9999,-9999,-9999,-9999,-9999,-9999,-9999,-9999,-9999,-9999,-9999,-9999,-9999,-9999,-9999,-9999,-9999,-9999,-9999,-9999,-9999,-9999,-9999,-9999,-9999,-9999,-9999,-9999,-9999,-9999,-9999,-9999,-9999,-9999,-9999,-9999,35.7046966552734,35.9328880310059,35.9755630493164,36.0868911743164,36.2985572814941,36.5528945922852,36.8424606323242,36.7531089782715,36.373420715332,32.1146697998047,25.9307403564453,24.2526836395264,23.1607398986816,18.4936828613281,14.4715843200684,15.2429447174072,15.8202705383301,15.9497060775757,16.6635475158691,13.6995220184326,-9999,-9999,-9999,-9999,-9999,-9999,-9999,-9999,-9999,-9999,-9999,-9999,-9999,-9999
-9999,-9999,-9999,-9999,31.1700859069824,31.0486297607422,32.2761688232422,36.4974784851074,40.4069366455078,40.4202613830566,40.2316589355469,40.5664596557617,40.5684356689453,39.8652496337891,39.0192604064941,-9999,-9999,-9999,-9999,-9999,-9999,-9999,-9999,-9999,-9999,-9999,-9999,-9999,-9999,-9999,-9999,-9999,-9999,-9999,-9999,-9999,-9999,-9999,-9999,-9999,-9999,-9999,-9999,-9999,-9999,-9999,-9999,-9999,-9999,-9999,-9999,-9999,-9999,-9999,-9999,-9999,-9999,-9999,-9999,-9999,-9999,-9999,-9999,-9999,-9999,-9999,-9999,-9999,-9999,-9999,-9999,-9999,-9999,-9999,-9999,-9999,-9999,-9999,-9999,-9999,-9999,-9999,-9999,-9999,-9999,-9999,-9999,-9999,-9999,-9999,-9999,-9999,-9999,-9999,-9999,-9999,-9999,35.3067207336426,35.5549774169922,35.581169128418,35.6085891723633,35.6280670166016,35.672779083252,35.7389450073242,35.7048110961914,35.5758361816406,31.7213325500488,26.1586532592773,24.3224449157715,22.910514831543,17.4165897369385,12.8592491149902,15.1101169586182,16.7154788970947,17.2303218841553,17.8897590637207,18.5649261474609,14.0945644378662,-9999,-9999,-9999,-9999,-9999,-9999,-9999,-9999,-9999,-9999,-9999,-9999,-9999
-9999,-9999,-9999,-9999,26.7142658233643,31.1700267791748,32.2071380615234,35.9916229248047,38.9124526977539,39.1293487548828,39.1958961486816,40.0742416381836,40.3741836547852,39.539623260498,-9999,-9999,-9999,-9999,-9999,-9999,-9999,-9999,-9999,-9999,-9999,-9999,-9999,-9999,-9999,-9999,-9999,-9999,-9999,-9999,-9999,-9999,-9999,-9999,-9999,-9999,-9999,-9999,-9999,-9999,-9999,-9999,-9999,-9999,-9999,-9999,-9999,-9999,-9999,-9999,-9999,-9999,-9999,-9999,-9999,-9999,-9999,-9999,-9999,-9999,-9999,-9999,-9999,-9999,-9999,-9999,-9999,-9999,-9999,-9999,-9999,-9999,-9999,-9999,-9999,-9999,-9999,-9999,-9999,-9999,-9999,-9999,-9999,-9999,-9999,-9999,-9999,-9999,-9999,-9999,-9999,-9999,-9999,34.8721923828125,35.1386299133301,35.1797103881836,35.1767921447754,35.092155456543,35.0882530212402,35.1633491516113,34.9932250976563,34.6667213439941,32.4642944335938,29.5012359619141,26.370548248291,22.9251003265381,18.5405349731445,14.713321685791,15.3563261032104,15.7602653503418,16.5753021240234,17.3988094329834,18.3658866882324,19.0533123016357,16.9630279541016,16.6504516601563,-9999,-9999,-9999,-9999,-9999,-9999,-9999,-9999,-9999,-9999,-9999
-9999,-9999,-9999,-9999,29.2576484680176,31.4006214141846,32.6355438232422,34.3156890869141,36.1416206359863,36.6518859863281,37.3166580200195,39.0318641662598,39.8631935119629,39.1826171875,-9999,-9999,-9999,-9999,-9999,-9999,-9999,-9999,-9999,-9999,-9999,-9999,-9999,-9999,-9999,-9999,-9999,-9999,-9999,-9999,-9999,-9999,-9999,-9999,-9999,-9999,-9999,-9999,-9999,-9999,-9999,-9999,-9999,-9999,-9999,-9999,-9999,-9999,-9999,-9999,-9999,-9999,-9999,-9999,-9999,-9999,-9999,-9999,-9999,-9999,-9999,-9999,-9999,-9999,-9999,-9999,-9999,-9999,-9999,-9999,-9999,-9999,-9999,-9999,-9999,-9999,-9999,-9999,-9999,-9999,-9999,-9999,-9999,-9999,-9999,-9999,-9999,-9999,-9999,-9999,-9999,-9999,-9999,-9999,34.6904792785645,34.7710876464844,34.7793960571289,34.6627349853516,34.7403755187988,35.0076293945313,34.5550422668457,33.6369171142578,33.9427719116211,34.5340309143066,29.6108455657959,23.1836414337158,21.1178398132324,18.9698162078857,15.6994733810425,13.6474456787109,14.2633972167969,15.5491333007813,17.7021045684814,18.7791709899902,18.8352241516113,-9999,-9999,-9999,-9999,-9999,-9999,-9999,-9999,-9999,-9999,-9999,-9999
-9999,-9999,-9999,-9999,28.6336345672607,30.6616058349609,30.6591053009033,31.2828559875488,32.4057502746582,34.7391624450684,36.8925819396973,38.2740020751953,38.961856842041,38.733455657959,-9999,-9999,-9999,-9999,-9999,-9999,-9999,-9999,-9999,-9999,-9999,-9999,-9999,-9999,-9999,-9999,-9999,-9999,-9999,-9999,-9999,-9999,-9999,-9999,-9999,-9999,-9999,-9999,-9999,-9999,-9999,-9999,-9999,-9999,-9999,-9999,-9999,-9999,-9999,-9999,-9999,-9999,-9999,-9999,-9999,-9999,-9999,-9999,-9999,-9999,-9999,-9999,-9999,-9999,-9999,-9999,-9999,-9999,-9999,-9999,-9999,-9999,-9999,-9999,-9999,-9999,-9999,-9999,-9999,-9999,-9999,-9999,-9999,-9999,-9999,-9999,-9999,-9999,-9999,-9999,-9999,-9999,-9999,-9999,34.2821350097656,34.3782615661621,34.3997955322266,34.2936973571777,34.4214172363281,34.7704277038574,34.5302619934082,33.9213218688965,34.7837142944336,35.9624137878418,30.6252250671387,23.3722457885742,21.9590072631836,20.0802307128906,15.4663457870483,12.0078926086426,12.5311899185181,13.9117393493652,16.9803085327148,23.5030727386475,31.9148178100586,29.8566970825195,34.462272644043,-9999,-9999,-9999,-9999,-9999,-9999,-9999,-9999,-9999,-9999
-9999,-9999,-9999,-9999,-9999,22.0739078521729,28.086067199707,28.7773742675781,28.729606628418,33.4203834533691,36.8248443603516,37.4891738891602,37.8504791259766,38.2360572814941,-9999,-9999,-9999,-9999,-9999,-9999,-9999,-9999,-9999,-9999,-9999,-9999,-9999,-9999,-9999,-9999,-9999,-9999,-9999,-9999,-9999,-9999,-9999,-9999,-9999,-9999,-9999,-9999,-9999,-9999,-9999,-9999,-9999,-9999,-9999,-9999,-9999,-9999,-9999,-9999,-9999,-9999,-9999,-9999,-9999,-9999,-9999,-9999,-9999,-9999,-9999,-9999,-9999,-9999,-9999,-9999,-9999,-9999,-9999,-9999,-9999,-9999,-9999,-9999,-9999,-9999,-9999,-9999,-9999,-9999,-9999,-9999,-9999,-9999,-9999,-9999,-9999,-9999,-9999,-9999,-9999,-9999,-9999,-9999,33.8877372741699,33.989185333252,34.0253105163574,33.9526748657227,34.1147422790527,34.4953384399414,34.689266204834,34.7625617980957,35.4271812438965,36.1107521057129,30.7876949310303,23.7610569000244,22.1399784088135,19.8344421386719,14.7706184387207,11.0554351806641,10.7628421783447,12.190315246582,16.1290321350098,23.0432968139648,31.6806583404541,34.1451644897461,35.1157073974609,32.3102264404297,-9999,-9999,-9999,-9999,-9999,-9999,-9999,-9999,-9999
-9999,-9999,-9999,-9999,-9999,25.1191558837891,26.4948043823242,26.2716827392578,27.4741477966309,32.9956588745117,36.793327331543,37.167594909668,37.5502624511719,38.037166595459,-9999,-9999,-9999,-9999,-9999,-9999,-9999,-9999,-9999,-9999,-9999,-9999,-9999,-9999,-9999,-9999,-9999,-9999,-9999,-9999,-9999,-9999,-9999,-9999,-9999,-9999,-9999,-9999,-9999,-9999,-9999,-9999,-9999,-9999,-9999,-9999,-9999,-9999,-9999,-9999,-9999,-9999,-9999,-9999,-9999,-9999,-9999,-9999,-9999,-9999,-9999,-9999,-9999,-9999,-9999,-9999,-9999,-9999,-9999,-9999,-9999,-9999,-9999,-9999,-9999,-9999,-9999,-9999,-9999,-9999,-9999,-9999,-9999,-9999,-9999,-9999,-9999,-9999,-9999,-9999,-9999,-9999,-9999,-9999,33.5001525878906,33.6093521118164,33.6640167236328,33.6355934143066,33.7781295776367,34.0743942260742,34.2791061401367,34.413501739502,35.1181564331055,35.8350982666016,30.7812538146973,24.0346412658691,22.3421287536621,19.9854526519775,14.6241846084595,10.8662538528442,11.5819664001465,13.4628238677979,17.0129585266113,22.5313301086426,28.9487838745117,33.313907623291,37.3470306396484,37.4306144714355,-9999,-9999,-9999,-9999,-9999,-9999,-9999,-9999,-9999
-9999,-9999,-9999,-9999,-9999,25.1437072753906,25.1956405639648,26.1699104309082,27.4073905944824,32.8507232666016,36.8691635131836,37.1135520935059,37.4193077087402,37.9039573669434,-9999,-9999,-9999,-9999,-9999,-9999,-9999,-9999,-9999,-9999,-9999,-9999,-9999,-9999,-9999,-9999,-9999,-9999,-9999,-9999,-9999,-9999,-9999,-9999,-9999,-9999,-9999,-9999,-9999,-9999,-9999,-9999,-9999,-9999,-9999,-9999,-9999,-9999,-9999,-9999,-9999,-9999,-9999,-9999,-9999,-9999,-9999,-9999,-9999,-9999,-9999,-9999,-9999,-9999,-9999,-9999,-9999,-9999,-9999,-9999,-9999,-9999,-9999,-9999,-9999,-9999,-9999,-9999,-9999,-9999,-9999,-9999,-9999,-9999,-9999,-9999,-9999,-9999,-9999,-9999,-9999,-9999,-9999,-9999,-9999,33.2270278930664,33.3020668029785,33.3220748901367,33.4331893920898,33.6216201782227,33.7440872192383,33.8044204711914,34.6410331726074,35.518123626709,30.7166748046875,24.2978839874268,22.6435947418213,20.3747901916504,14.6839733123779,10.8847894668579,13.1204109191895,15.3880767822266,18.344575881958,22.011833190918,25.9148464202881,31.1344013214111,36.836238861084,38.0802192687988,-9999,-9999,-9999,-9999,-9999,-9999,-9999,-9999,-9999
-9999,-9999,-9999,-9999,-9999,-9999,24.2678241729736,24.806510925293,25.9882183074951,32.182559967041,36.3841972351074,36.8309669494629,37.1703262329102,-9999,-9999,-9999,-9999,-9999,-9999,-9999,-9999,-9999,-9999,-9999,-9999,-9999,-9999,-9999,-9999,-9999,-9999,-9999,-9999,-9999,-9999,-9999,-9999,-9999,-9999,-9999,-9999,-9999,-9999,-9999,-9999,-9999,-9999,-9999,-9999,-9999,-9999,-9999,-9999,-9999,-9999,-9999,-9999,-9999,-9999,-9999,-9999,-9999,-9999,-9999,-9999,-9999,-9999,-9999,-9999,-9999,-9999,-9999,-9999,-9999,-9999,-9999,-9999,-9999,-9999,-9999,-9999,-9999,-9999,-9999,-9999,-9999,-9999,-9999,-9999,-9999,-9999,-9999,-9999,-9999,-9999,-9999,-9999,-9999,-9999,32.9571113586426,33.0574111938477,33.1178245544434,33.2173271179199,33.3448944091797,33.6665344238281,34.0813903808594,34.6032981872559,35.0017127990723,30.4676685333252,24.5802440643311,22.9799270629883,21.0766525268555,17.8196830749512,15.1405057907104,13.6459178924561,13.4818811416626,14.9580821990967,19.2506713867188,25.5688209533691,29.728343963623,32.8245849609375,33.9683074951172,-9999,-9999,-9999,-9999,-9999,-9999,-9999,-9999,-9999
-9999,-9999,-9999,-9999,-9999,-9999,22.8705101013184,22.5696220397949,24.6413745880127,31.2849979400635,36.0230293273926,36.5536956787109,36.9059028625488,-9999,-9999,-9999,-9999,-9999,-9999,-9999,-9999,-9999,-9999,-9999,-9999,-9999,-9999,-9999,-9999,-9999,-9999,-9999,-9999,-9999,-9999,-9999,-9999,-9999,-9999,-9999,-9999,-9999,-9999,-9999,-9999,-9999,-9999,-9999,-9999,-9999,-9999,-9999,-9999,-9999,-9999,-9999,-9999,-9999,-9999,-9999,-9999,-9999,-9999,-9999,-9999,-9999,-9999,-9999,-9999,-9999,-9999,-9999,-9999,-9999,-9999,-9999,-9999,-9999,-9999,-9999,-9999,-9999,-9999,-9999,-9999,-9999,-9999,-9999,-9999,-9999,-9999,-9999,-9999,-9999,-9999,-9999,-9999,-9999,-9999,32.7007675170898,32.8237380981445,32.9149017333984,33.0027351379395,33.0798797607422,33.5887336730957,34.331485748291,34.5524368286133,34.5059204101563,30.2480068206787,24.8326396942139,23.3521995544434,21.8404121398926,20.6808948516846,18.6312789916992,14.2335157394409,11.2745561599731,11.2223253250122,16.5433654785156,25.2078437805176,27.5791606903076,27.90895652771,23.8600482940674,17.8053321838379,15.9646663665771,-9999,-9999,-9999,-9999,-9999,-9999,-9999
-9999,-9999,-9999,-9999,-9999,-9999,21.5395069122314,21.7979583740234,23.0568523406982,30.2396430969238,35.2856140136719,36.0093574523926,36.6246604919434,-9999,-9999,-9999,-9999,-9999,-9999,-9999,-9999,-9999,-9999,-9999,-9999,-9999,-9999,-9999,-9999,-9999,-9999,-9999,-9999,-9999,-9999,-9999,-9999,-9999,-9999,-9999,-9999,-9999,-9999,-9999,-9999,-9999,-9999,-9999,-9999,-9999,-9999,-9999,-9999,-9999,-9999,-9999,-9999,-9999,-9999,-9999,-9999,-9999,-9999,-9999,-9999,-9999,-9999,-9999,-9999,-9999,-9999,-9999,-9999,-9999,-9999,-9999,-9999,-9999,-9999,-9999,-9999,-9999,-9999,-9999,-9999,-9999,-9999,-9999,-9999,-9999,-9999,-9999,-9999,-9999,-9999,-9999,-9999,-9999,-9999,32.5668640136719,32.6603507995605,32.6851005554199,32.745719909668,32.8294448852539,33.3187942504883,34.0299072265625,34.2590065002441,34.2675514221191,30.1600742340088,24.9724674224854,23.6064949035645,22.2211360931396,20.9499778747559,18.7396545410156,13.8871555328369,11.5834856033325,12.8368272781372,16.0309562683105,20.6206302642822,21.9033317565918,21.5986042022705,19.9459419250488,17.1729736328125,13.6568174362183,8.02894401550293,-9999,-9999,-9999,-9999,-9999,-9999
-9999,-9999,-9999,-9999,-9999,-9999,-9999,-9999,-9999,-9999,-9999,-9999,-9999,-9999,-9999,-9999,-9999,-9999,-9999,-9999,-9999,-9999,-9999,-9999,-9999,-9999,-9999,-9999,-9999,-9999,-9999,-9999,-9999,-9999,-9999,-9999,-9999,-9999,-9999,-9999,-9999,-9999,-9999,-9999,-9999,-9999,-9999,-9999,-9999,-9999,-9999,-9999,-9999,-9999,-9999,-9999,-9999,-9999,-9999,-9999,-9999,-9999,-9999,-9999,-9999,-9999,-9999,-9999,-9999,-9999,-9999,-9999,-9999,-9999,-9999,-9999,-9999,-9999,-9999,-9999,-9999,-9999,-9999,-9999,-9999,-9999,-9999,-9999,-9999,-9999,-9999,-9999,-9999,-9999,-9999,-9999,-9999,-9999,-9999,-9999,32.4852905273438,32.455493927002,32.4990196228027,32.6014633178711,33.0845718383789,33.7764167785645,33.993221282959,33.981689453125,30.5922241210938,26.3939647674561,24.475866317749,22.562629699707,21.2465190887451,18.8914241790771,13.7317972183228,11.4217338562012,13.704273223877,15.2263555526733,16.3656768798828,16.0482864379883,14.7772121429443,15.1929683685303,15.9670219421387,9.9566478729248,7.62679433822632,3.00018668174744,-9999,-9999,-9999,-9999,-9999
-9999,-9999,-9999,-9999,-9999,-9999,-9999,-9999,-9999,-9999,-9999,-9999,-9999,-9999,-9999,-9999,-9999,-9999,-9999,-9999,-9999,-9999,-9999,-9999,-9999,-9999,-9999,-9999,-9999,-9999,-9999,-9999,-9999,-9999,-9999,-9999,-9999,-9999,-9999,-9999,-9999,-9999,-9999,-9999,-9999,-9999,-9999,-9999,-9999,-9999,-9999,-9999,-9999,-9999,-9999,-9999,-9999,-9999,-9999,-9999,-9999,-9999,-9999,-9999,-9999,-9999,-9999,-9999,-9999,-9999,-9999,-9999,-9999,-9999,-9999,-9999,-9999,-9999,-9999,-9999,-9999,-9999,-9999,-9999,-9999,-9999,-9999,-9999,-9999,-9999,-9999,-9999,-9999,-9999,-9999,-9999,-9999,-9999,-9999,-9999,32.2739639282227,32.232593536377,32.3013725280762,32.467342376709,32.9904747009277,33.7061195373535,33.878044128418,33.8116416931152,33.0297431945801,32.0372161865234,27.4276809692383,22.8240871429443,21.5390586853027,19.2657623291016,13.8715801239014,11.4509553909302,13.0715045928955,13.7016944885254,13.3885946273804,11.9756355285645,10.2491579055786,9.71873760223389,9.88251972198486,6.61627388000488,3.43237352371216,3.31244421005249,2.77651238441467,-9999,-9999,-9999,-9999
-9999,-9999,-9999,-9999,-9999,-9999,-9999,-9999,-9999,-9999,-9999,-9999,-9999,-9999,-9999,-9999,-9999,-9999,-9999,-9999,-9999,-9999,-9999,-9999,-9999,-9999,-9999,-9999,-9999,-9999,-9999,-9999,-9999,-9999,-9999,-9999,-9999,-9999,-9999,-9999,-9999,-9999,-9999,-9999,-9999,-9999,-9999,-9999,-9999,-9999,-9999,-9999,-9999,-9999,-9999,-9999,-9999,-9999,-9999,-9999,-9999,-9999,-9999,-9999,-9999,-9999,-9999,-9999,-9999,-9999,-9999,-9999,-9999,-9999,-9999,-9999,-9999,-9999,-9999,-9999,-9999,-9999,-9999,-9999,-9999,-9999,-9999,-9999,-9999,-9999,-9999,-9999,-9999,-9999,-9999,-9999,-9999,-9999,-9999,-9999,32.0808563232422,32.0520324707031,32.1426200866699,32.3557472229004,32.7967071533203,33.359977722168,33.6154670715332,33.7014465332031,34.5329208374023,35.2475128173828,29.2765522003174,23.0581722259521,21.8473453521729,19.5421104431152,13.988187789917,11.4890651702881,12.5602407455444,12.415548324585,10.9511842727661,9.21415328979492,7.3471155166626,6.2318434715271,5.09074115753174,4.21173715591431,3.46773767471313,2.7551474571228,2.51014041900635,-9999,-9999,-9999,-9999
-9999,-9999,-9999,-9999,-9999,-9999,-9999,-9999,-9999,-9999,-9999,-9999,-9999,-9999,-9999,-9999,-9999,-9999,-9999,-9999,-9999,-9999,-9999,-9999,-9999,-9999,-9999,-9999,-9999,-9999,-9999,-9999,-9999,-9999,-9999,-9999,-9999,-9999,-9999,-9999,-9999,-9999,-9999,-9999,-9999,-9999,-9999,-9999,-9999,-9999,-9999,-9999,-9999,-9999,-9999,-9999,-9999,-9999,-9999,-9999,-9999,-9999,-9999,-9999,-9999,-9999,-9999,-9999,-9999,-9999,-9999,-9999,-9999,-9999,-9999,-9999,-9999,-9999,-9999,-9999,-9999,-9999,-9999,-9999,-9999,-9999,-9999,-9999,-9999,-9999,-9999,-9999,-9999,-9999,-9999,-9999,-9999,-9999,-9999,-9999,-9999,31.9490852355957,32.068359375,32.2914886474609,32.412899017334,32.4718475341797,33.0561332702637,33.6951751708984,34.5970344543457,35.3150939941406,29.4046878814697,23.281681060791,22.1329803466797,19.9638137817383,14.6059255599976,11.6055870056152,12.4127702713013,11.5765151977539,9.52031517028809,8.48750400543213,7.91122817993164,6.2344126701355,3.72352004051208,3.17652726173401,2.83079218864441,2.49839448928833,2.23511481285095,-9999,-9999,3.29252123832703,3.34016251564026
-9999,-9999,-9999,-9999,-9999,-9999,-9999,-9999,-9999,-9999,-9999,-9999,-9999,-9999,-9999,-9999,-9999,-9999,-9999,-9999,-9999,-9999,-9999,-9999,-9999,-9999,-9999,-9999,-9999,-9999,-9999,-9999,-9999,-9999,-9999,-9999,-9999,-9999,-9999,-9999,-9999,-9999,-9999,-9999,-9999,-9999,-9999,-9999,-9999,-9999,-9999,-9999,-9999,-9999,-9999,-9999,-9999,-9999,-9999,-9999,-9999,-9999,-9999,-9999,-9999,-9999,-9999,-9999,-9999,-9999,-9999,-9999,-9999,-9999,-9999,-9999,-9999,-9999,-9999,-9999,-9999,-9999,-9999,-9999,-9999,-9999,-9999,-9999,-9999,-9999,-9999,-9999,-9999,-9999,-9999,-9999,-9999,-9999,-9999,-9999,-9999,-9999,32.012149810791,32.1883277893066,32.1449394226074,31.9594345092773,32.6807975769043,33.563777923584,34.560115814209,35.359260559082,29.5839157104492,23.3259201049805,20.2113342285156,16.7590980529785,12.6095247268677,10.3319911956787,10.7684307098389,9.70985126495361,7.5410623550415,6.8871054649353,7.03102111816406,5.69801139831543,3.09573745727539,2.85136580467224,2.64240550994873,2.58740949630737,2.5771472454071,2.97386932373047,3.25463104248047,3.28865551948547,3.37428712844849
-9999,-9999,-9999,-9999,-9999,-9999,-9999,-9999,-9999,-9999,-9999,-9999,-9999,-9999,-9999,-9999,-9999,-9999,-9999,-9999,-9999,-9999,-9999,-9999,-9999,-9999,-9999,-9999,-9999,-9999,-9999,-9999,-9999,-9999,-9999,-9999,-9999,-9999,-9999,-9999,-9999,-9999,-9999,-9999,-9999,-9999,-9999,-9999,-9999,-9999,-9999,-9999,-9999,-9999,-9999,-9999,-9999,-9999,-9999,-9999,-9999,-9999,-9999,-9999,-9999,-9999,-9999,-9999,-9999,-9999,-9999,-9999,-9999,-9999,-9999,-9999,-9999,-9999,-9999,-9999,-9999,-9999,-9999,-9999,-9999,-9999,-9999,-9999,-9999,-9999,-9999,-9999,-9999,-9999,-9999,-9999,-9999,-9999,-9999,-9999,-9999,-9999,-9999,32.0448265075684,32.007495880127,31.8908977508545,32.5024909973145,33.2117500305176,34.4279174804688,35.4348030090332,29.8699970245361,23.2242946624756,15.4034509658813,8.95582580566406,7.90306758880615,7.34777402877808,7.54424858093262,6.68961620330811,4.6412787437439,3.98987483978271,4.22438621520996,3.87302398681641,3.34950971603394,3.31045842170715,3.245845079422,3.14840841293335,3.1606752872467,3.20107483863831,3.14919114112854,2.97527956962585,2.80550980567932
-9999,-9999,-9999,-9999,-9999,-9999,-9999,-9999,-9999,-9999,-9999,-9999,-9999,-9999,-9999,-9999,-9999,-9999,-9999,-9999,-9999,-9999,-9999,-9999,-9999,-9999,-9999,-9999,-9999,-9999,-9999,-9999,-9999,-9999,-9999,-9999,-9999,-9999,-9999,-9999,-9999,-9999,-9999,-9999,-9999,-9999,-9999,-9999,-9999,-9999,-9999,-9999,-9999,-9999,-9999,-9999,-9999,-9999,-9999,-9999,-9999,-9999,-9999,-9999,-9999,-9999,-9999,-9999,-9999,-9999,-9999,-9999,-9999,-9999,-9999,-9999,-9999,-9999,-9999,-9999,-9999,-9999,-9999,-9999,-9999,-9999,-9999,-9999,-9999,-9999,-9999,-9999,-9999,-9999,-9999,-9999,-9999,-9999,-9999,-9999,-9999,-9999,-9999,31.9091491699219,31.9564323425293,32.0329551696777,32.3901252746582,32.7456817626953,33.8772811889648,34.8948516845703,29.7529582977295,23.33229637146,13.6555051803589,6.20120096206665,6.58235692977905,6.82911205291748,6.9450626373291,6.04758596420288,3.53903484344482,2.71825432777405,2.89063096046448,3.04872345924377,3.22625303268433,3.26024985313416,3.24554681777954,3.1073362827301,3.23421049118042,2.93525147438049,4.47587108612061,9.49037837982178,15.0138378143311
-9999,-9999,-9999,-9999,-9999,-9999,-9999,-9999,-9999,-9999,-9999,-9999,-9999,-9999,-9999,-9999,-9999,-9999,-9999,-9999,-9999,-9999,-9999,-9999,-9999,-9999,-9999,-9999,-9999,-9999,-9999,-9999,-9999,-9999,-9999,-9999,-9999,-9999,-9999,-9999,-9999,-9999,-9999,-9999,-9999,-9999,-9999,-9999,-9999,-9999,-9999,-9999,-9999,-9999,-9999,-9999,-9999,-9999,-9999,-9999,-9999,-9999,-9999,-9999,-9999,-9999,-9999,-9999,-9999,-9999,-9999,-9999,-9999,-9999,-9999,-9999,-9999,-9999,-9999,-9999,-9999,-9999,-9999,-9999,-9999,-9999,-9999,-9999,-9999,-9999,-9999,-9999,-9999,-9999,-9999,-9999,-9999,-9999,-9999,-9999,-9999,-9999,-9999,-9999,31.9784832000732,32.3092041015625,32.4580841064453,32.5004959106445,33.0549507141113,33.9285888671875,29.3545761108398,22.9094066619873,13.3122043609619,6.46757888793945,7.27680158615112,7.59330415725708,7.63767337799072,6.54094791412354,3.72695326805115,2.51841759681702,2.57011580467224,2.62283897399902,2.54525899887085,2.50256204605103,2.40025353431702,2.34295725822449,2.34877848625183,2.10780429840088,6.64481353759766,20.1692810058594,30.820764541626
-9999,-9999,-9999,-9999,-9999,-9999,-9999,-9999,-9999,-9999,-9999,-9999,-9999,-9999,-9999,-9999,-9999,-9999,-9999,-9999,-9999,-9999,-9999,-9999,-9999,-9999,-9999,-9999,-9999,-9999,-9999,-9999,-9999,-9999,-9999,-9999,-9999,-9999,-9999,-9999,-9999,-9999,-9999,-9999,-9999,-9999,-9999,-9999,-9999,-9999,-9999,-9999,-9999,-9999,-9999,-9999,-9999,-9999,-9999,-9999,-9999,-9999,-9999,-9999,-9999,-9999,-9999,-9999,-9999,-9999,-9999,-9999,-9999,-9999,-9999,-9999,-9999,-9999,-9999,-9999,-9999,-9999,-9999,-9999,-9999,-9999,-9999,-9999,-9999,-9999,-9999,-9999,-9999,-9999,-9999,-9999,-9999,-9999,-9999,-9999,-9999,-9999,-9999,-9999,-9999,-9999,32.2158584594727,32.1207656860352,32.6762962341309,33.2413368225098,30.3359966278076,25.8974571228027,18.8369789123535,13.2572708129883,11.5118055343628,10.5271100997925,10.7468881607056,9.93630790710449,8.08216094970703,8.81070899963379,10.9309988021851,11.0129051208496,10.5268068313599,12.1756114959717,14.2137355804443,15.6447725296021,16.6009960174561,16.0670280456543,18.3710765838623,26.1923370361328,32.6666793823242
-9999,-9999,-9999,-9999,-9999,-9999,-9999,-9999,-9999,-9999,-9999,-9999,-9999,-9999,-9999,-9999,-9999,-9999,-9999,-9999,-9999,-9999,-9999,-9999,-9999,-9999,-9999,-9999,-9999,-9999,-9999,-9999,-9999,-9999,-9999,-9999,-9999,-9999,-9999,-9999,-9999,-9999,-9999,-9999,-9999,-9999,-9999,-9999,-9999,-9999,-9999,-9999,-9999,-9999,-9999,-9999,-9999,-9999,-9999,-9999,-9999,-9999,-9999,-9999,-9999,-9999,-9999,-9999,-9999,-9999,-9999,-9999,-9999,-9999,-9999,-9999,-9999,-9999,-9999,-9999,-9999,-9999,-9999,-9999,-9999,-9999,-9999,-9999,-9999,-9999,-9999,-9999,-9999,-9999,-9999,-9999,-9999,-9999,-9999,-9999,-9999,-9999,-9999,-9999,-9999,-9999,-9999,-9999,31.915699005127,32.1708908081055,31.883472442627,31.1753597259521,27.6005821228027,23.1740016937256,17.6749782562256,14.6617240905762,15.4120311737061,15.4949445724487,14.4722528457642,17.66477394104,22.5814685821533,22.8665561676025,22.0131607055664,24.7993316650391,27.6475219726563,29.9224433898926,31.5820369720459,31.0070972442627,30.6009731292725,30.5743160247803,-9999
-9999,-9999,-9999,-9999,-9999,-9999,-9999,-9999,-9999,-9999,-9999,-9999,-9999,-9999,-9999,-9999,-9999,-9999,-9999,-9999,-9999,-9999,-9999,-9999,-9999,-9999,-9999,-9999,-9999,-9999,-9999,-9999,-9999,-9999,-9999,-9999,-9999,-9999,-9999,-9999,-9999,-9999,-9999,-9999,-9999,-9999,-9999,-9999,-9999,-9999,-9999,-9999,-9999,-9999,-9999,-9999,-9999,-9999,-9999,-9999,-9999,-9999,-9999,-9999,-9999,-9999,-9999,-9999,-9999,-9999,-9999,-9999,-9999,-9999,-9999,-9999,-9999,-9999,-9999,-9999,-9999,-9999,-9999,-9999,-9999,-9999,-9999,-9999,-9999,-9999,-9999,-9999,-9999,-9999,-9999,-9999,-9999,-9999,-9999,-9999,-9999,-9999,-9999,-9999,-9999,-9999,-9999,-9999,-9999,-9999,31.6503562927246,31.4467144012451,29.626989364624,27.4815483093262,24.5855655670166,22.8239727020264,22.9482364654541,22.7705364227295,22.3234634399414,23.9867649078369,26.575366973877,26.7762088775635,26.3769378662109,27.8523578643799,29.4018974304199,30.6858825683594,31.6363372802734,31.2491722106934,-9999,-9999,-9999
-9999,-9999,-9999,-9999,-9999,-9999,-9999,-9999,-9999,-9999,-9999,-9999,-9999,-9999,-9999,-9999,-9999,-9999,-9999,-9999,-9999,-9999,-9999,-9999,-9999,-9999,-9999,-9999,-9999,-9999,-9999,-9999,-9999,-9999,-9999,-9999,-9999,-9999,-9999,-9999,-9999,-9999,-9999,-9999,-9999,-9999,-9999,-9999,-9999,-9999,-9999,-9999,-9999,-9999,-9999,-9999,-9999,-9999,-9999,-9999,-9999,-9999,-9999,-9999,-9999,-9999,-9999,-9999,-9999,-9999,-9999,-9999,-9999,-9999,-9999,-9999,-9999,-9999,-9999,-9999,-9999,-9999,-9999,-9999,-9999,-9999,-9999,-9999,-9999,-9999,-9999,-9999,-9999,-9999,-9999,-9999,-9999,-9999,-9999,-9999,-9999,-9999,-9999,-9999,-9999,-9999,-9999,-9999,-9999,-9999,-9999,-9999,-9999,-9999,-9999,-9999,-9999,-9999,-9999,-9999,-9999,-9999,-9999,-9999,-9999,-9999,-9999,-9999,-9999,-9999,-9999
-9999,-9999,-9999,-9999,-9999,-9999,-9999,-9999,-9999,-9999,-9999,-9999,-9999,-9999,-9999,-9999,-9999,-9999,-9999,-9999,-9999,-9999,-9999,-9999,-9999,-9999,-9999,-9999,-9999,-9999,-9999,-9999,-9999,-9999,-9999,-9999,-9999,-9999,-9999,-9999,-9999,-9999,-9999,-9999,-9999,-9999,-9999,-9999,-9999,-9999,-9999,-9999,-9999,-9999,-9999,-9999,-9999,-9999,-9999,-9999,-9999,-9999,-9999,-9999,-9999,-9999,-9999,-9999,-9999,-9999,-9999,-9999,-9999,-9999,-9999,-9999,-9999,-9999,-9999,-9999,-9999,-9999,-9999,-9999,-9999,-9999,-9999,-9999,-9999,-9999,-9999,-9999,-9999,-9999,-9999,-9999,-9999,-9999,-9999,-9999,-9999,-9999,-9999,-9999,-9999,-9999,-9999,-9999,-9999,-9999,-9999,-9999,-9999,-9999,-9999,-9999,-9999,-9999,-9999,-9999,-9999,-9999,-9999,-9999,-9999,-9999,-9999,-9999,-9999,-9999,-9999

Step,397
Year,33.08333
-9999,-9999,-9999,-9999,-9999,-9999,-9999,-9999,-9999,-9999,-9999,-9999,-9999,-9999,-9999,-9999,-9999,-9999,-9999,-9999,-9999,-9999,-9999,-9999,-9999,-9999,-9999,-9999,-9999,-9999,-9999,-9999,-9999,-9999,-9999,-9999,-9999,-9999,-9999,-9999,-9999,-9999,-9999,-9999,-9999,-9999,-9999,-9999,-9999,-9999,-9999,-9999,-9999,-9999,-9999,-9999,-9999,-9999,-9999,-9999,-9999,-9999,-9999,-9999,-9999,-9999,-9999,-9999,-9999,-9999,-9999,-9999,-9999,-9999,-9999,-9999,-9999,-9999,-9999,-9999,-9999,-9999,-9999,-9999,-9999,-9999,-9999,-9999,-9999,-9999,-9999,-9999,-9999,-9999,-9999,-9999,-9999,-9999,-9999,-9999,-9999,-9999,-9999,-9999,-9999,-9999,-9999,-9999,-9999,-9999,-9999,-9999,-9999,-9999,-9999,-9999,-9999,-9999,-9999,-9999,-9999,-9999,-9999,-9999,-9999,-9999,-9999,-9999,-9999,-9999,-9999
-9999,-9999,-9999,-9999,-9999,-9999,-9999,-9999,-9999,-9999,-9999,-9999,-9999,-9999,-9999,-9999,-9999,-9999,-9999,-9999,-9999,-9999,-9999,-9999,-9999,-9999,-9999,-9999,-9999,-9999,-9999,-9999,-9999,-9999,-9999,-9999,-9999,-9999,-9999,-9999,-9999,-9999,-9999,-9999,-9999,-9999,-9999,-9999,-9999,-9999,-9999,-9999,-9999,-9999,-9999,-9999,-9999,-9999,-9999,-9999,-9999,-9999,-9999,-9999,-9999,-9999,-9999,-9999,-9999,-9999,-9999,-9999,-9999,-9999,-9999,-9999,-9999,-9999,-9999,-9999,-9999,-9999,-9999,-9999,-9999,-9999,-9999,-9999,-9999,-9999,-9999,-9999,-9999,-9999,-9999,-9999,-9999,-9999,-9999,-9999,-9999,-9999,-9999,-9999,-9999,-9999,-9999,-9999,-9999,-9999,-9999,-9999,-9999,-9999,-9999,-9999,-9999,-9999,-9999,-9999,-9999,-9999,-9999,-9999,-9999,-9999,-9999,-9999,-9999,-9999,-9999
-9999,-9999,-9999,-9999,-9999,-9999,-9999,-9999,-9999,-9999,-9999,-9999,-9999,-9999,-9999,-9999,-9999,-9999,-9999,-9999,-9999,-9999,-9999,-9999,-9999,-9999,-9999,-9999,-9999,-9999,-9999,-9999,-9999,-9999,-9999,-9999,-9999,-9999,-9999,-9999,-9999,-9999,-9999,-9999,-9999,-9999,-9999,-9999,-9999,-9999,-9999,-9999,-9999,-9999,-9999,-9999,-9999,-9999,-9999,-9999,-9999,-9999,-9999,-9999,-9999,-9999,-9999,-9999,-9999,-9999,-9999,-9999,-9999,-9999,37.0651245117188,37.5875015258789,-9999,-9999,-9999,-9999,-9999,-9999,-9999,-9999,-9999,-9999,-9999,-9999,-9999,-9999,-9999,-9999,-9999,-9999,-9999,-9999,-9999,-9999,-9999,-9999,-9999,-9999,-9999,-9999,-9999,-9999,-9999,-9999,-9999,-9999,-9999,-9999,-9999,-9999,-9999,-9999,-9999,-9999,-9999,-9999,-9999,-9999,-9999,-9999,-9999,-9999,-9999,-9999,-9999,-9999,-9999
-9999,-9999,-9999,-9999,-9999,-9999,-9999,-9999,-9999,-9999,-9999,-9999,-9999,-9999,-9999,-9999,-9999,-9999,-9999,-9999,-9999,-9999,-9999,-9999,-9999,-9999,-9999,-9999,-9999,-9999,-9999,-9999,-9999,-9999,-9999,-9999,-9999,-9999,-9999,-9999,-9999,-9999,-9999,-9999,-9999,-9999,-9999,-9999,-9999,-9999,-9999,-9999,-9999,-9999,-9999,-9999,-9999,-9999,-9999,-9999,-9999,-9999,-9999,-9999,-9999,-9999,-9999,-9999,-9999,-9999,-9999,-9999,-9999,-9999,38.3016242980957,37.7885360717773,-9999,-9999,-9999,-9999,-9999,-9999,-9999,-9999,-9999,-9999,-9999,-9999,-9999,-9999,-9999,-9999,-9999,-9999,-9999,-9999,-9999,-9999,-9999,-9999,-9999,-9999,-9999,-9999,-9999,-9999,-9999,-9999,-9999,-9999,-9999,-9999,-9999,-9999,-9999,-9999,-9999,-9999,-9999,-9999,-9999,-9999,-9999,-9999,-9999,-9999,-9999,-9999,-9999,-9999,-9999
-9999,-9999,-9999,-9999,-9999,-9999,-9999,-9999,-9999,-9999,-9999,-9999,-9999,-9999,-9999,-9999,-9999,-9999,-9999,-9999,-9999,-9999,-9999,-9999,-9999,-9999,-9999,-9999,-9999,-9999,-9999,-9999,-9999,-9999,-9999,-9999,-9999,-9999,-9999,-9999,-9999,-9999,-9999,-9999,-9999,-9999,-9999,-9999,-9999,-9999,-9999,-9999,-9999,-9999,-9999,-9999,6.17333007629783E-13,1.08979421042932E-08,1.08142979016179E-08,1.07993098907855E-08,-9999,-9999,-9999,-9999,-9999,38.6717872619629,38.5523872375488,39.4839363098145,39.944278717041,37.2243270874023,35.8540649414063,32.8020401000977,32.4292488098145,31.9580039978027,35.5492630004883,34.3284339904785,32.9851951599121,-9999,-9999,25.2234630584717,23.8815803527832,23.0396537780762,23.6080703735352,30.3789539337158,33.5077171325684,35.5206413269043,35.4226341247559,33.1430587768555,24.973424911499,-9999,-9999,-9999,-9999,-9999,-9999,-9999,-9999,-9999,-9999,-9999,-9999,-9999,-9999,-9999,-9999,-9999,-9999,-9999,-9999,-9999,-9999,-9999,-9999,-9999,-9999,-9999,-9999,-9999,-9999,-9999,-9999,-9999,-9999,-9999,-9999,-9999,-9999,-9999,-9999,-9999,-9999
-9999,-9999,-9999,-9999,-9999,-9999,-9999,-9999,-9999,-9999,-9999,-9999,-9999,-9999,-9999,-9999,-9999,-9999,-9999,-9999,-9999,-9999,-9999,-9999,-9999,-9999,-9999,-9999,-9999,-9999,-9999,-9999,-9999,-9999,-9999,-9999,-9999,-9999,-9999,-9999,-9999,-9999,-9999,-9999,-9999,-9999,-9999,-9999,-9999,-9999,-9999,-9999,-9999,-9999,-9999,7.12986852717534E-13,2.48407445724297E-08,0.000671548186801374,0.000667817075736821,0.00066714157583192,0.00136887142434716,44.7421112060547,-9999,43.6516761779785,42.4503402709961,41.9916038513184,41.2898254394531,40.6605606079102,40.1417655944824,39.4856948852539,36.2287864685059,35.3332901000977,35.9544258117676,35.0103034973145,34.637882232666,35.0401306152344,33.788215637207,33.4003410339355,32.1597557067871,29.675163269043,26.403434753418,23.6500549316406,26.7774391174316,29.8087787628174,34.0873222351074,36.492748260498,36.2538299560547,34.0752258300781,28.5809364318848,22.5385551452637,15.9333848953247,-9999,-9999,-9999,-9999,-9999,-9999,-9999,-9999,-9999,-9999,-9999,-9999,-9999,-9999,-9999,-9999,-9999,-9999,-9999,-9999,-9999,-9999,-9999,-9999,-9999,-9999,-9999,-9999,-9999,-9999,-9999,-9999,-9999,-9999,-9999,-9999,-9999,-9999,-9999,-9999
-9999,-9999,-9999,-9999,-9999,-9999,-9999,-9999,-9999,-9999,-9999,-9999,-9999,-9999,-9999,-9999,-9999,-9999,-9999,-9999,-9999,-9999,-9999,-9999,-9999,-9999,-9999,-9999,-9999,-9999,-9999,-9999,-9999,-9999,-9999,-9999,-9999,-9999,-9999,-9999,-9999,-9999,-9999,-9999,-9999,-9999,-9999,-9999,-9999,-9999,-9999,-9999,-9999,-9999,-9999,1.44792604572785E-08,0.000772278232034296,45.8862190246582,45.8300857543945,45.8827285766602,46.0390167236328,45.4018173217773,44.6321907043457,44.6014862060547,42.1424713134766,42.1928062438965,40.2658424377441,40.5418472290039,39.7448577880859,38.5606079101563,37.4734077453613,37.1170120239258,36.7412223815918,36.5144538879395,36.0853652954102,35.7233085632324,34.8513412475586,33.6597557067871,31.8083267211914,29.6901721954346,26.6088371276855,24.0248031616211,27.2999897003174,31.930212020874,35.9082221984863,37.7375221252441,37.5117645263672,35.0440406799316,29.0402984619141,22.9109859466553,15.9171552658081,13.8462028503418,18.0606346130371,-9999,-9999,-9999,-9999,-9999,-9999,-9999,-9999,-9999,29.7832908630371,30.725040435791,32.8924522399902,-9999,-9999,-9999,-9999,-9999,-9999,-9999,-9999,-9999,-9999,-9999,-9999,-9999,-9999,-9999,-9999,-9999,-9999,-9999,-9999,-9999,-9999,-9999,-9999,-9999,-9999
-9999,-9999,-9999,-9999,-9999,-9999,-9999,-9999,-9999,-9999,-9999,-9999,-9999,-9999,-9999,-9999,-9999,-9999,-9999,-9999,-9999,-9999,-9999,-9999,-9999,-9999,-9999,-9999,-9999,-9999,-9999,39.1253814697266,-9999,-9999,-9999,39.6545143127441,-9999,-9999,-9999,-9999,-9999,-9999,-9999,-9999,-9999,-9999,-9999,-9999,-9999,-9999,-9999,-9999,-9999,-9999,-9999,-9999,-9999,45.4551963806152,45.6815643310547,45.7832260131836,-9999,46.1786727905273,45.596263885498,44.6882553100586,43.3381423950195,42.1461296081543,41.4094085693359,40.7632179260254,39.9947814941406,37.56005859375,36.7940521240234,37.7784538269043,38.1876068115234,37.6554183959961,36.984546661377,36.6272087097168,35.7509155273438,34.948299407959,34.613655090332,34.5370597839355,32.6379890441895,31.5778846740723,34.730583190918,36.7946586608887,39.5515594482422,40.794059753418,39.7841339111328,37.416130065918,32.9985275268555,29.391263961792,27.2193641662598,22.7015266418457,16.7589950561523,20.1140766143799,-9999,-9999,-9999,-9999,-9999,-9999,-9999,-9999,34.1220970153809,36.5047378540039,36.2261047363281,34.2487411499023,33.582878112793,-9999,-9999,-9999,-9999,-9999,-9999,-9999,-9999,-9999,-9999,-9999,-9999,-9999,-9999,-9999,-9999,-9999,-9999,-9999,-9999,-9999,-9999,-9999,-9999
-9999,-9999,-9999,-9999,-9999,-9999,-9999,-9999,-9999,-9999,-9999,-9999,-9999,-9999,-9999,-9999,-9999,-9999,-9999,-9999,-9999,-9999,-9999,-9999,-9999,-9999,-9999,-9999,-9999,-9999,38.3058433532715,37.9086685180664,-9999,-9999,39.8847236633301,39.4161567687988,-9999,-9999,36.2567863464355,38.1904716491699,-9999,-9999,-9999,-9999,-9999,41.3822174072266,-9999,-9999,-9999,-9999,-9999,-9999,-9999,-9999,-9999,-9999,-9999,-9999,-9999,-9999,-9999,45.5861053466797,46.680419921875,44.3557891845703,43.4699821472168,42.3982200622559,40.6048316955566,39.8111457824707,38.695484161377,36.572624206543,35.3990325927734,38.5471458435059,40.3128547668457,39.4984436035156,38.6100463867188,37.9713478088379,37.1628875732422,36.4025688171387,37.635139465332,39.2955589294434,39.7346839904785,38.8397827148438,39.7520027160645,40.7297706604004,41.8761901855469,42.3098220825195,41.4443817138672,39.7052993774414,36.4515571594238,35.6252136230469,36.7949447631836,30.0654544830322,17.9674835205078,20.1054153442383,24.2877597808838,-9999,-9999,-9999,-9999,-9999,34.8487701416016,35.1720924377441,35.6470756530762,35.9463920593262,36.8497619628906,37.6096572875977,35.7163543701172,32.5582160949707,-9999,-9999,-9999,-9999,-9999,-9999,-9999,-9999,-9999,-9999,-9999,-9999,-9999,-9999,-9999,-9999,-9999,-9999,-9999,-9999,-9999,-9999,-9999
-9999,-9999,-9999,-9999,-9999,-9999,-9999,-9999,-9999,-9999,-9999,-9999,-9999,-9999,-9999,-9999,-9999,-9999,-9999,-9999,-9999,-9999,-9999,38.718318939209,39.0172576904297,-9999,-9999,-9999,-9999,37.86181640625,37.8606491088867,38.0808601379395,37.7765617370605,39.3520240783691,39.3305206298828,39.2462005615234,36.5660667419434,35.6023826599121,35.8153305053711,-9999,38.5136070251465,41.1103134155273,-9999,-9999,40.9179077148438,41.4488067626953,41.9127960205078,42.8826560974121,-9999,-9999,-9999,-9999,-9999,-9999,-9999,-9999,-9999,41.6315078735352,43.8515586853027,-9999,-9999,-9999,44.3899917602539,45.0729598999023,43.8530349731445,41.6670417785645,41.9506034851074,40.9109191894531,39.5098190307617,35.8033027648926,34.5191268920898,37.6404876708984,39.8918914794922,40.4426307678223,39.9203681945801,39.3594512939453,38.8337554931641,37.5787811279297,37.8334770202637,39.4574508666992,39.9124412536621,39.9387130737305,40.9719619750977,41.8301239013672,42.248722076416,42.3889083862305,42.0296440124512,40.9385757446289,38.3501892089844,36.5840492248535,35.8250122070313,31.2755870819092,23.9239311218262,23.3368949890137,24.236328125,21.3334350585938,20.8548049926758,22.2776660919189,22.8110980987549,24.8100528717041,29.6670761108398,34.8824310302734,34.9317016601563,35.6162643432617,36.259521484375,37.8025093078613,37.6358528137207,35.0144577026367,33.3784141540527,34.4810752868652,-9999,-9999,-9999,-9999,-9999,-9999,-9999,-9999,-9999,-9999,-9999,-9999,-9999,-9999,-9999,-9999,-9999,-9999,-9999,-9999,-9999
-9999,-9999,-9999,-9999,-9999,-9999,-9999,-9999,-9999,-9999,-9999,-9999,-9999,-9999,-9999,-9999,-9999,-9999,-9999,-9999,-9999,-9999,38.4193077087402,38.239559173584,38.3634834289551,39.4388999938965,40.0671882629395,37.6372337341309,37.5669479370117,36.7324714660645,37.7397193908691,37.337760925293,36.9866905212402,37.1550369262695,38.5564880371094,36.7681312561035,35.2172317504883,35.1232604980469,35.2137565612793,36.1086349487305,37.4803276062012,39.7200088500977,40.6904335021973,40.9410781860352,41.1063194274902,41.2232360839844,42.7332000732422,43.0394554138184,43.2562637329102,-9999,-9999,-9999,-9999,-9999,-9999,-9999,-9999,39.9525108337402,40.4925155639648,42.4958801269531,-9999,-9999,43.4595260620117,45.0164909362793,45.538444519043,43.7859001159668,42.6439208984375,40.6318893432617,38.1924819946289,34.8683319091797,33.5616722106934,37.427417755127,39.2383308410645,40.7959785461426,41.1387596130371,40.5325202941895,39.8074264526367,39.2313995361328,39.3060760498047,38.6825904846191,39.8878173828125,41.0285949707031,42.0072822570801,42.7025909423828,42.5615844726563,42.4686012268066,42.4652671813965,41.839054107666,40.3653793334961,37.9598388671875,34.5106086730957,31.7489337921143,28.6069564819336,25.9077167510986,23.4621086120605,22.2548675537109,21.9518184661865,24.0208721160889,24.2770977020264,23.6654758453369,26.0626049041748,32.4667053222656,35.33984375,35.8640937805176,36.3929023742676,36.9658164978027,37.8749923706055,38.3917541503906,37.0523910522461,35.0212287902832,-9999,-9999,-9999,-9999,-9999,-9999,-9999,-9999,-9999,-9999,-9999,-9999,-9999,-9999,-9999,-9999,-9999,-9999,-9999,-9999,-9999
-9999,-9999,-9999,-9999,-9999,-9999,-9999,-9999,-9999,-9999,-9999,-9999,-9999,-9999,-9999,-9999,-9999,-9999,-9999,-9999,-9999,-9999,38.8255920410156,38.1536598205566,37.7078742980957,38.7578277587891,41.369083404541,41.3927536010742,36.8023948669434,36.7898406982422,37.5013313293457,37.2943420410156,36.9426498413086,36.9167213439941,36.8565864562988,36.1762619018555,35.125862121582,34.6588745117188,34.7301635742188,35.5364379882813,36.7520523071289,38.9810562133789,40.4602584838867,40.5887603759766,40.9691162109375,41.4522819519043,41.5625381469727,42.5174865722656,43.302734375,42.9060173034668,42.5442161560059,-9999,-9999,-9999,-9999,-9999,-9999,-9999,39.2146453857422,40.6881790161133,42.483097076416,42.9865455627441,43.0912742614746,44.6800765991211,45.1987609863281,43.8928565979004,41.9145050048828,38.5174522399902,35.0212783813477,33.2969970703125,34.6337890625,38.5785522460938,40.6702880859375,41.7973480224609,42.1850318908691,42.1995086669922,41.8674545288086,41.4575233459473,40.8969688415527,40.078197479248,41.0796737670898,42.0408096313477,42.3681678771973,42.6130485534668,42.5839805603027,42.5709419250488,42.5772933959961,42.0182037353516,40.8042106628418,38.1320037841797,33.515983581543,31.7061500549316,30.8210945129395,25.6845283508301,19.3532791137695,20.3899688720703,21.3330307006836,22.9935035705566,24.2288665771484,23.7629776000977,26.3931102752686,33.0974617004395,36.7081565856934,38.4860038757324,37.977409362793,36.0011177062988,36.5270538330078,38.3058586120605,38.0896186828613,35.841682434082,38.570442199707,-9999,-9999,-9999,-9999,-9999,-9999,-9999,-9999,-9999,-9999,-9999,-9999,-9999,-9999,-9999,-9999,-9999,-9999,-9999,-9999
-9999,-9999,-9999,-9999,-9999,-9999,-9999,-9999,-9999,-9999,-9999,-9999,-9999,-9999,-9999,-9999,-9999,-9999,-9999,-9999,-9999,-9999,39.2741928100586,39.0423355102539,36.4074859619141,35.8635902404785,42.1935691833496,44.1607666015625,40.2414779663086,38.1732597351074,38.6282806396484,38.2939262390137,38.0329513549805,37.5076141357422,37.2002716064453,36.5539283752441,36.1617736816406,35.8306198120117,35.7240409851074,36.3122482299805,37.0858306884766,38.2736968994141,39.1885604858398,39.7428436279297,39.9737014770508,40.1260871887207,40.1057052612305,40.4340515136719,41.3896484375,42.4394989013672,42.9053192138672,-9999,-9999,-9999,-9999,39.9284019470215,39.4881019592285,39.0207786560059,38.9548149108887,39.935245513916,41.109073638916,42.2448081970215,42.891902923584,43.8305053710938,44.3726043701172,42.6666259765625,41.1066436767578,36.4917106628418,33.7071723937988,35.369873046875,36.655891418457,40.0954666137695,42.1546058654785,43.1578330993652,43.5327224731445,43.3381309509277,42.9157600402832,42.4066047668457,41.8357009887695,41.236198425293,41.9710121154785,42.6528129577637,42.570198059082,42.5168914794922,42.565372467041,42.5960426330566,42.586109161377,42.1435241699219,41.2031631469727,38.704475402832,34.6651077270508,34.1873779296875,35.3684234619141,29.3540134429932,20.8431777954102,22.0501976013184,23.2581748962402,24.7890357971191,25.9716930389404,25.6915435791016,28.1664371490479,34.0207862854004,37.8754768371582,40.4882164001465,39.4639472961426,36.1221771240234,37.1677284240723,39.418773651123,40.0109481811523,39.3460006713867,38.8902931213379,40.4950904846191,-9999,-9999,-9999,-9999,-9999,-9999,-9999,-9999,-9999,-9999,-9999,-9999,-9999,-9999,-9999,-9999,-9999,-9999,-9999
-9999,-9999,-9999,-9999,-9999,-9999,-9999,-9999,-9999,-9999,-9999,-9999,-9999,-9999,-9999,-9999,-9999,-9999,-9999,-9999,-9999,37.5261764526367,39.2059669494629,38.4528274536133,35.7675704956055,35.5829582214355,41.8823471069336,44.4389419555664,42.9929580688477,42.1630325317383,41.8526458740234,41.5027770996094,41.3045883178711,40.9351615905762,40.6899490356445,40.1863632202148,39.7734184265137,39.4522094726563,39.279109954834,39.4783515930176,39.1869468688965,37.3104820251465,36.8701019287109,38.2731628417969,38.8447952270508,39.2622146606445,39.4121856689453,39.3920669555664,39.4842262268066,39.9230537414551,40.1278076171875,40.0194854736328,40.2958679199219,40.5638847351074,39.9967651367188,39.6949806213379,39.470775604248,39.1166801452637,38.936450958252,38.9842987060547,38.1851387023926,38.4564628601074,39.920238494873,42.5931510925293,44.5005950927734,43.1698913574219,39.931999206543,35.2915573120117,35.5844955444336,39.5699653625488,42.251708984375,43.2087097167969,43.6988296508789,43.707103729248,43.5716209411621,43.3279113769531,43.0253524780273,42.7107467651367,42.4138107299805,42.1207466125488,42.2384490966797,42.3603172302246,42.3858299255371,42.4129829406738,42.4467315673828,42.4307327270508,42.3194046020508,42.0971755981445,41.7509346008301,40.923038482666,39.7291107177734,39.7465057373047,40.1285362243652,37.7202796936035,33.8119506835938,31.3562049865723,29.0395603179932,29.9173202514648,30.8288440704346,30.8935947418213,32.3274078369141,35.2256851196289,38.4485626220703,41.2938117980957,41.1461753845215,39.0536766052246,41.057201385498,43.705883026123,42.3715667724609,40.1126899719238,40.5180969238281,39.9181861877441,38.7004508972168,37.8233222961426,-9999,-9999,-9999,-9999,-9999,-9999,-9999,-9999,-9999,-9999,-9999,-9999,-9999,-9999,-9999,-9999,-9999
-9999,-9999,-9999,-9999,-9999,-9999,-9999,-9999,-9999,-9999,-9999,-9999,-9999,-9999,-9999,-9999,-9999,-9999,-9999,-9999,-9999,35.8974418640137,35.4687614440918,36.6540412902832,36.1118049621582,36.9105911254883,41.4343490600586,43.7845573425293,43.5168952941895,43.1473121643066,42.6066513061523,42.2512626647949,42.1569175720215,41.9239120483398,41.5787963867188,41.2051277160645,40.7934837341309,40.4446258544922,40.2946968078613,40.3880081176758,39.7888259887695,38.0413017272949,37.116024017334,37.7031555175781,38.1285171508789,38.6660804748535,39.2290802001953,39.8022956848145,39.4576950073242,39.1616897583008,39.3283653259277,39.4957885742188,39.4926910400391,39.5566139221191,39.4256629943848,39.0745658874512,38.408390045166,38.0043182373047,37.6863784790039,36.694766998291,36.4078712463379,37.5375671386719,38.6497688293457,39.4053001403809,42.6668853759766,42.4328956604004,41.4081039428711,36.0994491577148,38.0083770751953,42.1894912719727,44.578369140625,44.3814811706543,44.1112899780273,43.7426567077637,-9999,-9999,-9999,-9999,-9999,-9999,-9999,42.074275970459,42.1326789855957,42.1892051696777,42.2378005981445,42.2118949890137,42.0456657409668,41.9266815185547,41.8589286804199,41.8313140869141,41.8265113830566,41.7918968200684,41.7580757141113,41.1953468322754,39.6810989379883,35.6865997314453,32.2087173461914,33.3964424133301,33.7834396362305,32.3452110290527,32.0629119873047,33.8678932189941,36.6667518615723,39.9969902038574,40.7741966247559,40.4658317565918,42.4933700561523,44.8035049438477,42.3560447692871,39.0810089111328,40.1374130249023,39.4124565124512,38.606273651123,36.9244918823242,37.2574920654297,-9999,-9999,-9999,-9999,-9999,-9999,-9999,-9999,-9999,-9999,-9999,-9999,-9999,-9999,-9999,-9999
-9999,-9999,-9999,-9999,-9999,-9999,-9999,-9999,-9999,-9999,-9999,-9999,-9999,-9999,-9999,-9999,-9999,-9999,-9999,33.8414840698242,34.6055488586426,34.0056076049805,33.4927864074707,33.2684555053711,37.1116676330566,39.8875541687012,40.7228965759277,41.0605316162109,40.7218246459961,40.3275756835938,40.0011520385742,39.8773040771484,39.7920608520508,39.5451049804688,39.2280693054199,38.9237976074219,38.5301704406738,38.3337898254395,38.1225662231445,38.1209754943848,38.755443572998,41.0906600952148,41.4238929748535,39.1787338256836,38.5407752990723,39.1148071289063,40.0363273620605,40.9537467956543,39.7813949584961,37.8470878601074,38.1345825195313,38.3477745056152,38.1936492919922,38.0585441589355,37.8626289367676,37.2247657775879,35.9223251342773,34.8458786010742,34.3598289489746,35.4607734680176,37.7479782104492,40.1335220336914,42.0660018920898,42.0292778015137,41.1845741271973,39.4177589416504,40.7728958129883,42.0415077209473,42.1799240112305,43.3441390991211,44.0282592773438,-9999,-9999,-9999,-9999,-9999,-9999,-9999,-9999,-9999,-9999,-9999,-9999,41.7901458740234,41.8974647521973,41.9150772094727,41.7636337280273,41.5773773193359,41.3524055480957,41.0896377563477,40.7978897094727,40.7113609313965,40.6956825256348,40.7643966674805,40.8429756164551,37.3428840637207,33.8669776916504,34.3558158874512,33.863582611084,28.9470863342285,26.2094707489014,27.6577339172363,30.1978225708008,33.6920280456543,37.2188301086426,40.328971862793,41.568115234375,42.3023147583008,39.7867431640625,36.5991744995117,38.5039291381836,40.1662063598633,40.4321174621582,35.4242706298828,36.1837463378906,-9999,-9999,-9999,-9999,-9999,-9999,-9999,-9999,-9999,-9999,-9999,-9999,-9999,-9999,-9999,-9999
-9999,-9999,-9999,-9999,-9999,-9999,-9999,-9999,-9999,-9999,-9999,-9999,-9999,-9999,-9999,-9999,-9999,-9999,31.7457027435303,32.9852142333984,33.1036338806152,35.0211334228516,33.6162719726563,32.742259979248,36.8492240905762,39.6248550415039,40.4389266967773,40.7375526428223,40.2248497009277,39.8367691040039,39.6533355712891,39.6316871643066,39.5734634399414,39.3757286071777,39.0247459411621,38.8570137023926,38.6555633544922,38.3938636779785,38.188720703125,38.1894073486328,39.6602325439453,41.947395324707,42.6980590820313,40.8782730102539,39.3951835632324,39.8767280578613,40.5414123535156,41.4565391540527,39.8318099975586,37.1235008239746,36.4248085021973,36.0567932128906,35.8274803161621,35.6891822814941,36.6603164672852,37.0241012573242,35.5448188781738,34.3681030273438,34.0062789916992,36.2294540405273,39.2467651367188,41.5327262878418,42.9967765808105,43.2364807128906,43.0795402526855,42.8647232055664,42.4892196655273,43.1320915222168,-9999,-9999,-9999,-9999,-9999,-9999,-9999,-9999,-9999,-9999,-9999,-9999,-9999,-9999,-9999,-9999,-9999,41.5902786254883,41.471134185791,41.2749938964844,40.9937934875488,40.6246566772461,40.193546295166,40.0323944091797,39.9731101989746,40.2718353271484,40.6348686218262,38.2703857421875,35.8759689331055,35.0775718688965,33.434684753418,28.4796466827393,24.8447895050049,23.8140144348145,25.0973052978516,28.0569763183594,32.6420669555664,37.6136169433594,38.6324996948242,38.9290313720703,38.3533134460449,37.6885375976563,38.6050262451172,39.6749229431152,39.2075386047363,36.1867065429688,35.0061836242676,-9999,-9999,-9999,-9999,-9999,-9999,-9999,-9999,-9999,-9999,-9999,-9999,-9999,-9999,-9999,-9999
-9999,-9999,-9999,-9999,-9999,-9999,-9999,-9999,-9999,-9999,-9999,-9999,33.3890838623047,32.0820274353027,-9999,31.5760288238525,33.1150856018066,34.5167236328125,33.9910469055176,31.3317070007324,34.0580558776855,36.9895172119141,36.1259078979492,35.2166442871094,35.7423858642578,37.2497978210449,40.5749320983887,42.6169204711914,42.2031936645508,41.9293251037598,41.6857299804688,41.6357498168945,41.6789093017578,41.5238075256348,41.1892509460449,41.3085517883301,41.271240234375,40.7376403808594,40.7810935974121,40.452262878418,40.4492111206055,41.3044052124023,41.20947265625,40.5299911499023,40.5193862915039,41.0070533752441,41.1475257873535,41.513557434082,39.6661415100098,37.2103996276855,34.8099098205566,32.2501907348633,32.0710792541504,32.5021324157715,35.706787109375,37.4861221313477,36.4272651672363,35.8602104187012,36.2228164672852,38.7216682434082,41.4202346801758,42.6424751281738,43.2689743041992,43.3772926330566,43.3623428344727,43.1794090270996,43.0094566345215,-9999,-9999,-9999,-9999,-9999,-9999,-9999,-9999,-9999,-9999,-9999,-9999,-9999,-9999,-9999,-9999,-9999,-9999,-9999,41.1682777404785,41.0128479003906,40.7648086547852,40.4049110412598,39.9665107727051,39.7218589782715,39.5484962463379,39.7201118469238,39.9466972351074,39.0652084350586,37.9765701293945,35.3041534423828,32.4105262756348,30.861198425293,27.9052848815918,22.4954414367676,21.0547142028809,22.9520530700684,27.1568984985352,32.2097625732422,33.5975646972656,34.5850982666016,38.1788711547852,41.3275756835938,39.5299453735352,38.4592971801758,39.4679222106934,36.6955032348633,34.667350769043,-9999,-9999,-9999,-9999,-9999,-9999,-9999,-9999,-9999,-9999,-9999,-9999,-9999,-9999,-9999,-9999
-9999,-9999,-9999,-9999,-9999,-9999,-9999,-9999,-9999,-9999,30.8798160552979,32.8117065429688,34.2681694030762,31.9825267791748,31.6676044464111,29.5905666351318,31.6927795410156,36.0525016784668,35.4652404785156,32.9658584594727,35.8545951843262,39.1119499206543,38.3714904785156,37.6879806518555,37.1571655273438,37.4785270690918,40.5973052978516,41.8960037231445,42.0124435424805,41.7774620056152,43.1309814453125,43.2609634399414,43.0803070068359,43.0484275817871,42.8606109619141,42.504825592041,42.5660820007324,42.3500785827637,42.1737251281738,41.9385108947754,41.6047210693359,41.3963584899902,41.3441009521484,41.4344520568848,41.4204483032227,41.7333679199219,42.1609725952148,42.2376937866211,41.2186241149902,39.3772659301758,36.5777435302734,33.6850700378418,33.4661674499512,33.818962097168,36.3400764465332,37.9349098205566,37.8811988830566,37.7936363220215,38.224609375,39.8562545776367,41.8194580078125,42.5938758850098,42.9103622436523,42.9545021057129,42.9351234436035,42.8466110229492,-9999,-9999,-9999,-9999,-9999,-9999,-9999,-9999,-9999,-9999,-9999,-9999,-9999,-9999,-9999,-9999,-9999,-9999,-9999,-9999,-9999,40.708423614502,40.4584121704102,40.1192436218262,39.7185935974121,39.4717597961426,39.2807502746582,39.3484344482422,39.4532127380371,39.3074951171875,38.8942680358887,36.4127922058105,33.5783767700195,31.943058013916,29.4264793395996,25.1201286315918,21.8965148925781,20.8438911437988,23.306526184082,27.1706371307373,30.410343170166,33.0697898864746,37.0134162902832,40.2295913696289,38.1881446838379,36.4163551330566,37.995849609375,35.4331893920898,33.3157920837402,-9999,-9999,-9999,-9999,-9999,-9999,-9999,-9999,-9999,-9999,-9999,-9999,-9999,-9999,-9999,-9999
-9999,-9999,-9999,-9999,-9999,-9999,-9999,-9999,27.6205978393555,28.7674961090088,29.0520324707031,29.0501823425293,30.1640033721924,32.2083702087402,31.4542427062988,29.7127742767334,31.8272819519043,36.2767181396484,36.381233215332,35.3363342285156,37.5371398925781,41.1353645324707,39.971134185791,39.4410362243652,39.4239692687988,39.0247993469238,39.1982574462891,39.3559417724609,39.0118370056152,40.3215751647949,43.1846160888672,44.2091026306152,44.1815071105957,44.1651458740234,44.1854705810547,43.9224433898926,43.7185096740723,43.3815803527832,43.2407531738281,43.1250534057617,42.863826751709,42.6543045043945,42.4883575439453,42.4686851501465,42.3731231689453,42.3695182800293,42.3987426757813,42.450569152832,42.4772033691406,42.5394058227539,40.4229583740234,38.036018371582,38.1621246337891,38.2541923522949,38.5790214538574,38.7136917114258,38.2571754455566,38.6792259216309,40.2144203186035,41.3792572021484,41.9272308349609,42.1887245178223,-9999,-9999,-9999,-9999,-9999,-9999,-9999,-9999,-9999,-9999,-9999,-9999,-9999,-9999,-9999,-9999,-9999,-9999,-9999,-9999,-9999,-9999,-9999,-9999,-9999,-9999,40.1100730895996,39.7982559204102,39.4588775634766,39.2511901855469,39.0929718017578,39.0656433105469,39.060863494873,39.2818031311035,39.3030586242676,37.8373603820801,35.8242111206055,32.6010437011719,30.1355590820313,29.0433368682861,25.8625526428223,20.0075454711914,19.7372932434082,22.4619750976563,28.2799015045166,33.8687782287598,35.2931442260742,36.6328582763672,35.196590423584,34.1251411437988,36.6291198730469,34.4756774902344,33.3186531066895,-9999,-9999,-9999,-9999,-9999,-9999,-9999,-9999,-9999,-9999,-9999,-9999,-9999,-9999,-9999,-9999
-9999,-9999,-9999,-9999,-9999,-9999,-9999,-9999,26.3662300109863,27.7252082824707,28.7499618530273,28.2967548370361,28.5434074401855,29.0369815826416,29.5804996490479,30.4748458862305,33.5937461853027,37.5279693603516,37.6811332702637,36.7385177612305,37.7311401367188,39.4258270263672,40.3608322143555,41.0289649963379,40.8047790527344,40.5651741027832,40.2091331481934,39.8177833557129,39.4909324645996,40.3172988891602,42.1238479614258,42.6597747802734,42.5000343322754,42.3889846801758,42.1946449279785,42.0152893066406,41.9018363952637,41.7126541137695,41.5275115966797,41.2982940673828,41.1901397705078,41.0056610107422,41.2270050048828,41.9863967895508,42.250862121582,42.2030830383301,42.1107559204102,41.9850006103516,42.087947845459,42.2428588867188,41.1811676025391,39.9994125366211,40.2418403625488,40.3805313110352,40.2565460205078,40.0601692199707,39.7605895996094,40.1011581420898,40.9809837341309,41.5338592529297,41.8386917114258,41.9585380554199,-9999,-9999,-9999,-9999,-9999,-9999,-9999,-9999,-9999,-9999,-9999,-9999,-9999,-9999,-9999,-9999,-9999,-9999,-9999,-9999,-9999,-9999,-9999,-9999,-9999,-9999,-9999,-9999,39.0652008056641,38.8994789123535,38.7766876220703,38.7241516113281,38.6799926757813,38.8951568603516,38.9711456298828,38.0289878845215,36.791015625,34.4567680358887,32.3825035095215,30.4826889038086,27.7786808013916,23.8066959381104,21.5331573486328,20.1610698699951,24.6355743408203,29.9579124450684,31.2894325256348,32.2924766540527,31.5820026397705,31.5924835205078,34.6187133789063,31.3429870605469,30.2737617492676,-9999,-9999,-9999,-9999,-9999,-9999,-9999,-9999,-9999,-9999,-9999,-9999,-9999,-9999,-9999,-9999
-9999,-9999,-9999,-9999,-9999,-9999,20.6347923278809,26.1757755279541,26.2880382537842,26.125244140625,27.5208415985107,28.3826904296875,28.1244354248047,26.0192184448242,27.5434627532959,31.9583396911621,35.956169128418,39.2479286193848,39.3065528869629,38.5536956787109,37.7855186462402,37.237865447998,39.9465560913086,42.0072708129883,42.0438079833984,41.9621353149414,41.6306800842285,41.2458152770996,40.8982238769531,40.6528358459473,40.3796081542969,40.0781478881836,39.7566299438477,39.5006103515625,39.320556640625,39.1255683898926,38.9398345947266,38.9043235778809,38.8589019775391,38.7382545471191,38.6425857543945,38.511589050293,39.2265815734863,41.1474952697754,41.9634323120117,41.8515853881836,41.5919532775879,41.2432518005371,41.0204734802246,40.8111190795898,40.9190216064453,41.0708999633789,41.2701034545898,41.4723739624023,41.4741439819336,41.3958053588867,41.1274528503418,40.9738464355469,40.9934196472168,41.2532119750977,41.7007217407227,-9999,-9999,-9999,-9999,-9999,-9999,-9999,-9999,-9999,-9999,-9999,-9999,-9999,-9999,-9999,-9999,-9999,-9999,-9999,-9999,-9999,-9999,-9999,-9999,-9999,-9999,-9999,-9999,-9999,-9999,-9999,-9999,38.3605422973633,38.2997436523438,38.4093475341797,38.442813873291,37.9298973083496,37.3721313476563,36.5639190673828,34.8154830932617,31.2652778625488,28.9696426391602,28.1593933105469,24.5718727111816,18.509428024292,20.4164581298828,24.6200771331787,25.6608238220215,26.9025974273682,27.3086471557617,28.3626499176025,32.1812171936035,29.96901512146,-9999,-9999,-9999,-9999,-9999,-9999,-9999,-9999,-9999,-9999,-9999,-9999,-9999,-9999,-9999,-9999,-9999
-9999,-9999,-9999,-9999,-9999,-9999,26.0980434417725,26.2144927978516,25.8805313110352,25.9643726348877,26.0804424285889,28.9114112854004,31.3522167205811,32.1625938415527,33.3348350524902,34.9563865661621,37.2496185302734,40.000675201416,40.1523818969727,39.3353385925293,38.8567314147949,38.3150634765625,40.4057121276855,42.0951690673828,42.0645637512207,41.9220542907715,41.7103958129883,41.528450012207,41.166561126709,40.7992897033691,40.3685531616211,40.0975494384766,39.8365135192871,39.5522613525391,39.266227722168,39.4565162658691,39.706615447998,39.6527557373047,39.5829429626465,39.4232711791992,39.2914657592773,39.2178039550781,39.600269317627,40.6652450561523,41.1265411376953,41.070556640625,40.8588485717773,40.5490646362305,40.4309616088867,40.3751945495605,40.4977226257324,40.6440238952637,40.7356605529785,40.8232460021973,40.8715667724609,40.8559303283691,40.6730918884277,40.5509719848633,40.5109214782715,-9999,-9999,-9999,-9999,-9999,-9999,-9999,-9999,-9999,-9999,-9999,-9999,-9999,-9999,-9999,-9999,-9999,-9999,-9999,-9999,-9999,-9999,-9999,-9999,-9999,-9999,-9999,-9999,-9999,-9999,-9999,-9999,-9999,-9999,-9999,37.8946342468262,37.9547233581543,37.9845695495605,37.806339263916,37.5315589904785,36.9773826599121,35.9355239868164,34.0991020202637,31.802713394165,29.1569652557373,26.4110450744629,22.6456871032715,21.5186710357666,20.942684173584,24.38916015625,27.5714302062988,28.579345703125,29.80100440979,31.5703430175781,29.591100692749,29.7159461975098,28.066722869873,-9999,-9999,-9999,-9999,-9999,-9999,-9999,-9999,-9999,-9999,-9999,-9999,-9999,-9999,-9999
-9999,-9999,-9999,-9999,25.1478958129883,26.8681125640869,26.2468662261963,25.9648036956787,25.8489284515381,25.7943382263184,26.7717266082764,31.3389167785645,34.6287879943848,37.4353637695313,38.3302574157715,37.3259658813477,38.3122940063477,40.5000495910645,40.7039642333984,40.1913414001465,39.7116889953613,39.2144889831543,40.3442192077637,41.33837890625,41.4263000488281,41.465404510498,41.3593139648438,41.2068176269531,41.0259780883789,40.7734260559082,40.4998817443848,40.2095947265625,39.9236145019531,39.6092758178711,39.3037528991699,39.8951835632324,40.5796356201172,40.4950332641602,40.3950347900391,40.189826965332,40.0222473144531,39.992992401123,40.0056381225586,40.0919342041016,40.1310958862305,40.1323318481445,40.0040740966797,39.8015441894531,39.867015838623,40.0020179748535,40.0455665588379,40.0753974914551,40.0568046569824,40.0549125671387,-9999,-9999,-9999,-9999,-9999,-9999,-9999,-9999,-9999,-9999,-9999,-9999,-9999,-9999,-9999,-9999,-9999,-9999,-9999,-9999,-9999,-9999,-9999,-9999,-9999,-9999,-9999,-9999,-9999,-9999,-9999,-9999,-9999,-9999,-9999,-9999,-9999,-9999,-9999,-9999,-9999,37.4954452514648,37.5262489318848,37.6655921936035,37.6480102539063,37.1603546142578,36.8171768188477,36.6110458374023,34.3867568969727,30.000186920166,27.8504867553711,26.7880229949951,22.8472194671631,17.9368724822998,23.0403671264648,28.2496376037598,29.8451175689697,31.3307399749756,30.8884162902832,22.3034858703613,22.7781791687012,27.9492492675781,28.9560623168945,-9999,-9999,-9999,-9999,-9999,-9999,-9999,-9999,-9999,-9999,-9999,-9999,-9999,-9999
-9999,-9999,-9999,-9999,30.5079345703125,28.1879768371582,27.417839050293,25.778657913208,26.3316402435303,28.5408191680908,30.4935264587402,33.5608596801758,36.1410217285156,38.1289978027344,39.149471282959,39.2327728271484,39.6754531860352,40.3648262023926,40.1903114318848,39.6991767883301,39.9589042663574,40.3475646972656,40.7449684143066,41.0913276672363,41.1080741882324,41.1085205078125,41.0648956298828,40.9861450195313,40.8448295593262,40.6688461303711,40.4578857421875,40.2637786865234,40.08447265625,39.9270057678223,39.7773933410645,39.9827728271484,40.2299346923828,40.0293045043945,39.8164901733398,39.5296440124512,39.2838401794434,39.1730842590332,39.1080322265625,39.1150436401367,39.1149101257324,39.1089477539063,39.0296821594238,-9999,-9999,-9999,-9999,-9999,-9999,-9999,-9999,-9999,-9999,-9999,-9999,-9999,-9999,-9999,-9999,-9999,-9999,-9999,-9999,-9999,-9999,-9999,-9999,-9999,-9999,-9999,-9999,-9999,-9999,-9999,-9999,-9999,-9999,-9999,-9999,-9999,-9999,-9999,-9999,-9999,-9999,-9999,-9999,-9999,-9999,-9999,-9999,-9999,37.1310920715332,37.2460670471191,37.2878570556641,37.1187934875488,36.6611480712891,35.6683044433594,33.4062728881836,29.7981433868408,27.8511142730713,26.7796688079834,22.3149299621582,16.0521507263184,19.5929794311523,23.5733737945557,25.1314582824707,26.5396194458008,27.2605133056641,28.1772422790527,21.5536785125732,26.7023429870605,24.4951152801514,-9999,-9999,-9999,-9999,-9999,-9999,-9999,-9999,-9999,-9999,-9999,-9999,-9999,-9999
-9999,-9999,-9999,-9999,-9999,30.7076663970947,28.6241016387939,28.7690944671631,27.3771057128906,31.2333202362061,34.1009368896484,35.9553451538086,37.5267295837402,38.7539978027344,39.6906929016113,40.3923492431641,40.3685836791992,39.8354072570801,39.5058517456055,39.2510223388672,-9999,-9999,-9999,-9999,-9999,-9999,-9999,-9999,-9999,-9999,-9999,-9999,-9999,40.0075988769531,39.9627075195313,39.8518524169922,39.7317771911621,39.4371528625488,-9999,-9999,-9999,-9999,-9999,-9999,-9999,-9999,-9999,-9999,-9999,-9999,-9999,-9999,-9999,-9999,-9999,-9999,-9999,-9999,-9999,-9999,-9999,-9999,-9999,-9999,-9999,-9999,-9999,-9999,-9999,-9999,-9999,-9999,-9999,-9999,-9999,-9999,-9999,-9999,-9999,-9999,-9999,-9999,-9999,-9999,-9999,-9999,-9999,-9999,-9999,-9999,-9999,-9999,-9999,-9999,-9999,-9999,36.7431106567383,36.8543853759766,36.9593200683594,37.0564804077148,36.5789756774902,35.0919876098633,33.0337448120117,30.3099060058594,28.3791465759277,26.850830078125,22.1304054260254,15.9474983215332,16.9572601318359,18.9261665344238,20.3708152770996,22.0507698059082,23.4730453491211,24.6165370941162,25.0492897033691,22.2199192047119,-9999,-9999,-9999,-9999,-9999,-9999,-9999,-9999,-9999,-9999,-9999,-9999,-9999,-9999,-9999
-9999,-9999,-9999,-9999,-9999,30.333324432373,30.3555908203125,31.1297130584717,32.4836120605469,36.2408103942871,38.9893264770508,39.4253196716309,39.8150405883789,40.4160194396973,40.6756172180176,40.5657234191895,40.1848945617676,39.6066780090332,-9999,-9999,-9999,-9999,-9999,-9999,-9999,-9999,-9999,-9999,-9999,-9999,-9999,-9999,-9999,-9999,-9999,-9999,-9999,-9999,-9999,-9999,-9999,-9999,-9999,-9999,-9999,-9999,-9999,-9999,-9999,-9999,-9999,-9999,-9999,-9999,-9999,-9999,-9999,-9999,-9999,-9999,-9999,-9999,-9999,-9999,-9999,-9999,-9999,-9999,-9999,-9999,-9999,-9999,-9999,-9999,-9999,-9999,-9999,-9999,-9999,-9999,-9999,-9999,-9999,-9999,-9999,-9999,-9999,-9999,-9999,-9999,-9999,-9999,-9999,-9999,-9999,-9999,-9999,36.613842010498,36.786865234375,36.8913879394531,36.7969055175781,36.3632125854492,35.4367141723633,33.942741394043,31.2442855834961,27.6376667022705,24.4803485870361,21.2902717590332,18.7585201263428,15.9360322952271,19.8333492279053,21.9499435424805,20.615234375,20.4475994110107,21.6424808502197,18.9339962005615,-9999,-9999,-9999,-9999,-9999,-9999,-9999,-9999,-9999,-9999,-9999,-9999,-9999,-9999,-9999
-9999,-9999,30.5204334259033,30.4097766876221,30.619119644165,30.0773582458496,30.4992561340332,33.4762954711914,36.3565864562988,39.4577445983887,41.6240272521973,41.269401550293,41.0541191101074,41.2869911193848,41.1004905700684,40.4024353027344,39.7610626220703,-9999,-9999,-9999,-9999,-9999,-9999,-9999,-9999,-9999,-9999,-9999,-9999,-9999,-9999,-9999,-9999,-9999,-9999,-9999,-9999,-9999,-9999,-9999,-9999,-9999,-9999,-9999,-9999,-9999,-9999,-9999,-9999,-9999,-9999,-9999,-9999,-9999,-9999,-9999,-9999,-9999,-9999,-9999,-9999,-9999,-9999,-9999,-9999,-9999,-9999,-9999,-9999,-9999,-9999,-9999,-9999,-9999,-9999,-9999,-9999,-9999,-9999,-9999,-9999,-9999,-9999,-9999,-9999,-9999,-9999,-9999,-9999,-9999,-9999,-9999,-9999,-9999,-9999,-9999,-9999,36.3526039123535,36.5725250244141,36.6735153198242,36.8372116088867,37.0962562561035,36.9711837768555,36.3932189941406,33.840705871582,29.7595405578613,27.1021995544434,24.9941062927246,20.6584167480469,15.6389236450195,19.0702877044678,20.9485702514648,17.9034385681152,16.9635982513428,21.1838073730469,17.6456871032715,-9999,-9999,-9999,-9999,-9999,-9999,-9999,-9999,-9999,-9999,-9999,-9999,-9999,-9999,-9999
-9999,-9999,-9999,-9999,30.6780891418457,30.0851764678955,30.7629585266113,35.0804443359375,39.0627822875977,40.144847869873,40.7989654541016,40.648193359375,40.5368118286133,40.6408576965332,40.3184356689453,39.4836692810059,-9999,-9999,-9999,-9999,-9999,-9999,-9999,-9999,-9999,-9999,-9999,-9999,-9999,-9999,-9999,-9999,-9999,-9999,-9999,-9999,-9999,-9999,-9999,-9999,-9999,-9999,-9999,-9999,-9999,-9999,-9999,-9999,-9999,-9999,-9999,-9999,-9999,-9999,-9999,-9999,-9999,-9999,-9999,-9999,-9999,-9999,-9999,-9999,-9999,-9999,-9999,-9999,-9999,-9999,-9999,-9999,-9999,-9999,-9999,-9999,-9999,-9999,-9999,-9999,-9999,-9999,-9999,-9999,-9999,-9999,-9999,-9999,-9999,-9999,-9999,-9999,-9999,-9999,-9999,-9999,-9999,36.04931640625,36.2690658569336,36.3376960754395,36.4897689819336,36.7704467773438,36.9467086791992,36.9752731323242,36.0246963500977,34.3560752868652,30.4542999267578,25.515308380127,22.9632759094238,20.7095832824707,18.9884223937988,17.3727893829346,16.173152923584,16.0054626464844,17.4716472625732,18.958288192749,-9999,-9999,-9999,-9999,-9999,-9999,-9999,-9999,-9999,-9999,-9999,-9999,-9999,-9999,-9999
-9999,-9999,-9999,-9999,30.8504600524902,30.8741703033447,31.432559967041,36.5574111938477,40.4092330932617,40.486011505127,40.2735862731934,40.363395690918,40.348087310791,40.1476974487305,39.6122283935547,-9999,-9999,-9999,-9999,-9999,-9999,-9999,-9999,-9999,-9999,-9999,-9999,-9999,-9999,-9999,-9999,-9999,-9999,-9999,-9999,-9999,-9999,-9999,-9999,-9999,-9999,-9999,-9999,-9999,-9999,-9999,-9999,-9999,-9999,-9999,-9999,-9999,-9999,-9999,-9999,-9999,-9999,-9999,-9999,-9999,-9999,-9999,-9999,-9999,-9999,-9999,-9999,-9999,-9999,-9999,-9999,-9999,-9999,-9999,-9999,-9999,-9999,-9999,-9999,-9999,-9999,-9999,-9999,-9999,-9999,-9999,-9999,-9999,-9999,-9999,-9999,-9999,-9999,-9999,-9999,-9999,-9999,35.7044486999512,35.9325942993164,35.9753570556641,36.0867004394531,36.298454284668,36.5529708862305,36.8425903320313,36.7532958984375,36.3735427856445,32.1133880615234,25.9568901062012,24.2273178100586,23.2037467956543,18.3890647888184,14.392858505249,15.082181930542,15.8345623016357,15.7997531890869,16.7587337493896,13.6524209976196,-9999,-9999,-9999,-9999,-9999,-9999,-9999,-9999,-9999,-9999,-9999,-9999,-9999,-9999
-9999,-9999,-9999,-9999,31.1094989776611,31.0578937530518,32.188102722168,36.3412208557129,40.4029922485352,40.4202423095703,40.2327919006348,40.5654067993164,40.5650215148926,39.8650054931641,39.019115447998,-9999,-9999,-9999,-9999,-9999,-9999,-9999,-9999,-9999,-9999,-9999,-9999,-9999,-9999,-9999,-9999,-9999,-9999,-9999,-9999,-9999,-9999,-9999,-9999,-9999,-9999,-9999,-9999,-9999,-9999,-9999,-9999,-9999,-9999,-9999,-9999,-9999,-9999,-9999,-9999,-9999,-9999,-9999,-9999,-9999,-9999,-9999,-9999,-9999,-9999,-9999,-9999,-9999,-9999,-9999,-9999,-9999,-9999,-9999,-9999,-9999,-9999,-9999,-9999,-9999,-9999,-9999,-9999,-9999,-9999,-9999,-9999,-9999,-9999,-9999,-9999,-9999,-9999,-9999,-9999,-9999,-9999,35.3064727783203,35.5547409057617,35.5809593200684,35.6084136962891,35.627986907959,35.6728057861328,35.7391777038574,35.705192565918,35.5772972106934,31.72096824646,26.1559715270996,24.331413269043,22.9071502685547,17.4914169311523,12.8453130722046,15.2039356231689,16.934118270874,17.3185806274414,17.8479175567627,18.6490459442139,14.0423145294189,-9999,-9999,-9999,-9999,-9999,-9999,-9999,-9999,-9999,-9999,-9999,-9999,-9999
-9999,-9999,-9999,-9999,26.7051429748535,31.2961711883545,32.2646255493164,35.809886932373,38.9131164550781,39.1293601989746,39.196102142334,40.074520111084,40.3750114440918,39.5395774841309,-9999,-9999,-9999,-9999,-9999,-9999,-9999,-9999,-9999,-9999,-9999,-9999,-9999,-9999,-9999,-9999,-9999,-9999,-9999,-9999,-9999,-9999,-9999,-9999,-9999,-9999,-9999,-9999,-9999,-9999,-9999,-9999,-9999,-9999,-9999,-9999,-9999,-9999,-9999,-9999,-9999,-9999,-9999,-9999,-9999,-9999,-9999,-9999,-9999,-9999,-9999,-9999,-9999,-9999,-9999,-9999,-9999,-9999,-9999,-9999,-9999,-9999,-9999,-9999,-9999,-9999,-9999,-9999,-9999,-9999,-9999,-9999,-9999,-9999,-9999,-9999,-9999,-9999,-9999,-9999,-9999,-9999,-9999,34.8719444274902,35.1384086608887,35.1795043945313,35.1766204833984,35.0920066833496,35.0882148742676,35.1634635925293,34.9935684204102,34.6677284240723,32.4639663696289,29.5037708282471,26.3685207366943,22.8520336151123,18.4308967590332,14.6767797470093,15.2427196502686,16.0757160186768,16.5182189941406,17.3376522064209,18.32692527771,18.6126804351807,16.8776187896729,16.6686897277832,-9999,-9999,-9999,-9999,-9999,-9999,-9999,-9999,-9999,-9999,-9999
-9999,-9999,-9999,-9999,29.25758934021,31.3539733886719,32.6023330688477,34.325122833252,36.1147079467773,36.6467552185059,37.3093948364258,39.0324554443359,39.8630752563477,39.182487487793,-9999,-9999,-9999,-9999,-9999,-9999,-9999,-9999,-9999,-9999,-9999,-9999,-9999,-9999,-9999,-9999,-9999,-9999,-9999,-9999,-9999,-9999,-9999,-9999,-9999,-9999,-9999,-9999,-9999,-9999,-9999,-9999,-9999,-9999,-9999,-9999,-9999,-9999,-9999,-9999,-9999,-9999,-9999,-9999,-9999,-9999,-9999,-9999,-9999,-9999,-9999,-9999,-9999,-9999,-9999,-9999,-9999,-9999,-9999,-9999,-9999,-9999,-9999,-9999,-9999,-9999,-9999,-9999,-9999,-9999,-9999,-9999,-9999,-9999,-9999,-9999,-9999,-9999,-9999,-9999,-9999,-9999,-9999,-9999,34.6902351379395,34.7708587646484,34.7792015075684,34.6625518798828,34.7402954101563,35.0075912475586,34.5552825927734,33.6370429992676,33.9426155090332,34.5325584411621,29.6023483276367,23.1355228424072,21.073371887207,18.912036895752,15.8994541168213,13.6943588256836,14.2405443191528,15.6303844451904,17.678804397583,18.7058544158936,18.9046077728271,-9999,-9999,-9999,-9999,-9999,-9999,-9999,-9999,-9999,-9999,-9999,-9999
-9999,-9999,-9999,-9999,28.6422023773193,30.6372737884521,30.6698474884033,31.3941688537598,32.4792327880859,34.7399253845215,36.8940353393555,38.273868560791,38.9616661071777,38.7332954406738,-9999,-9999,-9999,-9999,-9999,-9999,-9999,-9999,-9999,-9999,-9999,-9999,-9999,-9999,-9999,-9999,-9999,-9999,-9999,-9999,-9999,-9999,-9999,-9999,-9999,-9999,-9999,-9999,-9999,-9999,-9999,-9999,-9999,-9999,-9999,-9999,-9999,-9999,-9999,-9999,-9999,-9999,-9999,-9999,-9999,-9999,-9999,-9999,-9999,-9999,-9999,-9999,-9999,-9999,-9999,-9999,-9999,-9999,-9999,-9999,-9999,-9999,-9999,-9999,-9999,-9999,-9999,-9999,-9999,-9999,-9999,-9999,-9999,-9999,-9999,-9999,-9999,-9999,-9999,-9999,-9999,-9999,-9999,-9999,34.2818908691406,34.3780403137207,34.3995933532715,34.2935333251953,34.4212989807129,34.7703857421875,34.5304260253906,33.921703338623,34.7843132019043,35.9626846313477,30.6214828491211,23.3818759918213,22.0187473297119,20.1185741424561,15.5246448516846,12.1600027084351,12.3809967041016,13.8476657867432,16.7805233001709,23.7379188537598,32.2151908874512,29.7511959075928,34.3396797180176,-9999,-9999,-9999,-9999,-9999,-9999,-9999,-9999,-9999,-9999
-9999,-9999,-9999,-9999,-9999,22.0637588500977,28.0367050170898,28.8926200866699,28.5511436462402,33.2071189880371,36.8297119140625,37.4870910644531,37.8508682250977,38.2359466552734,-9999,-9999,-9999,-9999,-9999,-9999,-9999,-9999,-9999,-9999,-9999,-9999,-9999,-9999,-9999,-9999,-9999,-9999,-9999,-9999,-9999,-9999,-9999,-9999,-9999,-9999,-9999,-9999,-9999,-9999,-9999,-9999,-9999,-9999,-9999,-9999,-9999,-9999,-9999,-9999,-9999,-9999,-9999,-9999,-9999,-9999,-9999,-9999,-9999,-9999,-9999,-9999,-9999,-9999,-9999,-9999,-9999,-9999,-9999,-9999,-9999,-9999,-9999,-9999,-9999,-9999,-9999,-9999,-9999,-9999,-9999,-9999,-9999,-9999,-9999,-9999,-9999,-9999,-9999,-9999,-9999,-9999,-9999,-9999,33.8874893188477,33.988956451416,34.0250968933105,33.9524955749512,34.1145896911621,34.4952545166016,34.6893424987793,34.7626495361328,35.4274749755859,36.1102256774902,30.7778205871582,23.7520179748535,22.0866107940674,19.8895797729492,14.853723526001,11.1272096633911,10.8741769790649,12.258638381958,16.2459506988525,23.0275325775146,31.3250255584717,34.2557754516602,35.1669731140137,32.3028411865234,-9999,-9999,-9999,-9999,-9999,-9999,-9999,-9999,-9999
-9999,-9999,-9999,-9999,-9999,25.1792602539063,26.3867874145508,26.212963104248,27.791130065918,32.9177169799805,36.794994354248,37.1649551391602,37.5521659851074,38.0382652282715,-9999,-9999,-9999,-9999,-9999,-9999,-9999,-9999,-9999,-9999,-9999,-9999,-9999,-9999,-9999,-9999,-9999,-9999,-9999,-9999,-9999,-9999,-9999,-9999,-9999,-9999,-9999,-9999,-9999,-9999,-9999,-9999,-9999,-9999,-9999,-9999,-9999,-9999,-9999,-9999,-9999,-9999,-9999,-9999,-9999,-9999,-9999,-9999,-9999,-9999,-9999,-9999,-9999,-9999,-9999,-9999,-9999,-9999,-9999,-9999,-9999,-9999,-9999,-9999,-9999,-9999,-9999,-9999,-9999,-9999,-9999,-9999,-9999,-9999,-9999,-9999,-9999,-9999,-9999,-9999,-9999,-9999,-9999,-9999,33.4999046325684,33.6091003417969,33.6638107299805,33.635425567627,33.7779502868652,34.0743637084961,34.2791404724121,34.4137306213379,35.1182250976563,35.8350601196289,30.7803478240967,24.0341892242432,22.3317642211914,20.0705375671387,14.764573097229,11.0032472610474,11.6278247833252,13.4623184204102,17.0256900787354,22.6485710144043,28.9650287628174,33.3920021057129,37.7138442993164,37.8568267822266,-9999,-9999,-9999,-9999,-9999,-9999,-9999,-9999,-9999
-9999,-9999,-9999,-9999,-9999,25.1005859375,25.2247524261475,26.1556568145752,27.2295017242432,33.1357231140137,36.7946853637695,37.1144676208496,37.412654876709,37.9039039611816,-9999,-9999,-9999,-9999,-9999,-9999,-9999,-9999,-9999,-9999,-9999,-9999,-9999,-9999,-9999,-9999,-9999,-9999,-9999,-9999,-9999,-9999,-9999,-9999,-9999,-9999,-9999,-9999,-9999,-9999,-9999,-9999,-9999,-9999,-9999,-9999,-9999,-9999,-9999,-9999,-9999,-9999,-9999,-9999,-9999,-9999,-9999,-9999,-9999,-9999,-9999,-9999,-9999,-9999,-9999,-9999,-9999,-9999,-9999,-9999,-9999,-9999,-9999,-9999,-9999,-9999,-9999,-9999,-9999,-9999,-9999,-9999,-9999,-9999,-9999,-9999,-9999,-9999,-9999,-9999,-9999,-9999,-9999,-9999,-9999,33.2267684936523,33.301815032959,33.3218612670898,33.4330711364746,33.6215324401855,33.7441825866699,33.8047637939453,34.6408004760742,35.5176963806152,30.7165145874023,24.2978363037109,22.6014823913574,20.3397407531738,14.6447954177856,11.0582370758057,13.1282653808594,15.3877058029175,18.3212585449219,21.9518756866455,25.9158973693848,31.3131351470947,36.5410385131836,38.409797668457,-9999,-9999,-9999,-9999,-9999,-9999,-9999,-9999,-9999
-9999,-9999,-9999,-9999,-9999,-9999,24.2833518981934,24.8027439117432,25.9881839752197,32.0704002380371,36.3740081787109,36.8389129638672,37.1707496643066,-9999,-9999,-9999,-9999,-9999,-9999,-9999,-9999,-9999,-9999,-9999,-9999,-9999,-9999,-9999,-9999,-9999,-9999,-9999,-9999,-9999,-9999,-9999,-9999,-9999,-9999,-9999,-9999,-9999,-9999,-9999,-9999,-9999,-9999,-9999,-9999,-9999,-9999,-9999,-9999,-9999,-9999,-9999,-9999,-9999,-9999,-9999,-9999,-9999,-9999,-9999,-9999,-9999,-9999,-9999,-9999,-9999,-9999,-9999,-9999,-9999,-9999,-9999,-9999,-9999,-9999,-9999,-9999,-9999,-9999,-9999,-9999,-9999,-9999,-9999,-9999,-9999,-9999,-9999,-9999,-9999,-9999,-9999,-9999,-9999,-9999,32.956859588623,33.0571594238281,33.1175575256348,33.2171211242676,33.344856262207,33.6665229797363,34.0815696716309,34.6034698486328,35.001594543457,30.4675559997559,24.5784358978271,22.974422454834,21.0481643676758,17.7611179351807,15.0072956085205,13.4318656921387,13.4733810424805,14.9892272949219,19.2692966461182,25.6788368225098,29.5055179595947,32.6943588256836,33.6701545715332,-9999,-9999,-9999,-9999,-9999,-9999,-9999,-9999,-9999
-9999,-9999,-9999,-9999,-9999,-9999,22.8476085662842,22.5270462036133,24.4453411102295,31.2285232543945,36.0440216064453,36.5538024902344,36.9034576416016,-9999,-9999,-9999,-9999,-9999,-9999,-9999,-9999,-9999,-9999,-9999,-9999,-9999,-9999,-9999,-9999,-9999,-9999,-9999,-9999,-9999,-9999,-9999,-9999,-9999,-9999,-9999,-9999,-9999,-9999,-9999,-9999,-9999,-9999,-9999,-9999,-9999,-9999,-9999,-9999,-9999,-9999,-9999,-9999,-9999,-9999,-9999,-9999,-9999,-9999,-9999,-9999,-9999,-9999,-9999,-9999,-9999,-9999,-9999,-9999,-9999,-9999,-9999,-9999,-9999,-9999,-9999,-9999,-9999,-9999,-9999,-9999,-9999,-9999,-9999,-9999,-9999,-9999,-9999,-9999,-9999,-9999,-9999,-9999,-9999,-9999,32.7005043029785,32.8235168457031,32.9146957397461,33.0025329589844,33.0796852111816,33.5887145996094,34.3315925598145,34.5527191162109,34.5059471130371,30.247953414917,24.8327178955078,23.3397769927979,21.8469390869141,20.6847114562988,18.6064109802246,14.1496524810791,11.4214143753052,11.3613548278809,16.5502910614014,25.163890838623,27.6727695465088,28.066822052002,24.0419311523438,17.6310482025146,15.981650352478,-9999,-9999,-9999,-9999,-9999,-9999,-9999
-9999,-9999,-9999,-9999,-9999,-9999,21.5354557037354,21.8394680023193,22.9740943908691,30.2383708953857,35.2850799560547,36.0108261108398,36.6256408691406,-9999,-9999,-9999,-9999,-9999,-9999,-9999,-9999,-9999,-9999,-9999,-9999,-9999,-9999,-9999,-9999,-9999,-9999,-9999,-9999,-9999,-9999,-9999,-9999,-9999,-9999,-9999,-9999,-9999,-9999,-9999,-9999,-9999,-9999,-9999,-9999,-9999,-9999,-9999,-9999,-9999,-9999,-9999,-9999,-9999,-9999,-9999,-9999,-9999,-9999,-9999,-9999,-9999,-9999,-9999,-9999,-9999,-9999,-9999,-9999,-9999,-9999,-9999,-9999,-9999,-9999,-9999,-9999,-9999,-9999,-9999,-9999,-9999,-9999,-9999,-9999,-9999,-9999,-9999,-9999,-9999,-9999,-9999,-9999,-9999,-9999,32.5666046142578,32.6600799560547,32.6848945617676,32.7456207275391,32.8293304443359,33.3188056945801,34.0300216674805,34.2591896057129,34.2675361633301,30.1601333618164,24.9725818634033,23.6070404052734,22.220739364624,20.9524841308594,18.7401180267334,13.9346199035645,11.5701370239258,12.7953519821167,15.9565153121948,20.5707321166992,21.787260055542,21.6388492584229,19.8538341522217,17.3005313873291,13.5163726806641,8.10584259033203,-9999,-9999,-9999,-9999,-9999,-9999
-9999,-9999,-9999,-9999,-9999,-9999,-9999,-9999,-9999,-9999,-9999,-9999,-9999,-9999,-9999,-9999,-9999,-9999,-9999,-9999,-9999,-9999,-9999,-9999,-9999,-9999,-9999,-9999,-9999,-9999,-9999,-9999,-9999,-9999,-9999,-9999,-9999,-9999,-9999,-9999,-9999,-9999,-9999,-9999,-9999,-9999,-9999,-9999,-9999,-9999,-9999,-9999,-9999,-9999,-9999,-9999,-9999,-9999,-9999,-9999,-9999,-9999,-9999,-9999,-9999,-9999,-9999,-9999,-9999,-9999,-9999,-9999,-9999,-9999,-9999,-9999,-9999,-9999,-9999,-9999,-9999,-9999,-9999,-9999,-9999,-9999,-9999,-9999,-9999,-9999,-9999,-9999,-9999,-9999,-9999,-9999,-9999,-9999,-9999,-9999,32.4850425720215,32.455249786377,32.4988479614258,32.6013259887695,33.0845794677734,33.7765960693359,33.9934844970703,33.9818229675293,30.5921115875244,26.3943061828613,24.4767971038818,22.5629749298096,21.2514572143555,18.9112300872803,13.7063255310059,11.6621446609497,13.747670173645,15.2515735626221,16.3421249389648,15.866584777832,14.7555627822876,15.1149044036865,15.865608215332,9.74215030670166,7.75952196121216,3.00199270248413,-9999,-9999,-9999,-9999,-9999
-9999,-9999,-9999,-9999,-9999,-9999,-9999,-9999,-9999,-9999,-9999,-9999,-9999,-9999,-9999,-9999,-9999,-9999,-9999,-9999,-9999,-9999,-9999,-9999,-9999,-9999,-9999,-9999,-9999,-9999,-9999,-9999,-9999,-9999,-9999,-9999,-9999,-9999,-9999,-9999,-9999,-9999,-9999,-9999,-9999,-9999,-9999,-9999,-9999,-9999,-9999,-9999,-9999,-9999,-9999,-9999,-9999,-9999,-9999,-9999,-9999,-9999,-9999,-9999,-9999,-9999,-9999,-9999,-9999,-9999,-9999,-9999,-9999,-9999,-9999,-9999,-9999,-9999,-9999,-9999,-9999,-9999,-9999,-9999,-9999,-9999,-9999,-9999,-9999,-9999,-9999,-9999,-9999,-9999,-9999,-9999,-9999,-9999,-9999,-9999,32.2737045288086,32.232364654541,32.3012199401855,32.4672622680664,32.990535736084,33.7062110900879,33.8781356811523,33.8116912841797,33.029914855957,32.0393028259277,27.4276962280273,22.8250122070313,21.5328712463379,19.1587104797363,13.9109182357788,11.3465070724487,13.0791254043579,13.6528367996216,13.3811016082764,12.1211967468262,10.150050163269,9.80152988433838,9.7897891998291,6.76769304275513,3.42778348922729,3.26653337478638,2.76674652099609,-9999,-9999,-9999,-9999
-9999,-9999,-9999,-9999,-9999,-9999,-9999,-9999,-9999,-9999,-9999,-9999,-9999,-9999,-9999,-9999,-9999,-9999,-9999,-9999,-9999,-9999,-9999,-9999,-9999,-9999,-9999,-9999,-9999,-9999,-9999,-9999,-9999,-9999,-9999,-9999,-9999,-9999,-9999,-9999,-9999,-9999,-9999,-9999,-9999,-9999,-9999,-9999,-9999,-9999,-9999,-9999,-9999,-9999,-9999,-9999,-9999,-9999,-9999,-9999,-9999,-9999,-9999,-9999,-9999,-9999,-9999,-9999,-9999,-9999,-9999,-9999,-9999,-9999,-9999,-9999,-9999,-9999,-9999,-9999,-9999,-9999,-9999,-9999,-9999,-9999,-9999,-9999,-9999,-9999,-9999,-9999,-9999,-9999,-9999,-9999,-9999,-9999,-9999,-9999,32.0806045532227,32.0518112182617,32.1424560546875,32.3556747436523,32.7966728210449,33.3601531982422,33.6156387329102,33.701488494873,34.534049987793,35.2410697937012,29.2762088775635,23.0582141876221,21.8458404541016,19.5262260437012,14.1413860321045,11.337329864502,12.477593421936,12.3176708221436,10.9906415939331,9.21249866485596,7.32272911071777,6.22718906402588,5.15230369567871,4.25045204162598,3.51300716400146,2.76121950149536,2.51005697250366,-9999,-9999,-9999,-9999
-9999,-9999,-9999,-9999,-9999,-9999,-9999,-9999,-9999,-9999,-9999,-9999,-9999,-9999,-9999,-9999,-9999,-9999,-9999,-9999,-9999,-9999,-9999,-9999,-9999,-9999,-9999,-9999,-9999,-9999,-9999,-9999,-9999,-9999,-9999,-9999,-9999,-9999,-9999,-9999,-9999,-9999,-9999,-9999,-9999,-9999,-9999,-9999,-9999,-9999,-9999,-9999,-9999,-9999,-9999,-9999,-9999,-9999,-9999,-9999,-9999,-9999,-9999,-9999,-9999,-9999,-9999,-9999,-9999,-9999,-9999,-9999,-9999,-9999,-9999,-9999,-9999,-9999,-9999,-9999,-9999,-9999,-9999,-9999,-9999,-9999,-9999,-9999,-9999,-9999,-9999,-9999,-9999,-9999,-9999,-9999,-9999,-9999,-9999,-9999,-9999,31.9488410949707,32.0681991577148,32.291431427002,32.4129219055176,32.471981048584,33.0562438964844,33.6952171325684,34.5969657897949,35.3148803710938,29.404857635498,23.2771186828613,22.1637439727783,19.9333419799805,14.6152772903442,11.4381504058838,12.3799180984497,11.6754846572876,9.53975296020508,8.46321296691895,7.85236501693726,6.29791164398193,3.997389793396,3.39611625671387,2.8583288192749,2.5110034942627,2.23694634437561,-9999,-9999,3.28803753852844,3.35761976242065
-9999,-9999,-9999,-9999,-9999,-9999,-9999,-9999,-9999,-9999,-9999,-9999,-9999,-9999,-9999,-9999,-9999,-9999,-9999,-9999,-9999,-9999,-9999,-9999,-9999,-9999,-9999,-9999,-9999,-9999,-9999,-9999,-9999,-9999,-9999,-9999,-9999,-9999,-9999,-9999,-9999,-9999,-9999,-9999,-9999,-9999,-9999,-9999,-9999,-9999,-9999,-9999,-9999,-9999,-9999,-9999,-9999,-9999,-9999,-9999,-9999,-9999,-9999,-9999,-9999,-9999,-9999,-9999,-9999,-9999,-9999,-9999,-9999,-9999,-9999,-9999,-9999,-9999,-9999,-9999,-9999,-9999,-9999,-9999,-9999,-9999,-9999,-9999,-9999,-9999,-9999,-9999,-9999,-9999,-9999,-9999,-9999,-9999,-9999,-9999,-9999,-9999,32.0119667053223,32.1882400512695,32.1450271606445,31.9595394134521,32.6810455322266,33.5637245178223,34.559944152832,35.3549880981445,29.5830078125,23.3245468139648,20.2086982727051,16.7524509429932,12.6855125427246,10.2484521865845,10.7676753997803,9.82459354400635,7.47319459915161,6.90365362167358,7.02814769744873,5.58838272094727,3.17564082145691,2.78588032722473,2.76490545272827,2.62853956222534,2.5855016708374,2.97516274452209,3.26074957847595,3.22826528549194,3.42404842376709
-9999,-9999,-9999,-9999,-9999,-9999,-9999,-9999,-9999,-9999,-9999,-9999,-9999,-9999,-9999,-9999,-9999,-9999,-9999,-9999,-9999,-9999,-9999,-9999,-9999,-9999,-9999,-9999,-9999,-9999,-9999,-9999,-9999,-9999,-9999,-9999,-9999,-9999,-9999,-9999,-9999,-9999,-9999,-9999,-9999,-9999,-9999,-9999,-9999,-9999,-9999,-9999,-9999,-9999,-9999,-9999,-9999,-9999,-9999,-9999,-9999,-9999,-9999,-9999,-9999,-9999,-9999,-9999,-9999,-9999,-9999,-9999,-9999,-9999,-9999,-9999,-9999,-9999,-9999,-9999,-9999,-9999,-9999,-9999,-9999,-9999,-9999,-9999,-9999,-9999,-9999,-9999,-9999,-9999,-9999,-9999,-9999,-9999,-9999,-9999,-9999,-9999,-9999,32.044620513916,32.0075302124023,31.8909606933594,32.502685546875,33.211742401123,34.4277839660645,35.4345779418945,29.8681812286377,23.2230796813965,15.4118099212646,8.95767211914063,7.87016820907593,7.42383050918579,7.43733549118042,6.82696294784546,4.8090877532959,4.05287408828735,4.32976531982422,3.73761749267578,3.27595472335815,3.16487741470337,3.15139412879944,3.15382552146912,3.1366286277771,3.19485235214233,3.15008521080017,2.98940753936768,2.8787477016449
-9999,-9999,-9999,-9999,-9999,-9999,-9999,-9999,-9999,-9999,-9999,-9999,-9999,-9999,-9999,-9999,-9999,-9999,-9999,-9999,-9999,-9999,-9999,-9999,-9999,-9999,-9999,-9999,-9999,-9999,-9999,-9999,-9999,-9999,-9999,-9999,-9999,-9999,-9999,-9999,-9999,-9999,-9999,-9999,-9999,-9999,-9999,-9999,-9999,-9999,-9999,-9999,-9999,-9999,-9999,-9999,-9999,-9999,-9999,-9999,-9999,-9999,-9999,-9999,-9999,-9999,-9999,-9999,-9999,-9999,-9999,-9999,-9999,-9999,-9999,-9999,-9999,-9999,-9999,-9999,-9999,-9999,-9999,-9999,-9999,-9999,-9999,-9999,-9999,-9999,-9999,-9999,-9999,-9999,-9999,-9999,-9999,-9999,-9999,-9999,-9999,-9999,-9999,31.9088935852051,31.956298828125,32.0331573486328,32.3902244567871,32.7453269958496,33.8772506713867,34.8948516845703,29.7522926330566,23.3196239471436,13.671703338623,6.17478609085083,6.56908798217773,6.72834777832031,6.95072460174561,6.03881788253784,3.52893805503845,2.6924786567688,2.94222497940063,3.09655976295471,3.13716411590576,3.04526329040527,3.15858364105225,3.25772666931152,3.18778443336487,2.90851521492004,4.47119426727295,9.48671340942383,15.0087661743164
-9999,-9999,-9999,-9999,-9999,-9999,-9999,-9999,-9999,-9999,-9999,-9999,-9999,-9999,-9999,-9999,-9999,-9999,-9999,-9999,-9999,-9999,-9999,-9999,-9999,-9999,-9999,-9999,-9999,-9999,-9999,-9999,-9999,-9999,-9999,-9999,-9999,-9999,-9999,-9999,-9999,-9999,-9999,-9999,-9999,-9999,-9999,-9999,-9999,-9999,-9999,-9999,-9999,-9999,-9999,-9999,-9999,-9999,-9999,-9999,-9999,-9999,-9999,-9999,-9999,-9999,-9999,-9999,-9999,-9999,-9999,-9999,-9999,-9999,-9999,-9999,-9999,-9999,-9999,-9999,-9999,-9999,-9999,-9999,-9999,-9999,-9999,-9999,-9999,-9999,-9999,-9999,-9999,-9999,-9999,-9999,-9999,-9999,-9999,-9999,-9999,-9999,-9999,-9999,31.9782104492188,32.3089256286621,32.4578399658203,32.5006523132324,33.0540199279785,33.9289817810059,29.3581199645996,22.9316062927246,13.3318672180176,6.44906997680664,7.33888339996338,7.59963130950928,7.76650857925415,6.53474521636963,3.63142251968384,2.55191516876221,2.58796358108521,2.49940848350525,2.58897304534912,2.50182485580444,2.35948157310486,2.33621859550476,2.2984607219696,2.10658144950867,6.64412879943848,20.1686191558838,30.8202629089355
-9999,-9999,-9999,-9999,-9999,-9999,-9999,-9999,-9999,-9999,-9999,-9999,-9999,-9999,-9999,-9999,-9999,-9999,-9999,-9999,-9999,-9999,-9999,-9999,-9999,-9999,-9999,-9999,-9999,-9999,-9999,-9999,-9999,-9999,-9999,-9999,-9999,-9999,-9999,-9999,-9999,-9999,-9999,-9999,-9999,-9999,-9999,-9999,-9999,-9999,-9999,-9999,-9999,-9999,-9999,-9999,-9999,-9999,-9999,-9999,-9999,-9999,-9999,-9999,-9999,-9999,-9999,-9999,-9999,-9999,-9999,-9999,-9999,-9999,-9999,-9999,-9999,-9999,-9999,-9999,-9999,-9999,-9999,-9999,-9999,-9999,-9999,-9999,-9999,-9999,-9999,-9999,-9999,-9999,-9999,-9999,-9999,-9999,-9999,-9999,-9999,-9999,-9999,-9999,-9999,-9999,32.2155532836914,32.1204948425293,32.6763381958008,33.2408828735352,30.3407859802246,25.9147071838379,18.7320671081543,13.2787322998047,11.5053930282593,10.4520101547241,10.8266258239746,9.86893081665039,8.01741981506348,8.65573024749756,10.9920272827148,10.9605922698975,10.4869327545166,11.875072479248,14.230881690979,15.6487064361572,16.6008987426758,16.0664024353027,18.3705787658691,26.1919441223145,32.6663703918457
-9999,-9999,-9999,-9999,-9999,-9999,-9999,-9999,-9999,-9999,-9999,-9999,-9999,-9999,-9999,-9999,-9999,-9999,-9999,-9999,-9999,-9999,-9999,-9999,-9999,-9999,-9999,-9999,-9999,-9999,-9999,-9999,-9999,-9999,-9999,-9999,-9999,-9999,-9999,-9999,-9999,-9999,-9999,-9999,-9999,-9999,-9999,-9999,-9999,-9999,-9999,-9999,-9999,-9999,-9999,-9999,-9999,-9999,-9999,-9999,-9999,-9999,-9999,-9999,-9999,-9999,-9999,-9999,-9999,-9999,-9999,-9999,-9999,-9999,-9999,-9999,-9999,-9999,-9999,-9999,-9999,-9999,-9999,-9999,-9999,-9999,-9999,-9999,-9999,-9999,-9999,-9999,-9999,-9999,-9999,-9999,-9999,-9999,-9999,-9999,-9999,-9999,-9999,-9999,-9999,-9999,-9999,-9999,31.9153270721436,32.170524597168,31.8793144226074,31.1784782409668,27.6106281280518,23.1814937591553,17.8427734375,14.693811416626,15.3899688720703,15.4877672195435,14.4706020355225,17.6578121185303,22.5718574523926,22.8755397796631,22.0184555053711,24.8081912994385,27.6479625701904,29.9222145080566,31.5817012786865,31.0066986083984,30.6005916595459,30.5739688873291,-9999
-9999,-9999,-9999,-9999,-9999,-9999,-9999,-9999,-9999,-9999,-9999,-9999,-9999,-9999,-9999,-9999,-9999,-9999,-9999,-9999,-9999,-9999,-9999,-9999,-9999,-9999,-9999,-9999,-9999,-9999,-9999,-9999,-9999,-9999,-9999,-9999,-9999,-9999,-9999,-9999,-9999,-9999,-9999,-9999,-9999,-9999,-9999,-9999,-9999,-9999,-9999,-9999,-9999,-9999,-9999,-9999,-9999,-9999,-9999,-9999,-9999,-9999,-9999,-9999,-9999,-9999,-9999,-9999,-9999,-9999,-9999,-9999,-9999,-9999,-9999,-9999,-9999,-9999,-9999,-9999,-9999,-9999,-9999,-9999,-9999,-9999,-9999,-9999,-9999,-9999,-9999,-9999,-9999,-9999,-9999,-9999,-9999,-9999,-9999,-9999,-9999,-9999,-9999,-9999,-9999,-9999,-9999,-9999,-9999,-9999,31.6501293182373,31.4463920593262,29.6263160705566,27.4823455810547,24.5888843536377,22.8170261383057,22.9423675537109,22.7693614959717,22.3228054046631,23.9858684539795,26.5745582580566,26.7761535644531,26.3767852783203,27.8522720336914,29.4015197753906,30.6855144500732,31.6359844207764,31.2488231658936,-9999,-9999,-9999
-9999,-9999,-9999,-9999,-9999,-9999,-9999,-9999,-9999,-9999,-9999,-9999,-9999,-9999,-9999,-9999,-9999,-9999,-9999,-9999,-9999,-9999,-9999,-9999,-9999,-9999,-9999,-9999,-9999,-9999,-9999,-9999,-9999,-9999,-9999,-9999,-9999,-9999,-9999,-9999,-9999,-9999,-9999,-9999,-9999,-9999,-9999,-9999,-9999,-9999,-9999,-9999,-9999,-9999,-9999,-9999,-9999,-9999,-9999,-9999,-9999,-9999,-9999,-9999,-9999,-9999,-9999,-9999,-9999,-9999,-9999,-9999,-9999,-9999,-9999,-9999,-9999,-9999,-9999,-9999,-9999,-9999,-9999,-9999,-9999,-9999,-9999,-9999,-9999,-9999,-9999,-9999,-9999,-9999,-9999,-9999,-9999,-9999,-9999,-9999,-9999,-9999,-9999,-9999,-9999,-9999,-9999,-9999,-9999,-9999,-9999,-9999,-9999,-9999,-9999,-9999,-9999,-9999,-9999,-9999,-9999,-9999,-9999,-9999,-9999,-9999,-9999,-9999,-9999,-9999,-9999
-9999,-9999,-9999,-9999,-9999,-9999,-9999,-9999,-9999,-9999,-9999,-9999,-9999,-9999,-9999,-9999,-9999,-9999,-9999,-9999,-9999,-9999,-9999,-9999,-9999,-9999,-9999,-9999,-9999,-9999,-9999,-9999,-9999,-9999,-9999,-9999,-9999,-9999,-9999,-9999,-9999,-9999,-9999,-9999,-9999,-9999,-9999,-9999,-9999,-9999,-9999,-9999,-9999,-9999,-9999,-9999,-9999,-9999,-9999,-9999,-9999,-9999,-9999,-9999,-9999,-9999,-9999,-9999,-9999,-9999,-9999,-9999,-9999,-9999,-9999,-9999,-9999,-9999,-9999,-9999,-9999,-9999,-9999,-9999,-9999,-9999,-9999,-9999,-9999,-9999,-9999,-9999,-9999,-9999,-9999,-9999,-9999,-9999,-9999,-9999,-9999,-9999,-9999,-9999,-9999,-9999,-9999,-9999,-9999,-9999,-9999,-9999,-9999,-9999,-9999,-9999,-9999,-9999,-9999,-9999,-9999,-9999,-9999,-9999,-9999,-9999,-9999,-9999,-9999,-9999,-9999

Step,409
Year,34.08333
-9999,-9999,-9999,-9999,-9999,-9999,-9999,-9999,-9999,-9999,-9999,-9999,-9999,-9999,-9999,-9999,-9999,-9999,-9999,-9999,-9999,-9999,-9999,-9999,-9999,-9999,-9999,-9999,-9999,-9999,-9999,-9999,-9999,-9999,-9999,-9999,-9999,-9999,-9999,-9999,-9999,-9999,-9999,-9999,-9999,-9999,-9999,-9999,-9999,-9999,-9999,-9999,-9999,-9999,-9999,-9999,-9999,-9999,-9999,-9999,-9999,-9999,-9999,-9999,-9999,-9999,-9999,-9999,-9999,-9999,-9999,-9999,-9999,-9999,-9999,-9999,-9999,-9999,-9999,-9999,-9999,-9999,-9999,-9999,-9999,-9999,-9999,-9999,-9999,-9999,-9999,-9999,-9999,-9999,-9999,-9999,-9999,-9999,-9999,-9999,-9999,-9999,-9999,-9999,-9999,-9999,-9999,-9999,-9999,-9999,-9999,-9999,-9999,-9999,-9999,-9999,-9999,-9999,-9999,-9999,-9999,-9999,-9999,-9999,-9999,-9999,-9999,-9999,-9999,-9999,-9999
-9999,-9999,-9999,-9999,-9999,-9999,-9999,-9999,-9999,-9999,-9999,-9999,-9999,-9999,-9999,-9999,-9999,-9999,-9999,-9999,-9999,-9999,-9999,-9999,-9999,-9999,-9999,-9999,-9999,-9999,-9999,-9999,-9999,-9999,-9999,-9999,-9999,-9999,-9999,-9999,-9999,-9999,-9999,-9999,-9999,-9999,-9999,-9999,-9999,-9999,-9999,-9999,-9999,-9999,-9999,-9999,-9999,-9999,-9999,-9999,-9999,-9999,-9999,-9999,-9999,-9999,-9999,-9999,-9999,-9999,-9999,-9999,-9999,-9999,-9999,-9999,-9999,-9999,-9999,-9999,-9999,-9999,-9999,-9999,-9999,-9999,-9999,-9999,-9999,-9999,-9999,-9999,-9999,-9999,-9999,-9999,-9999,-9999,-9999,-9999,-9999,-9999,-9999,-9999,-9999,-9999,-9999,-9999,-9999,-9999,-9999,-9999,-9999,-9999,-9999,-9999,-9999,-9999,-9999,-9999,-9999,-9999,-9999,-9999,-9999,-9999,-9999,-9999,-9999,-9999,-9999
-9999,-9999,-9999,-9999,-9999,-9999,-9999,-9999,-9999,-9999,-9999,-9999,-9999,-9999,-9999,-9999,-9999,-9999,-9999,-9999,-9999,-9999,-9999,-9999,-9999,-9999,-9999,-9999,-9999,-9999,-9999,-9999,-9999,-9999,-9999,-9999,-9999,-9999,-9999,-9999,-9999,-9999,-9999,-9999,-9999,-9999,-9999,-9999,-9999,-9999,-9999,-9999,-9999,-9999,-9999,-9999,-9999,-9999,-9999,-9999,-9999,-9999,-9999,-9999,-9999,-9999,-9999,-9999,-9999,-9999,-9999,-9999,-9999,-9999,37.0637283325195,37.9389915466309,-9999,-9999,-9999,-9999,-9999,-9999,-9999,-9999,-9999,-9999,-9999,-9999,-9999,-9999,-9999,-9999,-9999,-9999,-9999,-9999,-9999,-9999,-9999,-9999,-9999,-9999,-9999,-9999,-9999,-9999,-9999,-9999,-9999,-9999,-9999,-9999,-9999,-9999,-9999,-9999,-9999,-9999,-9999,-9999,-9999,-9999,-9999,-9999,-9999,-9999,-9999,-9999,-9999,-9999,-9999
-9999,-9999,-9999,-9999,-9999,-9999,-9999,-9999,-9999,-9999,-9999,-9999,-9999,-9999,-9999,-9999,-9999,-9999,-9999,-9999,-9999,-9999,-9999,-9999,-9999,-9999,-9999,-9999,-9999,-9999,-9999,-9999,-9999,-9999,-9999,-9999,-9999,-9999,-9999,-9999,-9999,-9999,-9999,-9999,-9999,-9999,-9999,-9999,-9999,-9999,-9999,-9999,-9999,-9999,-9999,-9999,-9999,-9999,-9999,-9999,-9999,-9999,-9999,-9999,-9999,-9999,-9999,-9999,-9999,-9999,-9999,-9999,-9999,-9999,38.290470123291,37.7451515197754,-9999,-9999,-9999,-9999,-9999,-9999,-9999,-9999,-9999,-9999,-9999,-9999,-9999,-9999,-9999,-9999,-9999,-9999,-9999,-9999,-9999,-9999,-9999,-9999,-9999,-9999,-9999,-9999,-9999,-9999,-9999,-9999,-9999,-9999,-9999,-9999,-9999,-9999,-9999,-9999,-9999,-9999,-9999,-9999,-9999,-9999,-9999,-9999,-9999,-9999,-9999,-9999,-9999,-9999,-9999
-9999,-9999,-9999,-9999,-9999,-9999,-9999,-9999,-9999,-9999,-9999,-9999,-9999,-9999,-9999,-9999,-9999,-9999,-9999,-9999,-9999,-9999,-9999,-9999,-9999,-9999,-9999,-9999,-9999,-9999,-9999,-9999,-9999,-9999,-9999,-9999,-9999,-9999,-9999,-9999,-9999,-9999,-9999,-9999,-9999,-9999,-9999,-9999,-9999,-9999,-9999,-9999,-9999,-9999,-9999,-9999,6.17352306428454E-13,1.08982733948437E-08,1.08147100164047E-08,1.07998605614057E-08,-9999,-9999,-9999,-9999,-9999,38.6750679016113,38.0929489135742,39.5592079162598,39.8395538330078,37.2956161499023,35.9944915771484,32.613338470459,32.5487976074219,31.9426403045654,35.5848350524902,34.2976379394531,32.9623413085938,-9999,-9999,25.2360496520996,23.8665084838867,23.0023670196533,23.6090965270996,30.3929767608643,33.5299072265625,35.4867134094238,35.4729537963867,33.1174812316895,25.0226535797119,-9999,-9999,-9999,-9999,-9999,-9999,-9999,-9999,-9999,-9999,-9999,-9999,-9999,-9999,-9999,-9999,-9999,-9999,-9999,-9999,-9999,-9999,-9999,-9999,-9999,-9999,-9999,-9999,-9999,-9999,-9999,-9999,-9999,-9999,-9999,-9999,-9999,-9999,-9999,-9999,-9999,-9999
-9999,-9999,-9999,-9999,-9999,-9999,-9999,-9999,-9999,-9999,-9999,-9999,-9999,-9999,-9999,-9999,-9999,-9999,-9999,-9999,-9999,-9999,-9999,-9999,-9999,-9999,-9999,-9999,-9999,-9999,-9999,-9999,-9999,-9999,-9999,-9999,-9999,-9999,-9999,-9999,-9999,-9999,-9999,-9999,-9999,-9999,-9999,-9999,-9999,-9999,-9999,-9999,-9999,-9999,-9999,7.13009729383374E-13,2.4841515511298E-08,0.000671567919198424,0.000667841290123761,0.00066717341542244,0.00136894243769348,44.7441291809082,-9999,43.9870758056641,41.7390480041504,41.680908203125,41.4128494262695,40.6969299316406,40.085765838623,39.4481010437012,36.2218894958496,35.293628692627,35.9861869812012,34.9598083496094,34.6044769287109,35.0682029724121,33.7922782897949,33.377082824707,32.144645690918,29.6660404205322,26.443603515625,23.6339492797852,26.6774005889893,29.7984752655029,34.2051124572754,36.4211196899414,36.2343597412109,34.1409454345703,28.5771903991699,22.5326366424561,15.937557220459,-9999,-9999,-9999,-9999,-9999,-9999,-9999,-9999,-9999,-9999,-9999,-9999,-9999,-9999,-9999,-9999,-9999,-9999,-9999,-9999,-9999,-9999,-9999,-9999,-9999,-9999,-9999,-9999,-9999,-9999,-9999,-9999,-9999,-9999,-9999,-9999,-9999,-9999,-9999,-9999
-9999,-9999,-9999,-9999,-9999,-9999,-9999,-9999,-9999,-9999,-9999,-9999,-9999,-9999,-9999,-9999,-9999,-9999,-9999,-9999,-9999,-9999,-9999,-9999,-9999,-9999,-9999,-9999,-9999,-9999,-9999,-9999,-9999,-9999,-9999,-9999,-9999,-9999,-9999,-9999,-9999,-9999,-9999,-9999,-9999,-9999,-9999,-9999,-9999,-9999,-9999,-9999,-9999,-9999,-9999,1.44797098755589E-08,0.000772300641983747,45.8874053955078,45.8315315246582,45.8845443725586,46.0412673950195,45.4044799804688,44.6394805908203,44.6074905395508,42.6255416870117,42.0957527160645,40.9485015869141,40.2123832702637,40.0084533691406,38.5214385986328,37.4963226318359,37.1055335998535,36.7364196777344,36.4865646362305,36.1282653808594,35.6955413818359,34.8129425048828,33.6771774291992,31.8154125213623,29.6252498626709,26.7189598083496,23.974739074707,27.3751106262207,31.9592018127441,35.8055000305176,37.7076454162598,37.5162239074707,34.8643531799316,29.1389045715332,22.8471240997314,15.8659238815308,13.9020442962646,18.0571823120117,-9999,-9999,-9999,-9999,-9999,-9999,-9999,-9999,-9999,29.9205284118652,30.7548007965088,32.6796340942383,-9999,-9999,-9999,-9999,-9999,-9999,-9999,-9999,-9999,-9999,-9999,-9999,-9999,-9999,-9999,-9999,-9999,-9999,-9999,-9999,-9999,-9999,-9999,-9999,-9999,-9999
-9999,-9999,-9999,-9999,-9999,-9999,-9999,-9999,-9999,-9999,-9999,-9999,-9999,-9999,-9999,-9999,-9999,-9999,-9999,-9999,-9999,-9999,-9999,-9999,-9999,-9999,-9999,-9999,-9999,-9999,-9999,39.2721862792969,-9999,-9999,-9999,40.1540412902832,-9999,-9999,-9999,-9999,-9999,-9999,-9999,-9999,-9999,-9999,-9999,-9999,-9999,-9999,-9999,-9999,-9999,-9999,-9999,-9999,-9999,45.4563331604004,45.6831130981445,45.7850570678711,-9999,46.1802558898926,45.6035003662109,44.6509017944336,42.8480987548828,42.0493011474609,41.2704277038574,40.7895011901855,39.9128761291504,37.6226768493652,36.6983871459961,37.8497581481934,38.1546897888184,37.6655654907227,37.0040550231934,36.6237602233887,35.8303833007813,34.7975387573242,34.7029876708984,34.7341651916504,32.7175140380859,31.6459274291992,34.7419204711914,36.7950744628906,39.554615020752,40.7947463989258,39.7860450744629,37.4753265380859,32.9449577331543,29.5431003570557,27.1224689483643,22.6730041503906,16.8122425079346,20.098539352417,-9999,-9999,-9999,-9999,-9999,-9999,-9999,-9999,34.4732246398926,36.4174880981445,36.2578964233398,34.7036476135254,33.6727981567383,-9999,-9999,-9999,-9999,-9999,-9999,-9999,-9999,-9999,-9999,-9999,-9999,-9999,-9999,-9999,-9999,-9999,-9999,-9999,-9999,-9999,-9999,-9999,-9999
-9999,-9999,-9999,-9999,-9999,-9999,-9999,-9999,-9999,-9999,-9999,-9999,-9999,-9999,-9999,-9999,-9999,-9999,-9999,-9999,-9999,-9999,-9999,-9999,-9999,-9999,-9999,-9999,-9999,-9999,38.9125480651855,37.7706756591797,-9999,-9999,40.009033203125,39.7475929260254,-9999,-9999,36.3155975341797,38.2258644104004,-9999,-9999,-9999,-9999,-9999,41.3291664123535,-9999,-9999,-9999,-9999,-9999,-9999,-9999,-9999,-9999,-9999,-9999,-9999,-9999,-9999,-9999,46.0438270568848,46.5976371765137,44.7932968139648,43.4068565368652,42.5141410827637,40.48876953125,39.9117088317871,38.7008743286133,36.5443878173828,35.4859352111816,38.4517974853516,39.9272613525391,39.2630653381348,38.8132972717285,37.9780006408691,37.0920028686523,36.6201972961426,37.8084869384766,39.1916427612305,39.7350006103516,38.839729309082,39.7575225830078,40.7267074584961,41.8742446899414,42.3186416625977,41.4365043640137,39.70654296875,36.4691925048828,35.3000030517578,36.7809524536133,30.0551109313965,18.0336894989014,20.0439643859863,24.3176097869873,-9999,-9999,-9999,-9999,-9999,34.8077201843262,35.4040985107422,35.6103210449219,35.9126091003418,37.0050811767578,37.3171348571777,35.6796226501465,32.9846267700195,-9999,-9999,-9999,-9999,-9999,-9999,-9999,-9999,-9999,-9999,-9999,-9999,-9999,-9999,-9999,-9999,-9999,-9999,-9999,-9999,-9999,-9999,-9999
-9999,-9999,-9999,-9999,-9999,-9999,-9999,-9999,-9999,-9999,-9999,-9999,-9999,-9999,-9999,-9999,-9999,-9999,-9999,-9999,-9999,-9999,-9999,38.5137977600098,39.1642303466797,-9999,-9999,-9999,-9999,38.1557693481445,37.8937683105469,38.213794708252,37.7601585388184,39.1031684875488,39.9528007507324,39.175724029541,36.7033271789551,35.8986854553223,35.9794082641602,-9999,38.7090110778809,41.0648193359375,-9999,-9999,40.7079849243164,41.3765983581543,41.8931274414063,42.8900375366211,-9999,-9999,-9999,-9999,-9999,-9999,-9999,-9999,-9999,41.6467933654785,43.8522148132324,-9999,-9999,-9999,44.9250946044922,45.077751159668,44.1588134765625,42.0799140930176,41.8930168151855,41.1410942077637,39.4942169189453,35.8114967346191,34.4830131530762,38.2038116455078,39.6185913085938,40.4184341430664,39.8962745666504,39.3672714233398,38.7191619873047,37.8325309753418,37.8298225402832,39.4785308837891,39.9229774475098,39.9441604614258,40.9690093994141,41.8317070007324,42.2484245300293,42.3843688964844,42.0266227722168,40.9284248352051,38.3290596008301,36.6028022766113,35.7847747802734,31.1312408447266,23.9677581787109,23.4756202697754,24.2072639465332,21.3088340759277,20.8327980041504,22.2747440338135,22.8224830627441,24.8230533599854,29.653039932251,34.960376739502,35.1991653442383,35.3786697387695,36.4584007263184,37.4916610717773,38.0702743530273,34.6817855834961,33.8593635559082,34.6932983398438,-9999,-9999,-9999,-9999,-9999,-9999,-9999,-9999,-9999,-9999,-9999,-9999,-9999,-9999,-9999,-9999,-9999,-9999,-9999,-9999,-9999
-9999,-9999,-9999,-9999,-9999,-9999,-9999,-9999,-9999,-9999,-9999,-9999,-9999,-9999,-9999,-9999,-9999,-9999,-9999,-9999,-9999,-9999,38.7450332641602,38.5260429382324,38.4833221435547,40.110652923584,40.3467597961426,37.7270011901855,37.3712043762207,37.4351425170898,38.1060562133789,37.3535919189453,36.7543106079102,37.6009063720703,38.3428649902344,37.1896133422852,35.6817207336426,35.0558929443359,35.2009773254395,36.1027565002441,37.5012855529785,39.5309295654297,40.8253898620605,40.6984939575195,41.3047180175781,41.5663909912109,42.1770324707031,43.2223358154297,43.2566146850586,-9999,-9999,-9999,-9999,-9999,-9999,-9999,-9999,39.855297088623,40.895637512207,42.8147392272949,-9999,-9999,43.7568359375,44.5942993164063,45.6716499328613,44.1274528503418,42.3491821289063,40.7858009338379,38.115795135498,34.7727127075195,33.6060600280762,37.4888038635254,39.1211357116699,40.8287658691406,41.0968322753906,40.4805603027344,39.7961845397949,39.2796783447266,39.3108367919922,38.6738510131836,39.8781204223633,41.0312881469727,42.0070648193359,42.7038536071777,42.5603866577148,42.4697914123535,42.4668312072754,41.8416175842285,40.3636054992676,37.961254119873,34.487003326416,31.8319816589355,28.5976734161377,25.9142608642578,23.4845352172852,22.2356796264648,21.943431854248,24.0387191772461,24.2370853424072,23.6764640808105,26.0881233215332,32.4469757080078,35.3094482421875,35.7742462158203,36.3938179016113,37.0862731933594,37.8944473266602,38.9693336486816,36.8317832946777,34.9992828369141,-9999,-9999,-9999,-9999,-9999,-9999,-9999,-9999,-9999,-9999,-9999,-9999,-9999,-9999,-9999,-9999,-9999,-9999,-9999,-9999,-9999
-9999,-9999,-9999,-9999,-9999,-9999,-9999,-9999,-9999,-9999,-9999,-9999,-9999,-9999,-9999,-9999,-9999,-9999,-9999,-9999,-9999,-9999,39.2576599121094,38.2000503540039,37.8399810791016,39.3384475708008,41.4514923095703,41.1393775939941,36.9672698974609,37.0640830993652,37.4403877258301,37.4677352905273,36.9055938720703,36.9916915893555,37.259090423584,36.1539688110352,35.2913436889648,34.8412857055664,34.9566535949707,35.4475059509277,36.5479850769043,38.8637351989746,40.3069114685059,40.579948425293,40.8031692504883,41.2282562255859,41.2422714233398,42.8377876281738,42.8644409179688,43.1197128295898,43.0323944091797,-9999,-9999,-9999,-9999,-9999,-9999,-9999,39.3619956970215,40.9097747802734,42.4157829284668,42.9773101806641,43.0398979187012,44.5280418395996,45.3702354431152,44.2511100769043,42.2433242797852,38.3760643005371,35.0720748901367,33.3397789001465,34.5779457092285,38.5172348022461,40.6671867370605,41.8834686279297,42.1254234313965,42.1766967773438,41.8602333068848,41.4605865478516,40.8961067199707,40.0781784057617,41.0863265991211,42.041088104248,42.3682746887207,42.6126747131348,42.5853538513184,42.5701484680176,42.5780601501465,42.0181846618652,40.8015632629395,38.1376495361328,33.5658912658691,31.7138957977295,30.9394302368164,25.6317749023438,19.3914642333984,20.3100318908691,21.3251686096191,23.0154800415039,24.3060874938965,23.7402763366699,26.354362487793,33.0450134277344,36.679328918457,38.5075721740723,37.9969902038574,35.9280548095703,36.5508995056152,38.2871932983398,38.6175689697266,36.0104751586914,38.4720344543457,-9999,-9999,-9999,-9999,-9999,-9999,-9999,-9999,-9999,-9999,-9999,-9999,-9999,-9999,-9999,-9999,-9999,-9999,-9999,-9999
-9999,-9999,-9999,-9999,-9999,-9999,-9999,-9999,-9999,-9999,-9999,-9999,-9999,-9999,-9999,-9999,-9999,-9999,-9999,-9999,-9999,-9999,39.0757675170898,38.4533424377441,36.4237251281738,35.7245178222656,42.1068687438965,44.0703353881836,40.3435897827148,38.4978065490723,38.452709197998,38.3756713867188,38.2131958007813,37.9575233459473,37.1076698303223,36.7076835632324,36.2046546936035,35.8603401184082,35.6834907531738,36.3995590209961,37.0532684326172,38.2682991027832,39.2146759033203,39.6697807312012,39.9888381958008,39.9856147766113,40.2100524902344,40.4459495544434,41.5850524902344,42.8945465087891,42.8196067810059,-9999,-9999,-9999,-9999,39.6357574462891,39.4322547912598,39.1458473205566,39.0749397277832,39.8214569091797,41.1194534301758,42.0149383544922,43.3541221618652,44.1206817626953,44.7293891906738,43.0318031311035,41.556957244873,36.8813247680664,34.1332473754883,35.3120613098145,36.6561393737793,40.0979804992676,42.1561508178711,43.1536445617676,43.5318984985352,43.3383636474609,42.9198570251465,42.4035415649414,41.8307189941406,41.2412185668945,41.975025177002,42.6524124145508,42.5698051452637,42.5165061950684,42.5667572021484,42.5958366394043,42.5859375,42.1435661315918,41.2026557922363,38.7022438049316,34.6670837402344,34.1938133239746,35.3783912658691,29.3144245147705,20.8619709014893,22.2160949707031,23.2020149230957,24.8022499084473,25.921257019043,25.8733463287354,28.2070198059082,34.0411567687988,37.9143257141113,40.4691543579102,39.4843635559082,36.1485252380371,37.1446075439453,39.5130958557129,39.8703422546387,39.821704864502,38.9817886352539,40.5494537353516,-9999,-9999,-9999,-9999,-9999,-9999,-9999,-9999,-9999,-9999,-9999,-9999,-9999,-9999,-9999,-9999,-9999,-9999,-9999
-9999,-9999,-9999,-9999,-9999,-9999,-9999,-9999,-9999,-9999,-9999,-9999,-9999,-9999,-9999,-9999,-9999,-9999,-9999,-9999,-9999,37.6844787597656,38.9119262695313,38.5055732727051,35.6849479675293,35.6960868835449,41.8441925048828,44.456714630127,43.1157112121582,42.16015625,41.7330360412598,41.478157043457,41.3521308898926,40.8838729858398,40.6070251464844,40.2041320800781,39.685359954834,39.4715576171875,39.2786636352539,39.4842224121094,39.1928215026855,37.2893486022949,36.9031867980957,38.3051948547363,38.9031181335449,39.192985534668,39.387882232666,39.5183067321777,39.468391418457,39.9114799499512,40.2263450622559,40.1744995117188,40.485481262207,39.9763565063477,40.0150299072266,39.7906532287598,39.3192939758301,39.1437225341797,39.0884132385254,38.9918327331543,38.2343978881836,38.3737831115723,40.182861328125,42.7532539367676,44.8405647277832,42.9799423217773,40.4535636901855,35.7822494506836,35.5687942504883,39.5710716247559,42.2531051635742,43.2094535827637,43.6950492858887,43.7074241638184,43.5722045898438,43.3296775817871,43.0314331054688,42.7102813720703,42.4125366210938,42.1197280883789,42.2371635437012,42.3600082397461,42.3855476379395,42.4127311706543,42.4470481872559,42.4306983947754,42.3191757202148,42.0969619750977,41.7505493164063,40.9211196899414,39.7335014343262,39.7436103820801,40.1323013305664,37.7122535705566,33.8110656738281,31.0671806335449,28.9495620727539,30.0730781555176,30.6471061706543,30.968168258667,31.9576740264893,35.1745262145996,38.479621887207,41.3324661254883,41.1027069091797,39.1037139892578,41.0128517150879,43.6685066223145,42.464958190918,40.2097816467285,40.2594947814941,39.8483428955078,38.7210235595703,37.5759887695313,-9999,-9999,-9999,-9999,-9999,-9999,-9999,-9999,-9999,-9999,-9999,-9999,-9999,-9999,-9999,-9999,-9999
-9999,-9999,-9999,-9999,-9999,-9999,-9999,-9999,-9999,-9999,-9999,-9999,-9999,-9999,-9999,-9999,-9999,-9999,-9999,-9999,-9999,35.9727401733398,35.5064582824707,36.7870178222656,36.1735496520996,36.9577865600586,41.5593185424805,43.8244972229004,43.5319976806641,43.1484985351563,42.6189422607422,42.2627716064453,42.1755981445313,41.9385986328125,41.6120986938477,41.227710723877,40.7590713500977,40.4871063232422,40.2946395874023,40.3581695556641,39.8056907653809,38.0425033569336,37.1099395751953,37.6708946228027,38.1034965515137,38.6747245788574,39.1851997375488,39.7537040710449,39.4245452880859,39.041145324707,39.3351631164551,39.5131797790527,39.6730422973633,39.746452331543,39.5021209716797,39.0041465759277,38.3912658691406,38.0080680847168,37.6882133483887,36.7172889709473,36.5708770751953,37.8897590637207,38.5757637023926,39.5547218322754,42.6818695068359,42.4910926818848,41.8764877319336,36.2802238464355,37.9987945556641,42.1932945251465,44.5824127197266,44.3832130432129,44.1109237670898,43.7425155639648,-9999,-9999,-9999,-9999,-9999,-9999,-9999,42.0740127563477,42.1324119567871,42.1889266967773,42.2375373840332,42.2116317749023,42.0454025268555,41.9264297485352,41.8584747314453,41.8311424255371,41.8297500610352,41.796703338623,41.7572441101074,41.1962013244629,39.7370834350586,35.9674186706543,32.2097282409668,33.0975952148438,34.0253601074219,32.5059089660645,31.851713180542,33.732177734375,36.4734649658203,39.9435920715332,40.8359031677246,40.462215423584,42.4255638122559,44.8240432739258,42.2451324462891,39.2314224243164,40.2482604980469,39.5495109558105,38.9366340637207,36.6010437011719,37.4023666381836,-9999,-9999,-9999,-9999,-9999,-9999,-9999,-9999,-9999,-9999,-9999,-9999,-9999,-9999,-9999,-9999
-9999,-9999,-9999,-9999,-9999,-9999,-9999,-9999,-9999,-9999,-9999,-9999,-9999,-9999,-9999,-9999,-9999,-9999,-9999,33.8414535522461,34.5635299682617,33.9921379089355,33.4381332397461,33.2297210693359,37.0950012207031,39.8236999511719,40.6738967895508,41.0708885192871,40.7208786010742,40.345027923584,40.0079231262207,39.900318145752,39.8107109069824,39.5135307312012,39.2154006958008,38.9070167541504,38.520694732666,38.301326751709,38.155029296875,38.1000099182129,38.6922988891602,40.9994239807129,41.5146064758301,39.2320709228516,38.5517730712891,39.1695861816406,40.0209426879883,40.9707260131836,39.7449951171875,37.8669090270996,38.1308975219727,38.3109397888184,38.140941619873,38.0296096801758,37.8966255187988,37.1731338500977,35.9046287536621,34.8705520629883,34.3759269714355,35.3874015808105,37.7854309082031,40.1334571838379,42.0639419555664,41.7276077270508,41.4931297302246,39.4546813964844,40.786506652832,42.042652130127,42.1795539855957,43.3448867797852,44.0280799865723,-9999,-9999,-9999,-9999,-9999,-9999,-9999,-9999,-9999,-9999,-9999,-9999,41.7898712158203,41.8971900939941,41.9148139953613,41.763355255127,41.577091217041,41.3520851135254,41.0894584655762,40.8001022338867,40.71044921875,40.7001495361328,40.7664489746094,40.8351516723633,37.3412322998047,33.87744140625,34.3620643615723,33.9762725830078,29.0372638702393,26.4057064056396,27.7822227478027,30.3189373016357,33.8000564575195,37.3467025756836,40.238582611084,41.5155563354492,42.3497200012207,39.8519020080566,36.5482063293457,38.7894897460938,40.5294570922852,40.0858726501465,35.1929626464844,36.1719551086426,-9999,-9999,-9999,-9999,-9999,-9999,-9999,-9999,-9999,-9999,-9999,-9999,-9999,-9999,-9999,-9999
-9999,-9999,-9999,-9999,-9999,-9999,-9999,-9999,-9999,-9999,-9999,-9999,-9999,-9999,-9999,-9999,-9999,-9999,31.7565879821777,32.9819107055664,33.1265068054199,35.044734954834,33.5789375305176,32.7094230651855,36.8357238769531,39.6027145385742,40.3859100341797,40.8324813842773,40.2287368774414,39.8072166442871,39.6833992004395,39.5855979919434,39.5297431945801,39.3998374938965,39.0081481933594,38.7927398681641,38.5816307067871,38.4657363891602,38.3771324157715,38.0964469909668,39.2794570922852,41.8341026306152,42.6293411254883,40.3612976074219,39.3566932678223,39.9264640808105,40.5181999206543,41.4731063842773,39.8207702636719,37.1300354003906,36.4066696166992,36.0536766052246,35.8481140136719,35.7829360961914,36.7049331665039,36.9577751159668,35.5696983337402,34.4319381713867,33.9970321655273,35.9472236633301,39.257022857666,41.5348510742188,42.9941749572754,43.2291831970215,43.1283302307129,42.8866386413574,42.4999771118164,43.132007598877,-9999,-9999,-9999,-9999,-9999,-9999,-9999,-9999,-9999,-9999,-9999,-9999,-9999,-9999,-9999,-9999,-9999,41.5900115966797,41.4708595275879,41.2747077941895,40.9935684204102,40.6243705749512,40.1928405761719,40.0330276489258,39.9714813232422,40.2710380554199,40.6392097473145,38.2663383483887,35.8650817871094,35.0648498535156,33.4450569152832,28.4848213195801,24.752986907959,23.8360500335693,24.8344402313232,28.0492401123047,32.8283271789551,37.5706329345703,38.6551628112793,38.9505424499512,38.3805541992188,37.6637763977051,38.6260719299316,39.4423599243164,39.1164436340332,36.0166130065918,34.9190711975098,-9999,-9999,-9999,-9999,-9999,-9999,-9999,-9999,-9999,-9999,-9999,-9999,-9999,-9999,-9999,-9999
-9999,-9999,-9999,-9999,-9999,-9999,-9999,-9999,-9999,-9999,-9999,-9999,33.1731452941895,32.1040534973145,-9999,31.5838050842285,33.0750579833984,34.5861320495605,33.9647254943848,31.3313903808594,34.037769317627,37.0461692810059,36.1185073852539,35.1536254882813,35.7029304504395,37.2083129882813,40.6137771606445,42.4720420837402,42.1470031738281,41.8009757995605,41.7901840209961,41.6215438842773,41.7005920410156,41.5494995117188,41.1357154846191,41.3073806762695,41.2981262207031,41.1359367370605,40.765064239502,40.1910362243652,40.2090911865234,40.824348449707,40.9869155883789,40.5850410461426,40.7041893005371,40.8821907043457,41.3680877685547,41.5170936584473,39.6768264770508,37.1548881530762,34.8138656616211,32.3479766845703,32.0850982666016,32.3932876586914,35.67236328125,37.4816284179688,36.4871482849121,35.9130744934082,36.0779762268066,38.7004585266113,41.4197616577148,42.6409072875977,43.2702941894531,43.3779220581055,43.3623428344727,43.1793937683105,43.0126686096191,-9999,-9999,-9999,-9999,-9999,-9999,-9999,-9999,-9999,-9999,-9999,-9999,-9999,-9999,-9999,-9999,-9999,-9999,-9999,41.1679916381836,41.0125541687012,40.7645034790039,40.4046440124512,39.9662895202637,39.7214393615723,39.5479507446289,39.7198371887207,39.9415855407715,39.0675659179688,37.9790534973145,35.318489074707,32.4091835021973,30.87131690979,27.9992599487305,22.6021995544434,21.039436340332,22.8372783660889,27.2812576293945,32.2266159057617,33.6220703125,34.5544204711914,38.1322975158691,41.3410110473633,39.4888687133789,38.3170776367188,39.1915473937988,36.6443672180176,34.7821083068848,-9999,-9999,-9999,-9999,-9999,-9999,-9999,-9999,-9999,-9999,-9999,-9999,-9999,-9999,-9999,-9999
-9999,-9999,-9999,-9999,-9999,-9999,-9999,-9999,-9999,-9999,30.9474468231201,32.787727355957,34.3178062438965,31.9817199707031,31.6906185150146,29.5822658538818,31.639684677124,36.0409545898438,35.5643653869629,33.0597534179688,35.7760391235352,38.692081451416,38.4741516113281,37.5701560974121,37.3393440246582,37.624210357666,40.3185119628906,41.7710113525391,41.5385246276855,42.17919921875,43.1546669006348,43.1905212402344,43.2706565856934,43.1080932617188,42.642017364502,42.6576080322266,42.5589561462402,42.4005355834961,42.2447547912598,41.9059104919434,41.6176338195801,41.3702583312988,41.3691329956055,41.371509552002,41.441162109375,41.6926574707031,42.0574378967285,42.2629623413086,41.2327346801758,39.3510665893555,36.7990875244141,33.4999923706055,33.5298690795898,33.765998840332,36.3136024475098,38.0962791442871,37.5550155639648,37.8798027038574,38.2287139892578,39.8622665405273,41.8220596313477,42.5928192138672,42.9104461669922,42.9523735046387,42.9350624084473,42.8463516235352,-9999,-9999,-9999,-9999,-9999,-9999,-9999,-9999,-9999,-9999,-9999,-9999,-9999,-9999,-9999,-9999,-9999,-9999,-9999,-9999,-9999,40.708137512207,40.4581146240234,40.1189727783203,39.7182769775391,39.4714698791504,39.2802276611328,39.3485679626465,39.4563827514648,39.3085708618164,38.8947715759277,36.4123001098633,33.5776214599609,31.9385547637939,29.4075927734375,24.9733276367188,22.2023315429688,20.7202739715576,23.3125019073486,27.033182144165,30.5120372772217,33.1896133422852,37.0043487548828,40.2541198730469,38.1000480651855,36.4474563598633,38.2484436035156,35.4955596923828,33.3350143432617,-9999,-9999,-9999,-9999,-9999,-9999,-9999,-9999,-9999,-9999,-9999,-9999,-9999,-9999,-9999,-9999
-9999,-9999,-9999,-9999,-9999,-9999,-9999,-9999,27.7352542877197,28.9095993041992,29.1437301635742,28.8667068481445,30.2151317596436,32.2178115844727,31.4748287200928,29.6551170349121,31.8542404174805,36.252368927002,36.4380722045898,34.7690277099609,37.5765571594238,40.8103675842285,40.307918548584,39.471607208252,39.2449340820313,39.0591239929199,39.2990074157715,39.4000091552734,39.0688705444336,40.3803558349609,43.1851921081543,44.2940444946289,44.1854820251465,44.2205352783203,44.1499824523926,43.9077529907227,43.6842575073242,43.3846626281738,43.2564964294434,43.0989990234375,42.8528213500977,42.6188087463379,42.4933204650879,42.4351234436035,42.3416595458984,42.3755493164063,42.3945579528809,42.4606781005859,42.5212020874023,42.537525177002,40.4803237915039,37.9386444091797,37.9568023681641,38.0116157531738,38.4148368835449,38.6482353210449,38.2635459899902,38.6818161010742,40.2151412963867,41.3795547485352,41.9256019592285,42.1889343261719,-9999,-9999,-9999,-9999,-9999,-9999,-9999,-9999,-9999,-9999,-9999,-9999,-9999,-9999,-9999,-9999,-9999,-9999,-9999,-9999,-9999,-9999,-9999,-9999,-9999,-9999,40.1097755432129,39.7979507446289,39.4585762023926,39.2518463134766,39.0923156738281,39.0657196044922,39.0593338012695,39.2831268310547,39.3054428100586,37.8381500244141,35.82080078125,32.5972557067871,30.1405868530273,29.096773147583,25.7737255096436,20.0646896362305,19.8258953094482,22.5483512878418,28.6122207641602,33.504207611084,35.2646903991699,36.601448059082,35.1851692199707,34.2968292236328,36.2544326782227,34.3464851379395,33.370002746582,-9999,-9999,-9999,-9999,-9999,-9999,-9999,-9999,-9999,-9999,-9999,-9999,-9999,-9999,-9999,-9999
-9999,-9999,-9999,-9999,-9999,-9999,-9999,-9999,26.2044506072998,27.7181587219238,28.776741027832,28.2908458709717,28.5271797180176,29.016284942627,29.659688949585,30.4310665130615,33.6280364990234,37.4114837646484,38.1120262145996,36.8917465209961,37.9031524658203,39.4649314880371,40.3627700805664,41.0004615783691,40.7831039428711,40.6249732971191,40.1937637329102,39.8308219909668,39.5908355712891,40.3052024841309,42.1086654663086,42.6588973999023,42.5163307189941,42.3965950012207,42.1939544677734,41.9935264587402,41.8954734802246,41.7049751281738,41.5283355712891,41.3055610656738,41.1818695068359,41.0104446411133,41.2309913635254,41.9804916381836,42.262279510498,42.2034950256348,42.1086311340332,41.9848823547363,42.1067810058594,42.2362747192383,41.1896629333496,39.9987983703613,40.2535934448242,40.3814239501953,40.2611885070801,40.0559349060059,39.7614250183105,40.1026878356934,40.9825057983398,41.5331535339355,41.8386459350586,41.9584503173828,-9999,-9999,-9999,-9999,-9999,-9999,-9999,-9999,-9999,-9999,-9999,-9999,-9999,-9999,-9999,-9999,-9999,-9999,-9999,-9999,-9999,-9999,-9999,-9999,-9999,-9999,-9999,-9999,39.0648994445801,38.8991813659668,38.7764091491699,38.7235298156738,38.6798057556152,38.8947105407715,38.9715728759766,38.0296173095703,36.7864303588867,34.4556007385254,32.3804626464844,30.4976348876953,27.7457103729248,23.6674137115479,21.8314266204834,20.3447456359863,24.6668090820313,30.042329788208,31.3258800506592,32.2217330932617,31.6032791137695,31.52707862854,34.5046730041504,31.4642200469971,30.3964424133301,-9999,-9999,-9999,-9999,-9999,-9999,-9999,-9999,-9999,-9999,-9999,-9999,-9999,-9999,-9999,-9999
-9999,-9999,-9999,-9999,-9999,-9999,20.6184577941895,26.2732467651367,26.364767074585,26.1216697692871,27.6422271728516,28.4574089050293,27.9964370727539,26.1251735687256,27.6549072265625,31.9052562713623,35.8936004638672,39.0514717102051,39.4195365905762,38.3559112548828,37.81689453125,37.2357635498047,39.9357032775879,42.049991607666,42.036075592041,41.9118270874023,41.6231384277344,41.2522277832031,40.9060173034668,40.6554946899414,40.368839263916,40.0866775512695,39.7544212341309,39.5085563659668,39.3182945251465,39.1395530700684,38.9501762390137,38.8991432189941,38.852783203125,38.749870300293,38.6346397399902,38.504524230957,39.2368011474609,41.1495170593262,41.9569206237793,41.8533020019531,41.5932235717773,41.2395553588867,41.0178909301758,40.811882019043,40.9302978515625,41.0716705322266,41.2718353271484,41.4712409973145,41.4717330932617,41.3955764770508,41.1278915405273,40.9735298156738,40.9929580688477,41.2530364990234,41.700611114502,-9999,-9999,-9999,-9999,-9999,-9999,-9999,-9999,-9999,-9999,-9999,-9999,-9999,-9999,-9999,-9999,-9999,-9999,-9999,-9999,-9999,-9999,-9999,-9999,-9999,-9999,-9999,-9999,-9999,-9999,-9999,-9999,38.3600959777832,38.2994384765625,38.4090538024902,38.4428062438965,37.9284057617188,37.3724136352539,36.563060760498,34.815731048584,31.2644634246826,28.9619731903076,28.2648735046387,24.5883636474609,18.6971168518066,20.3713932037354,24.4226684570313,25.7620334625244,26.8697395324707,27.307071685791,28.3667545318604,32.2669563293457,29.9085712432861,-9999,-9999,-9999,-9999,-9999,-9999,-9999,-9999,-9999,-9999,-9999,-9999,-9999,-9999,-9999,-9999,-9999
-9999,-9999,-9999,-9999,-9999,-9999,25.9913749694824,26.0845050811768,25.857006072998,25.9994926452637,26.0598449707031,29.0778560638428,31.1373863220215,31.8559951782227,33.3132629394531,34.7768630981445,37.212589263916,40.0844573974609,40.1738319396973,39.338939666748,38.8520545959473,38.3153381347656,40.3983612060547,42.0979766845703,42.0770492553711,41.9233512878418,41.7186050415039,41.5141639709473,41.1659774780273,40.7911491394043,40.3605346679688,40.1036529541016,39.8418045043945,39.5528793334961,39.2660293579102,39.4579467773438,39.7018623352051,39.6538238525391,39.5808525085449,39.4328765869141,39.2895736694336,39.2153205871582,39.599048614502,40.66552734375,41.1256866455078,41.070384979248,40.8606262207031,40.5508346557617,40.4325942993164,40.3741836547852,40.4919738769531,40.6442985534668,40.7350997924805,40.824836730957,40.8722152709961,40.855541229248,40.6728820800781,40.5508613586426,40.5108261108398,-9999,-9999,-9999,-9999,-9999,-9999,-9999,-9999,-9999,-9999,-9999,-9999,-9999,-9999,-9999,-9999,-9999,-9999,-9999,-9999,-9999,-9999,-9999,-9999,-9999,-9999,-9999,-9999,-9999,-9999,-9999,-9999,-9999,-9999,-9999,37.8943138122559,37.9544105529785,37.9843406677246,37.8060607910156,37.5313758850098,36.9769134521484,35.9415893554688,34.099437713623,31.81369972229,29.285327911377,26.2579441070557,22.7374382019043,21.4214382171631,20.9463596343994,24.1788177490234,27.408504486084,28.5720462799072,29.8577690124512,31.6082973480225,29.3661785125732,30.0212993621826,27.9299564361572,-9999,-9999,-9999,-9999,-9999,-9999,-9999,-9999,-9999,-9999,-9999,-9999,-9999,-9999,-9999
-9999,-9999,-9999,-9999,25.2047119140625,26.718677520752,26.2336082458496,25.989429473877,25.9154262542725,25.7543773651123,26.7789649963379,31.282096862793,34.807746887207,37.4508399963379,38.3293418884277,37.3302917480469,38.3132553100586,40.5022583007813,40.704906463623,40.1828842163086,39.7117118835449,39.2162017822266,40.3439521789551,41.3332939147949,41.4274291992188,41.4666709899902,41.3597068786621,41.2106552124023,41.0289764404297,40.7773590087891,40.4991607666016,40.2110862731934,39.9230308532715,39.6092071533203,39.3060722351074,39.8962631225586,40.5752449035645,40.4917793273926,40.3915634155273,40.1898078918457,40.0222091674805,39.9920082092285,40.0050315856934,40.0912246704102,40.1314239501953,40.1325912475586,40.0053558349609,39.8039131164551,39.8670387268066,40.0012283325195,40.0456047058105,40.0753555297852,40.0569763183594,40.0548095703125,-9999,-9999,-9999,-9999,-9999,-9999,-9999,-9999,-9999,-9999,-9999,-9999,-9999,-9999,-9999,-9999,-9999,-9999,-9999,-9999,-9999,-9999,-9999,-9999,-9999,-9999,-9999,-9999,-9999,-9999,-9999,-9999,-9999,-9999,-9999,-9999,-9999,-9999,-9999,-9999,-9999,37.4951286315918,37.5259323120117,37.6653289794922,37.6477966308594,37.1602592468262,36.8177108764648,36.6116104125977,34.3880844116211,30.0270957946777,27.8230438232422,26.7438163757324,22.8159351348877,17.8445434570313,23.1362037658691,28.1936492919922,29.9142036437988,31.2959499359131,30.9324932098389,22.2857666015625,23.0035667419434,27.9230403900146,28.6702556610107,-9999,-9999,-9999,-9999,-9999,-9999,-9999,-9999,-9999,-9999,-9999,-9999,-9999,-9999
-9999,-9999,-9999,-9999,30.5433540344238,28.2386112213135,27.3571166992188,25.8540210723877,26.1966209411621,28.1840763092041,30.4969882965088,33.5512847900391,36.1438140869141,38.130542755127,39.1501159667969,39.2291221618652,39.674243927002,40.359504699707,40.1889839172363,39.6923294067383,39.9589881896973,40.3478469848633,40.744987487793,41.0944213867188,41.107738494873,41.1084060668945,41.0649452209473,40.9862480163574,40.8445892333984,40.6683502197266,40.457447052002,40.2632713317871,40.0839614868164,39.9290466308594,39.7765884399414,39.9823379516602,40.2299194335938,40.0293045043945,39.8175239562988,39.5295333862305,39.2842864990234,39.1726264953613,39.1080665588379,39.1148910522461,39.114818572998,39.1088485717773,39.0295639038086,-9999,-9999,-9999,-9999,-9999,-9999,-9999,-9999,-9999,-9999,-9999,-9999,-9999,-9999,-9999,-9999,-9999,-9999,-9999,-9999,-9999,-9999,-9999,-9999,-9999,-9999,-9999,-9999,-9999,-9999,-9999,-9999,-9999,-9999,-9999,-9999,-9999,-9999,-9999,-9999,-9999,-9999,-9999,-9999,-9999,-9999,-9999,-9999,-9999,37.1307754516602,37.2457504272461,37.2876243591309,37.1187210083008,36.6622467041016,35.6641044616699,33.3996963500977,29.8018054962158,27.8550033569336,26.7112331390381,22.3906192779541,16.1308364868164,19.6503963470459,23.4885845184326,25.0560073852539,26.6017475128174,27.228967666626,28.0657348632813,21.629695892334,26.7968845367432,24.9513378143311,-9999,-9999,-9999,-9999,-9999,-9999,-9999,-9999,-9999,-9999,-9999,-9999,-9999,-9999
-9999,-9999,-9999,-9999,-9999,30.6891708374023,28.7115421295166,28.7006015777588,27.4606018066406,31.2760715484619,34.0978202819824,35.9533653259277,37.5357475280762,38.7563171386719,39.6862335205078,40.3911285400391,40.361213684082,39.8360824584961,39.5070533752441,39.2507667541504,-9999,-9999,-9999,-9999,-9999,-9999,-9999,-9999,-9999,-9999,-9999,-9999,-9999,40.007495880127,39.9626007080078,39.8517227172852,39.7316741943359,39.4370269775391,-9999,-9999,-9999,-9999,-9999,-9999,-9999,-9999,-9999,-9999,-9999,-9999,-9999,-9999,-9999,-9999,-9999,-9999,-9999,-9999,-9999,-9999,-9999,-9999,-9999,-9999,-9999,-9999,-9999,-9999,-9999,-9999,-9999,-9999,-9999,-9999,-9999,-9999,-9999,-9999,-9999,-9999,-9999,-9999,-9999,-9999,-9999,-9999,-9999,-9999,-9999,-9999,-9999,-9999,-9999,-9999,-9999,-9999,36.7427825927734,36.8540725708008,36.9590454101563,37.056266784668,36.5790977478027,35.0924301147461,33.0342407226563,30.3084373474121,28.3730525970459,26.8536739349365,22.1955261230469,15.9613370895386,16.8728160858154,18.8504009246826,20.7198257446289,21.9815196990967,23.4749889373779,24.7493209838867,24.7894477844238,22.1809616088867,-9999,-9999,-9999,-9999,-9999,-9999,-9999,-9999,-9999,-9999,-9999,-9999,-9999,-9999,-9999
-9999,-9999,-9999,-9999,-9999,30.2942161560059,30.2867698669434,31.1535015106201,32.5017547607422,36.2338523864746,38.9819602966309,39.4260864257813,39.8173561096191,40.4126243591309,40.6741409301758,40.5644226074219,40.1848754882813,39.6065254211426,-9999,-9999,-9999,-9999,-9999,-9999,-9999,-9999,-9999,-9999,-9999,-9999,-9999,-9999,-9999,-9999,-9999,-9999,-9999,-9999,-9999,-9999,-9999,-9999,-9999,-9999,-9999,-9999,-9999,-9999,-9999,-9999,-9999,-9999,-9999,-9999,-9999,-9999,-9999,-9999,-9999,-9999,-9999,-9999,-9999,-9999,-9999,-9999,-9999,-9999,-9999,-9999,-9999,-9999,-9999,-9999,-9999,-9999,-9999,-9999,-9999,-9999,-9999,-9999,-9999,-9999,-9999,-9999,-9999,-9999,-9999,-9999,-9999,-9999,-9999,-9999,-9999,-9999,-9999,36.6135330200195,36.7866249084473,36.8912544250488,36.7968826293945,36.3634300231934,35.4368743896484,33.9431610107422,31.2452659606934,27.6395778656006,24.4901504516602,21.3515853881836,18.8192176818848,16.0773468017578,19.5044174194336,22.2755527496338,20.3957080841064,20.3507995605469,21.6765213012695,19.0949153900146,-9999,-9999,-9999,-9999,-9999,-9999,-9999,-9999,-9999,-9999,-9999,-9999,-9999,-9999,-9999
-9999,-9999,30.6665916442871,30.5270652770996,30.6144466400146,30.0175647735596,30.7059955596924,33.1353073120117,36.228702545166,39.4579772949219,41.6171951293945,41.2706565856934,41.0537910461426,41.2865104675293,41.1002426147461,40.4023323059082,39.7608909606934,-9999,-9999,-9999,-9999,-9999,-9999,-9999,-9999,-9999,-9999,-9999,-9999,-9999,-9999,-9999,-9999,-9999,-9999,-9999,-9999,-9999,-9999,-9999,-9999,-9999,-9999,-9999,-9999,-9999,-9999,-9999,-9999,-9999,-9999,-9999,-9999,-9999,-9999,-9999,-9999,-9999,-9999,-9999,-9999,-9999,-9999,-9999,-9999,-9999,-9999,-9999,-9999,-9999,-9999,-9999,-9999,-9999,-9999,-9999,-9999,-9999,-9999,-9999,-9999,-9999,-9999,-9999,-9999,-9999,-9999,-9999,-9999,-9999,-9999,-9999,-9999,-9999,-9999,-9999,-9999,36.3523025512695,36.572208404541,36.6727523803711,36.8370246887207,37.0963249206543,36.9713745117188,36.3937034606934,33.8415184020996,29.7627239227295,27.0232391357422,24.9876918792725,20.6178817749023,15.6688871383667,19.0834712982178,20.9517707824707,17.9307537078857,16.9226913452148,21.2247867584229,17.6483249664307,-9999,-9999,-9999,-9999,-9999,-9999,-9999,-9999,-9999,-9999,-9999,-9999,-9999,-9999,-9999
-9999,-9999,-9999,-9999,30.6662559509277,30.2441368103027,30.8329658508301,35.3033218383789,39.0630874633789,40.159481048584,40.8002052307129,40.6491775512695,40.5370330810547,40.6407089233398,40.3182678222656,39.4834938049316,-9999,-9999,-9999,-9999,-9999,-9999,-9999,-9999,-9999,-9999,-9999,-9999,-9999,-9999,-9999,-9999,-9999,-9999,-9999,-9999,-9999,-9999,-9999,-9999,-9999,-9999,-9999,-9999,-9999,-9999,-9999,-9999,-9999,-9999,-9999,-9999,-9999,-9999,-9999,-9999,-9999,-9999,-9999,-9999,-9999,-9999,-9999,-9999,-9999,-9999,-9999,-9999,-9999,-9999,-9999,-9999,-9999,-9999,-9999,-9999,-9999,-9999,-9999,-9999,-9999,-9999,-9999,-9999,-9999,-9999,-9999,-9999,-9999,-9999,-9999,-9999,-9999,-9999,-9999,-9999,-9999,36.0490074157715,36.2688179016113,36.3374519348145,36.4897232055664,36.7703628540039,36.9467391967773,36.9751129150391,36.0250396728516,34.3630142211914,30.4664611816406,25.5611228942871,22.9151458740234,20.6128196716309,18.8598480224609,17.3926067352295,16.2881870269775,16.0016975402832,17.482027053833,18.9384384155273,-9999,-9999,-9999,-9999,-9999,-9999,-9999,-9999,-9999,-9999,-9999,-9999,-9999,-9999,-9999
-9999,-9999,-9999,-9999,30.8228302001953,30.7794322967529,31.4634876251221,36.2468185424805,40.4470520019531,40.4813461303711,40.2758483886719,40.3643035888672,40.347827911377,40.147533416748,39.6120491027832,-9999,-9999,-9999,-9999,-9999,-9999,-9999,-9999,-9999,-9999,-9999,-9999,-9999,-9999,-9999,-9999,-9999,-9999,-9999,-9999,-9999,-9999,-9999,-9999,-9999,-9999,-9999,-9999,-9999,-9999,-9999,-9999,-9999,-9999,-9999,-9999,-9999,-9999,-9999,-9999,-9999,-9999,-9999,-9999,-9999,-9999,-9999,-9999,-9999,-9999,-9999,-9999,-9999,-9999,-9999,-9999,-9999,-9999,-9999,-9999,-9999,-9999,-9999,-9999,-9999,-9999,-9999,-9999,-9999,-9999,-9999,-9999,-9999,-9999,-9999,-9999,-9999,-9999,-9999,-9999,-9999,-9999,35.7041358947754,35.9322967529297,35.9751358032227,36.0865020751953,36.2984046936035,36.5530319213867,36.8428497314453,36.7536659240723,36.3739776611328,32.1137237548828,25.9557342529297,24.2654571533203,23.0544834136963,18.413610458374,14.2529649734497,15.3298206329346,15.7536878585815,15.9395513534546,16.6124210357666,13.7337436676025,-9999,-9999,-9999,-9999,-9999,-9999,-9999,-9999,-9999,-9999,-9999,-9999,-9999,-9999
-9999,-9999,-9999,-9999,31.1307849884033,31.0529346466064,32.0561637878418,36.471981048584,40.4049911499023,40.4158935546875,40.2354850769043,40.5648040771484,40.5681190490723,39.8648223876953,39.0189247131348,-9999,-9999,-9999,-9999,-9999,-9999,-9999,-9999,-9999,-9999,-9999,-9999,-9999,-9999,-9999,-9999,-9999,-9999,-9999,-9999,-9999,-9999,-9999,-9999,-9999,-9999,-9999,-9999,-9999,-9999,-9999,-9999,-9999,-9999,-9999,-9999,-9999,-9999,-9999,-9999,-9999,-9999,-9999,-9999,-9999,-9999,-9999,-9999,-9999,-9999,-9999,-9999,-9999,-9999,-9999,-9999,-9999,-9999,-9999,-9999,-9999,-9999,-9999,-9999,-9999,-9999,-9999,-9999,-9999,-9999,-9999,-9999,-9999,-9999,-9999,-9999,-9999,-9999,-9999,-9999,-9999,-9999,35.3061637878418,35.5544319152832,35.5807342529297,35.6081848144531,35.6277961730957,35.6727867126465,35.7393417358398,35.7055854797363,35.5778694152832,31.7237434387207,26.1586990356445,24.3586158752441,22.9172992706299,17.3729801177979,12.8345746994019,15.1505222320557,16.6673736572266,17.2905826568604,17.8871421813965,18.7255058288574,14.1517658233643,-9999,-9999,-9999,-9999,-9999,-9999,-9999,-9999,-9999,-9999,-9999,-9999,-9999
-9999,-9999,-9999,-9999,26.6878604888916,31.2114238739014,32.2806701660156,36.0465850830078,38.9222946166992,39.1338310241699,39.1902122497559,40.0710678100586,40.3738861083984,39.5392951965332,-9999,-9999,-9999,-9999,-9999,-9999,-9999,-9999,-9999,-9999,-9999,-9999,-9999,-9999,-9999,-9999,-9999,-9999,-9999,-9999,-9999,-9999,-9999,-9999,-9999,-9999,-9999,-9999,-9999,-9999,-9999,-9999,-9999,-9999,-9999,-9999,-9999,-9999,-9999,-9999,-9999,-9999,-9999,-9999,-9999,-9999,-9999,-9999,-9999,-9999,-9999,-9999,-9999,-9999,-9999,-9999,-9999,-9999,-9999,-9999,-9999,-9999,-9999,-9999,-9999,-9999,-9999,-9999,-9999,-9999,-9999,-9999,-9999,-9999,-9999,-9999,-9999,-9999,-9999,-9999,-9999,-9999,-9999,34.8716278076172,35.1380996704102,35.1792297363281,35.1764259338379,35.0918579101563,35.088134765625,35.16357421875,34.9938926696777,34.668384552002,32.4660148620605,29.4920501708984,26.3619956970215,22.948148727417,18.6237525939941,14.6299514770508,15.187463760376,15.9756784439087,16.5125522613525,17.3216495513916,18.2185726165771,18.9133033752441,17.0242004394531,16.5696983337402,-9999,-9999,-9999,-9999,-9999,-9999,-9999,-9999,-9999,-9999,-9999
-9999,-9999,-9999,-9999,29.2613124847412,31.3786735534668,32.6528244018555,34.0654830932617,36.0935440063477,36.6405639648438,37.3156127929688,39.0332832336426,39.8628730773926,39.182315826416,-9999,-9999,-9999,-9999,-9999,-9999,-9999,-9999,-9999,-9999,-9999,-9999,-9999,-9999,-9999,-9999,-9999,-9999,-9999,-9999,-9999,-9999,-9999,-9999,-9999,-9999,-9999,-9999,-9999,-9999,-9999,-9999,-9999,-9999,-9999,-9999,-9999,-9999,-9999,-9999,-9999,-9999,-9999,-9999,-9999,-9999,-9999,-9999,-9999,-9999,-9999,-9999,-9999,-9999,-9999,-9999,-9999,-9999,-9999,-9999,-9999,-9999,-9999,-9999,-9999,-9999,-9999,-9999,-9999,-9999,-9999,-9999,-9999,-9999,-9999,-9999,-9999,-9999,-9999,-9999,-9999,-9999,-9999,-9999,34.6899261474609,34.7705955505371,34.7789764404297,34.6623344421387,34.7401351928711,35.0076484680176,34.5553665161133,33.6375160217285,33.9431457519531,34.5343704223633,29.603946685791,23.1266841888428,21.1687507629395,18.9461803436279,15.6967144012451,13.4556694030762,14.1958045959473,15.5767269134521,17.8301753997803,18.6856346130371,18.7302265167236,-9999,-9999,-9999,-9999,-9999,-9999,-9999,-9999,-9999,-9999,-9999,-9999
-9999,-9999,-9999,-9999,28.6588668823242,30.6695137023926,30.593391418457,31.4253520965576,32.6075553894043,34.7409019470215,36.8966445922852,38.2752952575684,38.9616279602051,38.7332191467285,-9999,-9999,-9999,-9999,-9999,-9999,-9999,-9999,-9999,-9999,-9999,-9999,-9999,-9999,-9999,-9999,-9999,-9999,-9999,-9999,-9999,-9999,-9999,-9999,-9999,-9999,-9999,-9999,-9999,-9999,-9999,-9999,-9999,-9999,-9999,-9999,-9999,-9999,-9999,-9999,-9999,-9999,-9999,-9999,-9999,-9999,-9999,-9999,-9999,-9999,-9999,-9999,-9999,-9999,-9999,-9999,-9999,-9999,-9999,-9999,-9999,-9999,-9999,-9999,-9999,-9999,-9999,-9999,-9999,-9999,-9999,-9999,-9999,-9999,-9999,-9999,-9999,-9999,-9999,-9999,-9999,-9999,-9999,-9999,34.2815818786621,34.3777885437012,34.3993873596191,34.293285369873,34.4211463928223,34.770320892334,34.530445098877,33.9219436645508,34.784839630127,35.9633979797363,30.6222972869873,23.3912944793701,21.9759712219238,20.1169185638428,15.5783462524414,12.0893802642822,12.3979768753052,13.9104042053223,16.9504985809326,23.535758972168,32.2110061645508,29.8097076416016,34.4350433349609,-9999,-9999,-9999,-9999,-9999,-9999,-9999,-9999,-9999,-9999
-9999,-9999,-9999,-9999,-9999,22.1060619354248,28.0820178985596,28.8206310272217,28.7670516967773,33.176399230957,36.8203926086426,37.48876953125,37.8508262634277,38.2357711791992,-9999,-9999,-9999,-9999,-9999,-9999,-9999,-9999,-9999,-9999,-9999,-9999,-9999,-9999,-9999,-9999,-9999,-9999,-9999,-9999,-9999,-9999,-9999,-9999,-9999,-9999,-9999,-9999,-9999,-9999,-9999,-9999,-9999,-9999,-9999,-9999,-9999,-9999,-9999,-9999,-9999,-9999,-9999,-9999,-9999,-9999,-9999,-9999,-9999,-9999,-9999,-9999,-9999,-9999,-9999,-9999,-9999,-9999,-9999,-9999,-9999,-9999,-9999,-9999,-9999,-9999,-9999,-9999,-9999,-9999,-9999,-9999,-9999,-9999,-9999,-9999,-9999,-9999,-9999,-9999,-9999,-9999,-9999,-9999,33.8871765136719,33.9886856079102,34.0248794555664,33.952262878418,34.1144027709961,34.4951629638672,34.6893043518066,34.762939453125,35.427734375,36.1105117797852,30.7783660888672,23.7626571655273,22.1294441223145,19.8533744812012,14.9221134185791,11.0254764556885,10.7131147384644,12.1747074127197,16.1711883544922,22.9920997619629,31.5500869750977,33.9785614013672,35.4034423828125,32.1604042053223,-9999,-9999,-9999,-9999,-9999,-9999,-9999,-9999,-9999
-9999,-9999,-9999,-9999,-9999,25.1564292907715,26.4283580780029,26.3093509674072,27.752758026123,32.9967765808105,36.7995185852051,37.1689567565918,37.5508155822754,38.0378074645996,-9999,-9999,-9999,-9999,-9999,-9999,-9999,-9999,-9999,-9999,-9999,-9999,-9999,-9999,-9999,-9999,-9999,-9999,-9999,-9999,-9999,-9999,-9999,-9999,-9999,-9999,-9999,-9999,-9999,-9999,-9999,-9999,-9999,-9999,-9999,-9999,-9999,-9999,-9999,-9999,-9999,-9999,-9999,-9999,-9999,-9999,-9999,-9999,-9999,-9999,-9999,-9999,-9999,-9999,-9999,-9999,-9999,-9999,-9999,-9999,-9999,-9999,-9999,-9999,-9999,-9999,-9999,-9999,-9999,-9999,-9999,-9999,-9999,-9999,-9999,-9999,-9999,-9999,-9999,-9999,-9999,-9999,-9999,-9999,33.4995803833008,33.608829498291,33.6635131835938,33.635196685791,33.7777786254883,34.0742950439453,34.2791175842285,34.4138717651367,35.1186256408691,35.8356170654297,30.7813682556152,24.0345039367676,22.333610534668,20.0683441162109,14.6637582778931,10.9821424484253,11.5879592895508,13.5470561981201,17.1215648651123,22.4437351226807,29.0747375488281,33.3975067138672,37.188159942627,37.3464736938477,-9999,-9999,-9999,-9999,-9999,-9999,-9999,-9999,-9999
-9999,-9999,-9999,-9999,-9999,25.1107559204102,25.2176933288574,26.259895324707,27.1146430969238,33.1053237915039,36.8635444641113,37.119083404541,37.4204368591309,37.9037322998047,-9999,-9999,-9999,-9999,-9999,-9999,-9999,-9999,-9999,-9999,-9999,-9999,-9999,-9999,-9999,-9999,-9999,-9999,-9999,-9999,-9999,-9999,-9999,-9999,-9999,-9999,-9999,-9999,-9999,-9999,-9999,-9999,-9999,-9999,-9999,-9999,-9999,-9999,-9999,-9999,-9999,-9999,-9999,-9999,-9999,-9999,-9999,-9999,-9999,-9999,-9999,-9999,-9999,-9999,-9999,-9999,-9999,-9999,-9999,-9999,-9999,-9999,-9999,-9999,-9999,-9999,-9999,-9999,-9999,-9999,-9999,-9999,-9999,-9999,-9999,-9999,-9999,-9999,-9999,-9999,-9999,-9999,-9999,-9999,-9999,33.2264633178711,33.3015518188477,33.321662902832,33.4328727722168,33.6215171813965,33.7440910339355,33.8050003051758,34.641414642334,35.5185546875,30.7172908782959,24.2972373962402,22.6315784454346,20.3151512145996,14.5827522277832,11.075080871582,12.9643115997314,15.360933303833,18.3220062255859,22.0571174621582,25.8604316711426,31.3330974578857,36.9337501525879,38.3574028015137,-9999,-9999,-9999,-9999,-9999,-9999,-9999,-9999,-9999
-9999,-9999,-9999,-9999,-9999,-9999,24.1889953613281,24.7229881286621,25.9771308898926,32.0614891052246,36.3915557861328,36.8369178771973,37.1693916320801,-9999,-9999,-9999,-9999,-9999,-9999,-9999,-9999,-9999,-9999,-9999,-9999,-9999,-9999,-9999,-9999,-9999,-9999,-9999,-9999,-9999,-9999,-9999,-9999,-9999,-9999,-9999,-9999,-9999,-9999,-9999,-9999,-9999,-9999,-9999,-9999,-9999,-9999,-9999,-9999,-9999,-9999,-9999,-9999,-9999,-9999,-9999,-9999,-9999,-9999,-9999,-9999,-9999,-9999,-9999,-9999,-9999,-9999,-9999,-9999,-9999,-9999,-9999,-9999,-9999,-9999,-9999,-9999,-9999,-9999,-9999,-9999,-9999,-9999,-9999,-9999,-9999,-9999,-9999,-9999,-9999,-9999,-9999,-9999,-9999,-9999,32.9565238952637,33.0568618774414,33.1173133850098,33.2169380187988,33.3446426391602,33.6664428710938,34.0816993713379,34.6037178039551,35.0021362304688,30.4681720733643,24.5789833068848,22.9747695922852,21.1061573028564,17.7605590820313,15.026535987854,13.6509685516357,13.6204662322998,14.7730875015259,19.3592796325684,25.4223308563232,29.6033878326416,32.7768707275391,34.29052734375,-9999,-9999,-9999,-9999,-9999,-9999,-9999,-9999,-9999
-9999,-9999,-9999,-9999,-9999,-9999,22.8716888427734,22.5065155029297,24.5739860534668,31.3468189239502,36.0428161621094,36.5542678833008,36.9047927856445,-9999,-9999,-9999,-9999,-9999,-9999,-9999,-9999,-9999,-9999,-9999,-9999,-9999,-9999,-9999,-9999,-9999,-9999,-9999,-9999,-9999,-9999,-9999,-9999,-9999,-9999,-9999,-9999,-9999,-9999,-9999,-9999,-9999,-9999,-9999,-9999,-9999,-9999,-9999,-9999,-9999,-9999,-9999,-9999,-9999,-9999,-9999,-9999,-9999,-9999,-9999,-9999,-9999,-9999,-9999,-9999,-9999,-9999,-9999,-9999,-9999,-9999,-9999,-9999,-9999,-9999,-9999,-9999,-9999,-9999,-9999,-9999,-9999,-9999,-9999,-9999,-9999,-9999,-9999,-9999,-9999,-9999,-9999,-9999,-9999,-9999,32.7001800537109,32.8231964111328,32.9144401550293,33.0023078918457,33.0795669555664,33.5886535644531,34.3317260742188,34.5533866882324,34.5075874328613,30.2484550476074,24.8330860137939,23.3534507751465,21.8479442596436,20.7300186157227,18.5373840332031,14.1215181350708,11.2931222915649,11.3088598251343,16.4081516265869,25.1619644165039,27.6575050354004,27.8670196533203,24.2475776672363,17.6302356719971,16.026683807373,-9999,-9999,-9999,-9999,-9999,-9999,-9999
-9999,-9999,-9999,-9999,-9999,-9999,21.5096740722656,21.7868671417236,23.047830581665,30.2352752685547,35.2884788513184,36.011604309082,36.6256103515625,-9999,-9999,-9999,-9999,-9999,-9999,-9999,-9999,-9999,-9999,-9999,-9999,-9999,-9999,-9999,-9999,-9999,-9999,-9999,-9999,-9999,-9999,-9999,-9999,-9999,-9999,-9999,-9999,-9999,-9999,-9999,-9999,-9999,-9999,-9999,-9999,-9999,-9999,-9999,-9999,-9999,-9999,-9999,-9999,-9999,-9999,-9999,-9999,-9999,-9999,-9999,-9999,-9999,-9999,-9999,-9999,-9999,-9999,-9999,-9999,-9999,-9999,-9999,-9999,-9999,-9999,-9999,-9999,-9999,-9999,-9999,-9999,-9999,-9999,-9999,-9999,-9999,-9999,-9999,-9999,-9999,-9999,-9999,-9999,-9999,-9999,32.5662689208984,32.6597938537598,32.6846008300781,32.7454261779785,32.8291931152344,33.3186950683594,34.0301666259766,34.2594871520996,34.2670936584473,30.1564044952393,24.9733104705811,23.6069583892822,22.2221488952637,20.957878112793,18.6789951324463,13.9229364395142,11.5341711044312,12.767147064209,16.0436515808105,20.7075099945068,21.8903827667236,21.2269191741943,19.6300659179688,17.5808696746826,13.4424495697021,8.12392711639404,-9999,-9999,-9999,-9999,-9999,-9999
-9999,-9999,-9999,-9999,-9999,-9999,-9999,-9999,-9999,-9999,-9999,-9999,-9999,-9999,-9999,-9999,-9999,-9999,-9999,-9999,-9999,-9999,-9999,-9999,-9999,-9999,-9999,-9999,-9999,-9999,-9999,-9999,-9999,-9999,-9999,-9999,-9999,-9999,-9999,-9999,-9999,-9999,-9999,-9999,-9999,-9999,-9999,-9999,-9999,-9999,-9999,-9999,-9999,-9999,-9999,-9999,-9999,-9999,-9999,-9999,-9999,-9999,-9999,-9999,-9999,-9999,-9999,-9999,-9999,-9999,-9999,-9999,-9999,-9999,-9999,-9999,-9999,-9999,-9999,-9999,-9999,-9999,-9999,-9999,-9999,-9999,-9999,-9999,-9999,-9999,-9999,-9999,-9999,-9999,-9999,-9999,-9999,-9999,-9999,-9999,32.4847183227539,32.455020904541,32.4986610412598,32.6011810302734,33.0845336914063,33.7765960693359,33.9937934875488,33.9821968078613,30.5924644470215,26.3931827545166,24.4765663146973,22.5628566741943,21.2490825653076,18.9084415435791,13.7930917739868,11.5684938430786,13.8486804962158,15.3393316268921,16.2877254486084,15.9283027648926,14.832896232605,15.2529649734497,15.7747344970703,9.84380912780762,7.61123466491699,2.98531532287598,-9999,-9999,-9999,-9999,-9999
-9999,-9999,-9999,-9999,-9999,-9999,-9999,-9999,-9999,-9999,-9999,-9999,-9999,-9999,-9999,-9999,-9999,-9999,-9999,-9999,-9999,-9999,-9999,-9999,-9999,-9999,-9999,-9999,-9999,-9999,-9999,-9999,-9999,-9999,-9999,-9999,-9999,-9999,-9999,-9999,-9999,-9999,-9999,-9999,-9999,-9999,-9999,-9999,-9999,-9999,-9999,-9999,-9999,-9999,-9999,-9999,-9999,-9999,-9999,-9999,-9999,-9999,-9999,-9999,-9999,-9999,-9999,-9999,-9999,-9999,-9999,-9999,-9999,-9999,-9999,-9999,-9999,-9999,-9999,-9999,-9999,-9999,-9999,-9999,-9999,-9999,-9999,-9999,-9999,-9999,-9999,-9999,-9999,-9999,-9999,-9999,-9999,-9999,-9999,-9999,32.2733840942383,32.2321395874023,32.3010597229004,32.467113494873,32.9904632568359,33.7063179016113,33.8783874511719,33.8119850158691,33.029857635498,32.0374031066895,27.4279823303223,22.8247241973877,21.5342311859131,19.2275524139404,13.9410743713379,11.483606338501,13.1750154495239,13.6193962097168,13.3469228744507,12.1164169311523,10.2318305969238,9.81060314178467,9.73555850982666,6.8203272819519,3.40191459655762,3.25829339027405,2.76553511619568,-9999,-9999,-9999,-9999
-9999,-9999,-9999,-9999,-9999,-9999,-9999,-9999,-9999,-9999,-9999,-9999,-9999,-9999,-9999,-9999,-9999,-9999,-9999,-9999,-9999,-9999,-9999,-9999,-9999,-9999,-9999,-9999,-9999,-9999,-9999,-9999,-9999,-9999,-9999,-9999,-9999,-9999,-9999,-9999,-9999,-9999,-9999,-9999,-9999,-9999,-9999,-9999,-9999,-9999,-9999,-9999,-9999,-9999,-9999,-9999,-9999,-9999,-9999,-9999,-9999,-9999,-9999,-9999,-9999,-9999,-9999,-9999,-9999,-9999,-9999,-9999,-9999,-9999,-9999,-9999,-9999,-9999,-9999,-9999,-9999,-9999,-9999,-9999,-9999,-9999,-9999,-9999,-9999,-9999,-9999,-9999,-9999,-9999,-9999,-9999,-9999,-9999,-9999,-9999,32.0802764892578,32.0514793395996,32.1422424316406,32.3555221557617,32.796558380127,33.360164642334,33.6157836914063,33.7018852233887,34.5338249206543,35.2474899291992,29.2772483825684,23.0590152740479,21.8463459014893,19.5574321746826,14.2099552154541,11.4390621185303,12.5776786804199,12.3696393966675,10.9470558166504,9.15569019317627,7.32812070846558,6.25980186462402,5.12540340423584,4.28749799728394,3.47151517868042,2.75637674331665,2.50977683067322,-9999,-9999,-9999,-9999
-9999,-9999,-9999,-9999,-9999,-9999,-9999,-9999,-9999,-9999,-9999,-9999,-9999,-9999,-9999,-9999,-9999,-9999,-9999,-9999,-9999,-9999,-9999,-9999,-9999,-9999,-9999,-9999,-9999,-9999,-9999,-9999,-9999,-9999,-9999,-9999,-9999,-9999,-9999,-9999,-9999,-9999,-9999,-9999,-9999,-9999,-9999,-9999,-9999,-9999,-9999,-9999,-9999,-9999,-9999,-9999,-9999,-9999,-9999,-9999,-9999,-9999,-9999,-9999,-9999,-9999,-9999,-9999,-9999,-9999,-9999,-9999,-9999,-9999,-9999,-9999,-9999,-9999,-9999,-9999,-9999,-9999,-9999,-9999,-9999,-9999,-9999,-9999,-9999,-9999,-9999,-9999,-9999,-9999,-9999,-9999,-9999,-9999,-9999,-9999,-9999,31.9485340118408,32.068058013916,32.2912826538086,32.4128799438477,32.472053527832,33.0565757751465,33.6955299377441,34.5972328186035,35.3151779174805,29.4055843353271,23.2787609100342,22.1673812866211,19.933780670166,14.5687122344971,11.6658935546875,12.4100227355957,11.6862516403198,9.5434741973877,8.49587440490723,7.88310241699219,6.22553253173828,3.84192061424255,3.18711304664612,2.8227105140686,2.51286792755127,2.23965525627136,-9999,-9999,3.33482313156128,3.35181498527527
-9999,-9999,-9999,-9999,-9999,-9999,-9999,-9999,-9999,-9999,-9999,-9999,-9999,-9999,-9999,-9999,-9999,-9999,-9999,-9999,-9999,-9999,-9999,-9999,-9999,-9999,-9999,-9999,-9999,-9999,-9999,-9999,-9999,-9999,-9999,-9999,-9999,-9999,-9999,-9999,-9999,-9999,-9999,-9999,-9999,-9999,-9999,-9999,-9999,-9999,-9999,-9999,-9999,-9999,-9999,-9999,-9999,-9999,-9999,-9999,-9999,-9999,-9999,-9999,-9999,-9999,-9999,-9999,-9999,-9999,-9999,-9999,-9999,-9999,-9999,-9999,-9999,-9999,-9999,-9999,-9999,-9999,-9999,-9999,-9999,-9999,-9999,-9999,-9999,-9999,-9999,-9999,-9999,-9999,-9999,-9999,-9999,-9999,-9999,-9999,-9999,-9999,32.0116844177246,32.1880760192871,32.1449203491211,31.9595565795898,32.6813659667969,33.5640563964844,34.5604667663574,35.3589897155762,29.5858993530273,23.3327255249023,20.2059516906738,16.7506885528564,12.6077556610107,10.2743301391602,10.7917804718018,9.77458953857422,7.60149431228638,6.90988540649414,7.01502370834351,5.85197257995605,3.00161743164063,2.83381581306458,2.79782629013062,2.58791780471802,2.58961820602417,2.98361802101135,3.27515649795532,3.45136141777039,3.40610456466675
-9999,-9999,-9999,-9999,-9999,-9999,-9999,-9999,-9999,-9999,-9999,-9999,-9999,-9999,-9999,-9999,-9999,-9999,-9999,-9999,-9999,-9999,-9999,-9999,-9999,-9999,-9999,-9999,-9999,-9999,-9999,-9999,-9999,-9999,-9999,-9999,-9999,-9999,-9999,-9999,-9999,-9999,-9999,-9999,-9999,-9999,-9999,-9999,-9999,-9999,-9999,-9999,-9999,-9999,-9999,-9999,-9999,-9999,-9999,-9999,-9999,-9999,-9999,-9999,-9999,-9999,-9999,-9999,-9999,-9999,-9999,-9999,-9999,-9999,-9999,-9999,-9999,-9999,-9999,-9999,-9999,-9999,-9999,-9999,-9999,-9999,-9999,-9999,-9999,-9999,-9999,-9999,-9999,-9999,-9999,-9999,-9999,-9999,-9999,-9999,-9999,-9999,-9999,32.0444297790527,32.007453918457,31.8910427093506,32.5028533935547,33.2122383117676,34.4275283813477,35.4347724914551,29.8672790527344,23.2298469543457,15.4102621078491,8.95061016082764,7.8718729019165,7.28769111633301,7.60551500320435,6.70151948928833,4.67206048965454,3.98113536834717,4.26585292816162,3.88004302978516,3.21281218528748,3.22304487228394,3.31581330299377,3.18158650398254,3.17747592926025,3.1965959072113,3.15421295166016,2.99458742141724,2.83474636077881
-9999,-9999,-9999,-9999,-9999,-9999,-9999,-9999,-9999,-9999,-9999,-9999,-9999,-9999,-9999,-9999,-9999,-9999,-9999,-9999,-9999,-9999,-9999,-9999,-9999,-9999,-9999,-9999,-9999,-9999,-9999,-9999,-9999,-9999,-9999,-9999,-9999,-9999,-9999,-9999,-9999,-9999,-9999,-9999,-9999,-9999,-9999,-9999,-9999,-9999,-9999,-9999,-9999,-9999,-9999,-9999,-9999,-9999,-9999,-9999,-9999,-9999,-9999,-9999,-9999,-9999,-9999,-9999,-9999,-9999,-9999,-9999,-9999,-9999,-9999,-9999,-9999,-9999,-9999,-9999,-9999,-9999,-9999,-9999,-9999,-9999,-9999,-9999,-9999,-9999,-9999,-9999,-9999,-9999,-9999,-9999,-9999,-9999,-9999,-9999,-9999,-9999,-9999,31.9085865020752,31.9561004638672,32.0332069396973,32.3901443481445,32.7455177307129,33.8775978088379,34.8951454162598,29.7438144683838,23.308572769165,13.5795192718506,6.14848470687866,6.43967342376709,6.80911159515381,7.03574419021606,5.95640134811401,3.56508874893188,2.749098777771,2.92123484611511,3.13164305686951,3.18949103355408,3.2021791934967,3.14062404632568,3.13625478744507,3.17505621910095,2.90881037712097,4.46512889862061,9.49940299987793,15.0113391876221
-9999,-9999,-9999,-9999,-9999,-9999,-9999,-9999,-9999,-9999,-9999,-9999,-9999,-9999,-9999,-9999,-9999,-9999,-9999,-9999,-9999,-9999,-9999,-9999,-9999,-9999,-9999,-9999,-9999,-9999,-9999,-9999,-9999,-9999,-9999,-9999,-9999,-9999,-9999,-9999,-9999,-9999,-9999,-9999,-9999,-9999,-9999,-9999,-9999,-9999,-9999,-9999,-9999,-9999,-9999,-9999,-9999,-9999,-9999,-9999,-9999,-9999,-9999,-9999,-9999,-9999,-9999,-9999,-9999,-9999,-9999,-9999,-9999,-9999,-9999,-9999,-9999,-9999,-9999,-9999,-9999,-9999,-9999,-9999,-9999,-9999,-9999,-9999,-9999,-9999,-9999,-9999,-9999,-9999,-9999,-9999,-9999,-9999,-9999,-9999,-9999,-9999,-9999,-9999,31.9778709411621,32.3085784912109,32.4569053649902,32.5008811950684,33.052433013916,33.9338912963867,29.3471870422363,22.8886585235596,13.3507165908813,6.49113607406616,7.30827188491821,7.59182643890381,7.65439510345459,6.52220630645752,3.70386290550232,2.53490829467773,2.56662631034851,2.72975945472717,2.64486908912659,2.54694986343384,2.39454960823059,2.47570252418518,2.35266876220703,2.11771965026855,6.639404296875,20.1697750091553,30.8200244903564
-9999,-9999,-9999,-9999,-9999,-9999,-9999,-9999,-9999,-9999,-9999,-9999,-9999,-9999,-9999,-9999,-9999,-9999,-9999,-9999,-9999,-9999,-9999,-9999,-9999,-9999,-9999,-9999,-9999,-9999,-9999,-9999,-9999,-9999,-9999,-9999,-9999,-9999,-9999,-9999,-9999,-9999,-9999,-9999,-9999,-9999,-9999,-9999,-9999,-9999,-9999,-9999,-9999,-9999,-9999,-9999,-9999,-9999,-9999,-9999,-9999,-9999,-9999,-9999,-9999,-9999,-9999,-9999,-9999,-9999,-9999,-9999,-9999,-9999,-9999,-9999,-9999,-9999,-9999,-9999,-9999,-9999,-9999,-9999,-9999,-9999,-9999,-9999,-9999,-9999,-9999,-9999,-9999,-9999,-9999,-9999,-9999,-9999,-9999,-9999,-9999,-9999,-9999,-9999,-9999,-9999,32.2151908874512,32.1202392578125,32.6759490966797,33.2443695068359,30.3273372650146,25.8813858032227,18.7619247436523,13.2822618484497,11.5781335830688,10.4881505966187,10.7256126403809,9.90321159362793,8.0410041809082,8.75927448272705,10.8474864959717,11.2761192321777,11.1149501800537,11.8857011795044,14.2276439666748,15.6487445831299,16.6032047271729,16.0663032531738,18.3700981140137,26.1915435791016,32.6660079956055
-9999,-9999,-9999,-9999,-9999,-9999,-9999,-9999,-9999,-9999,-9999,-9999,-9999,-9999,-9999,-9999,-9999,-9999,-9999,-9999,-9999,-9999,-9999,-9999,-9999,-9999,-9999,-9999,-9999,-9999,-9999,-9999,-9999,-9999,-9999,-9999,-9999,-9999,-9999,-9999,-9999,-9999,-9999,-9999,-9999,-9999,-9999,-9999,-9999,-9999,-9999,-9999,-9999,-9999,-9999,-9999,-9999,-9999,-9999,-9999,-9999,-9999,-9999,-9999,-9999,-9999,-9999,-9999,-9999,-9999,-9999,-9999,-9999,-9999,-9999,-9999,-9999,-9999,-9999,-9999,-9999,-9999,-9999,-9999,-9999,-9999,-9999,-9999,-9999,-9999,-9999,-9999,-9999,-9999,-9999,-9999,-9999,-9999,-9999,-9999,-9999,-9999,-9999,-9999,-9999,-9999,-9999,-9999,31.9149379730225,32.1702499389648,31.8811988830566,31.1736145019531,27.6039218902588,23.179370880127,17.7600269317627,14.608024597168,15.3314838409424,15.4897232055664,14.4674263000488,17.6558628082275,22.5794067382813,22.8768081665039,22.0284957885742,24.8038902282715,27.6473045349121,29.9217720031738,31.5814304351807,31.00634765625,30.6002082824707,30.573558807373,-9999
-9999,-9999,-9999,-9999,-9999,-9999,-9999,-9999,-9999,-9999,-9999,-9999,-9999,-9999,-9999,-9999,-9999,-9999,-9999,-9999,-9999,-9999,-9999,-9999,-9999,-9999,-9999,-9999,-9999,-9999,-9999,-9999,-9999,-9999,-9999,-9999,-9999,-9999,-9999,-9999,-9999,-9999,-9999,-9999,-9999,-9999,-9999,-9999,-9999,-9999,-9999,-9999,-9999,-9999,-9999,-9999,-9999,-9999,-9999,-9999,-9999,-9999,-9999,-9999,-9999,-9999,-9999,-9999,-9999,-9999,-9999,-9999,-9999,-9999,-9999,-9999,-9999,-9999,-9999,-9999,-9999,-9999,-9999,-9999,-9999,-9999,-9999,-9999,-9999,-9999,-9999,-9999,-9999,-9999,-9999,-9999,-9999,-9999,-9999,-9999,-9999,-9999,-9999,-9999,-9999,-9999,-9999,-9999,-9999,-9999,31.6496925354004,31.4466915130615,29.6254062652588,27.4807205200195,24.58860206604,22.8135871887207,22.9433574676514,22.7688388824463,22.3220920562744,23.9852600097656,26.5741195678711,26.7757511138916,26.3767433166504,27.8516883850098,29.4010581970215,30.685094833374,31.6355857849121,31.2484111785889,-9999,-9999,-9999
-9999,-9999,-9999,-9999,-9999,-9999,-9999,-9999,-9999,-9999,-9999,-9999,-9999,-9999,-9999,-9999,-9999,-9999,-9999,-9999,-9999,-9999,-9999,-9999,-9999,-9999,-9999,-9999,-9999,-9999,-9999,-9999,-9999,-9999,-9999,-9999,-9999,-9999,-9999,-9999,-9999,-9999,-9999,-9999,-9999,-9999,-9999,-9999,-9999,-9999,-9999,-9999,-9999,-9999,-9999,-9999,-9999,-9999,-9999,-9999,-9999,-9999,-9999,-9999,-9999,-9999,-9999,-9999,-9999,-9999,-9999,-9999,-9999,-9999,-9999,-9999,-9999,-9999,-9999,-9999,-9999,-9999,-9999,-9999,-9999,-9999,-9999,-9999,-9999,-9999,-9999,-9999,-9999,-9999,-9999,-9999,-9999,-9999,-9999,-9999,-9999,-9999,-9999,-9999,-9999,-9999,-9999,-9999,-9999,-9999,-9999,-9999,-9999,-9999,-9999,-9999,-9999,-9999,-9999,-9999,-9999,-9999,-9999,-9999,-9999,-9999,-9999,-9999,-9999,-9999,-9999
-9999,-9999,-9999,-9999,-9999,-9999,-9999,-9999,-9999,-9999,-9999,-9999,-9999,-9999,-9999,-9999,-9999,-9999,-9999,-9999,-9999,-9999,-9999,-9999,-9999,-9999,-9999,-9999,-9999,-9999,-9999,-9999,-9999,-9999,-9999,-9999,-9999,-9999,-9999,-9999,-9999,-9999,-9999,-9999,-9999,-9999,-9999,-9999,-9999,-9999,-9999,-9999,-9999,-9999,-9999,-9999,-9999,-9999,-9999,-9999,-9999,-9999,-9999,-9999,-9999,-9999,-9999,-9999,-9999,-9999,-9999,-9999,-9999,-9999,-9999,-9999,-9999,-9999,-9999,-9999,-9999,-9999,-9999,-9999,-9999,-9999,-9999,-9999,-9999,-9999,-9999,-9999,-9999,-9999,-9999,-9999,-9999,-9999,-9999,-9999,-9999,-9999,-9999,-9999,-9999,-9999,-9999,-9999,-9999,-9999,-9999,-9999,-9999,-9999,-9999,-9999,-9999,-9999,-9999,-9999,-9999,-9999,-9999,-9999,-9999,-9999,-9999,-9999,-9999,-9999,-9999

Step,421
Year,35.08333
-9999,-9999,-9999,-9999,-9999,-9999,-9999,-9999,-9999,-9999,-9999,-9999,-9999,-9999,-9999,-9999,-9999,-9999,-9999,-9999,-9999,-9999,-9999,-9999,-9999,-9999,-9999,-9999,-9999,-9999,-9999,-9999,-9999,-9999,-9999,-9999,-9999,-9999,-9999,-9999,-9999,-9999,-9999,-9999,-9999,-9999,-9999,-9999,-9999,-9999,-9999,-9999,-9999,-9999,-9999,-9999,-9999,-9999,-9999,-9999,-9999,-9999,-9999,-9999,-9999,-9999,-9999,-9999,-9999,-9999,-9999,-9999,-9999,-9999,-9999,-9999,-9999,-9999,-9999,-9999,-9999,-9999,-9999,-9999,-9999,-9999,-9999,-9999,-9999,-9999,-9999,-9999,-9999,-9999,-9999,-9999,-9999,-9999,-9999,-9999,-9999,-9999,-9999,-9999,-9999,-9999,-9999,-9999,-9999,-9999,-9999,-9999,-9999,-9999,-9999,-9999,-9999,-9999,-9999,-9999,-9999,-9999,-9999,-9999,-9999,-9999,-9999,-9999,-9999,-9999,-9999
-9999,-9999,-9999,-9999,-9999,-9999,-9999,-9999,-9999,-9999,-9999,-9999,-9999,-9999,-9999,-9999,-9999,-9999,-9999,-9999,-9999,-9999,-9999,-9999,-9999,-9999,-9999,-9999,-9999,-9999,-9999,-9999,-9999,-9999,-9999,-9999,-9999,-9999,-9999,-9999,-9999,-9999,-9999,-9999,-9999,-9999,-9999,-9999,-9999,-9999,-9999,-9999,-9999,-9999,-9999,-9999,-9999,-9999,-9999,-9999,-9999,-9999,-9999,-9999,-9999,-9999,-9999,-9999,-9999,-9999,-9999,-9999,-9999,-9999,-9999,-9999,-9999,-9999,-9999,-9999,-9999,-9999,-9999,-9999,-9999,-9999,-9999,-9999,-9999,-9999,-9999,-9999,-9999,-9999,-9999,-9999,-9999,-9999,-9999,-9999,-9999,-9999,-9999,-9999,-9999,-9999,-9999,-9999,-9999,-9999,-9999,-9999,-9999,-9999,-9999,-9999,-9999,-9999,-9999,-9999,-9999,-9999,-9999,-9999,-9999,-9999,-9999,-9999,-9999,-9999,-9999
-9999,-9999,-9999,-9999,-9999,-9999,-9999,-9999,-9999,-9999,-9999,-9999,-9999,-9999,-9999,-9999,-9999,-9999,-9999,-9999,-9999,-9999,-9999,-9999,-9999,-9999,-9999,-9999,-9999,-9999,-9999,-9999,-9999,-9999,-9999,-9999,-9999,-9999,-9999,-9999,-9999,-9999,-9999,-9999,-9999,-9999,-9999,-9999,-9999,-9999,-9999,-9999,-9999,-9999,-9999,-9999,-9999,-9999,-9999,-9999,-9999,-9999,-9999,-9999,-9999,-9999,-9999,-9999,-9999,-9999,-9999,-9999,-9999,-9999,37.2471618652344,37.8201332092285,-9999,-9999,-9999,-9999,-9999,-9999,-9999,-9999,-9999,-9999,-9999,-9999,-9999,-9999,-9999,-9999,-9999,-9999,-9999,-9999,-9999,-9999,-9999,-9999,-9999,-9999,-9999,-9999,-9999,-9999,-9999,-9999,-9999,-9999,-9999,-9999,-9999,-9999,-9999,-9999,-9999,-9999,-9999,-9999,-9999,-9999,-9999,-9999,-9999,-9999,-9999,-9999,-9999,-9999,-9999
-9999,-9999,-9999,-9999,-9999,-9999,-9999,-9999,-9999,-9999,-9999,-9999,-9999,-9999,-9999,-9999,-9999,-9999,-9999,-9999,-9999,-9999,-9999,-9999,-9999,-9999,-9999,-9999,-9999,-9999,-9999,-9999,-9999,-9999,-9999,-9999,-9999,-9999,-9999,-9999,-9999,-9999,-9999,-9999,-9999,-9999,-9999,-9999,-9999,-9999,-9999,-9999,-9999,-9999,-9999,-9999,-9999,-9999,-9999,-9999,-9999,-9999,-9999,-9999,-9999,-9999,-9999,-9999,-9999,-9999,-9999,-9999,-9999,-9999,38.2782402038574,37.7325782775879,-9999,-9999,-9999,-9999,-9999,-9999,-9999,-9999,-9999,-9999,-9999,-9999,-9999,-9999,-9999,-9999,-9999,-9999,-9999,-9999,-9999,-9999,-9999,-9999,-9999,-9999,-9999,-9999,-9999,-9999,-9999,-9999,-9999,-9999,-9999,-9999,-9999,-9999,-9999,-9999,-9999,-9999,-9999,-9999,-9999,-9999,-9999,-9999,-9999,-9999,-9999,-9999,-9999,-9999,-9999
-9999,-9999,-9999,-9999,-9999,-9999,-9999,-9999,-9999,-9999,-9999,-9999,-9999,-9999,-9999,-9999,-9999,-9999,-9999,-9999,-9999,-9999,-9999,-9999,-9999,-9999,-9999,-9999,-9999,-9999,-9999,-9999,-9999,-9999,-9999,-9999,-9999,-9999,-9999,-9999,-9999,-9999,-9999,-9999,-9999,-9999,-9999,-9999,-9999,-9999,-9999,-9999,-9999,-9999,-9999,-9999,6.17375833615597E-13,1.08986952795931E-08,1.08151372302245E-08,1.08000541843012E-08,-9999,-9999,-9999,-9999,-9999,38.6739730834961,38.5525245666504,39.3849601745605,39.9479484558105,37.3743286132813,35.9795722961426,32.6816864013672,32.4675369262695,31.9151611328125,35.5873413085938,34.4012298583984,32.9697570800781,-9999,-9999,25.228343963623,23.8565635681152,23.0024833679199,23.6429710388184,30.391206741333,33.5154418945313,35.4729957580566,35.4016151428223,33.2161140441895,25.0090484619141,-9999,-9999,-9999,-9999,-9999,-9999,-9999,-9999,-9999,-9999,-9999,-9999,-9999,-9999,-9999,-9999,-9999,-9999,-9999,-9999,-9999,-9999,-9999,-9999,-9999,-9999,-9999,-9999,-9999,-9999,-9999,-9999,-9999,-9999,-9999,-9999,-9999,-9999,-9999,-9999,-9999,-9999
-9999,-9999,-9999,-9999,-9999,-9999,-9999,-9999,-9999,-9999,-9999,-9999,-9999,-9999,-9999,-9999,-9999,-9999,-9999,-9999,-9999,-9999,-9999,-9999,-9999,-9999,-9999,-9999,-9999,-9999,-9999,-9999,-9999,-9999,-9999,-9999,-9999,-9999,-9999,-9999,-9999,-9999,-9999,-9999,-9999,-9999,-9999,-9999,-9999,-9999,-9999,-9999,-9999,-9999,-9999,7.13036075496165E-13,2.48424498749955E-08,0.000671593123115599,0.000667865853756666,0.000667184067424387,0.00136895652394742,44.7451591491699,-9999,44.1252212524414,42.2179222106934,42.0624008178711,41.3014335632324,40.589469909668,39.8772964477539,39.2731590270996,36.1971702575684,35.2028465270996,35.9731521606445,35.0045890808105,34.6240921020508,35.0568962097168,33.7843551635742,33.3972778320313,32.196102142334,29.661901473999,26.410099029541,23.6178684234619,26.7328433990479,29.8307666778564,34.1663703918457,36.4206314086914,36.2779846191406,34.1001396179199,28.4873085021973,22.4794635772705,15.9843273162842,-9999,-9999,-9999,-9999,-9999,-9999,-9999,-9999,-9999,-9999,-9999,-9999,-9999,-9999,-9999,-9999,-9999,-9999,-9999,-9999,-9999,-9999,-9999,-9999,-9999,-9999,-9999,-9999,-9999,-9999,-9999,-9999,-9999,-9999,-9999,-9999,-9999,-9999,-9999,-9999
-9999,-9999,-9999,-9999,-9999,-9999,-9999,-9999,-9999,-9999,-9999,-9999,-9999,-9999,-9999,-9999,-9999,-9999,-9999,-9999,-9999,-9999,-9999,-9999,-9999,-9999,-9999,-9999,-9999,-9999,-9999,-9999,-9999,-9999,-9999,-9999,-9999,-9999,-9999,-9999,-9999,-9999,-9999,-9999,-9999,-9999,-9999,-9999,-9999,-9999,-9999,-9999,-9999,-9999,-9999,1.44802374535402E-08,0.000772329105529934,45.8890533447266,45.8330116271973,45.885383605957,46.0418548583984,45.4045372009277,44.6353759765625,44.6028671264648,42.7293357849121,41.6634292602539,41.0389938354492,40.8290672302246,39.9242172241211,38.5697174072266,37.4573593139648,37.1318397521973,36.7581253051758,36.5532150268555,36.1143035888672,35.7031631469727,34.8158988952637,33.6723937988281,31.8714752197266,29.6682224273682,26.5509414672852,23.8934459686279,27.4849834442139,31.9205074310303,35.8433113098145,37.6514358520508,37.429126739502,35.2010536193848,29.2772636413574,22.7829666137695,15.9180946350098,13.8767757415771,18.0848197937012,-9999,-9999,-9999,-9999,-9999,-9999,-9999,-9999,-9999,29.9319686889648,30.7786426544189,32.5696182250977,-9999,-9999,-9999,-9999,-9999,-9999,-9999,-9999,-9999,-9999,-9999,-9999,-9999,-9999,-9999,-9999,-9999,-9999,-9999,-9999,-9999,-9999,-9999,-9999,-9999,-9999
-9999,-9999,-9999,-9999,-9999,-9999,-9999,-9999,-9999,-9999,-9999,-9999,-9999,-9999,-9999,-9999,-9999,-9999,-9999,-9999,-9999,-9999,-9999,-9999,-9999,-9999,-9999,-9999,-9999,-9999,-9999,39.2666282653809,-9999,-9999,-9999,40.4070816040039,-9999,-9999,-9999,-9999,-9999,-9999,-9999,-9999,-9999,-9999,-9999,-9999,-9999,-9999,-9999,-9999,-9999,-9999,-9999,-9999,-9999,45.4578971862793,45.6846313476563,45.7855529785156,-9999,46.1799468994141,45.5952529907227,44.6796531677246,43.388126373291,41.9452857971191,41.9045028686523,40.7514610290527,39.9033012390137,37.558708190918,36.6723442077637,37.8114776611328,38.1217842102051,37.6363754272461,37.0174942016602,36.5773582458496,35.8111610412598,34.8675537109375,34.5521278381348,34.6672859191895,32.985481262207,31.4912528991699,34.7457847595215,36.7967071533203,39.5523948669434,40.7935638427734,39.7761726379395,37.3832130432129,32.9418525695801,29.5577182769775,27.2318058013916,22.6338768005371,16.8147449493408,20.1073551177979,-9999,-9999,-9999,-9999,-9999,-9999,-9999,-9999,34.1136932373047,36.242259979248,36.0195655822754,34.5118064880371,33.5032806396484,-9999,-9999,-9999,-9999,-9999,-9999,-9999,-9999,-9999,-9999,-9999,-9999,-9999,-9999,-9999,-9999,-9999,-9999,-9999,-9999,-9999,-9999,-9999,-9999
-9999,-9999,-9999,-9999,-9999,-9999,-9999,-9999,-9999,-9999,-9999,-9999,-9999,-9999,-9999,-9999,-9999,-9999,-9999,-9999,-9999,-9999,-9999,-9999,-9999,-9999,-9999,-9999,-9999,-9999,38.7423515319824,38.5640335083008,-9999,-9999,39.9405364990234,40.1076469421387,-9999,-9999,35.9948310852051,38.4933166503906,-9999,-9999,-9999,-9999,-9999,41.3838386535645,-9999,-9999,-9999,-9999,-9999,-9999,-9999,-9999,-9999,-9999,-9999,-9999,-9999,-9999,-9999,46.0445747375488,46.6071014404297,44.7724494934082,43.3138694763184,42.3512382507324,40.7822380065918,39.9652824401855,38.6561889648438,36.5754547119141,35.4323272705078,38.5245780944824,40.3130378723145,39.5814399719238,38.7011413574219,37.997386932373,37.2295227050781,36.5126609802246,37.5164909362793,39.567699432373,39.7181396484375,38.8408279418945,39.7592239379883,40.7291374206543,41.8750839233398,42.3116226196289,41.4396362304688,39.7051849365234,36.4609336853027,35.3661994934082,36.7916717529297,30.1853332519531,18.194896697998,20.0123558044434,24.3019962310791,-9999,-9999,-9999,-9999,-9999,34.9590110778809,35.3784027099609,35.5561141967773,36.0304222106934,36.7292098999023,37.7492828369141,35.9858322143555,32.9190368652344,-9999,-9999,-9999,-9999,-9999,-9999,-9999,-9999,-9999,-9999,-9999,-9999,-9999,-9999,-9999,-9999,-9999,-9999,-9999,-9999,-9999,-9999,-9999
-9999,-9999,-9999,-9999,-9999,-9999,-9999,-9999,-9999,-9999,-9999,-9999,-9999,-9999,-9999,-9999,-9999,-9999,-9999,-9999,-9999,-9999,-9999,38.7191352844238,39.1296157836914,-9999,-9999,-9999,-9999,38.4688415527344,38.3450622558594,39.0853233337402,38.2407569885254,39.704719543457,40.202018737793,40.1287536621094,37.4212493896484,35.9670372009277,35.8814506530762,-9999,38.5304260253906,40.6022987365723,-9999,-9999,40.9246444702148,41.3772468566895,41.9160194396973,42.8909301757813,-9999,-9999,-9999,-9999,-9999,-9999,-9999,-9999,-9999,41.7428512573242,43.8973426818848,-9999,-9999,-9999,44.9330101013184,44.5192527770996,43.979133605957,42.4893455505371,41.833194732666,40.9429473876953,39.4853897094727,35.7909736633301,34.522159576416,37.8006172180176,39.6332206726074,40.3702049255371,39.8434028625488,39.4560585021973,38.8493003845215,37.7174873352051,37.9428977966309,39.4541397094727,39.9069290161133,39.940357208252,40.9684944152832,41.8308715820313,42.2466201782227,42.3890266418457,42.0309791564941,40.9388618469238,38.3585968017578,36.5493965148926,35.8674240112305,31.0103549957275,23.9794521331787,23.4349498748779,24.1870937347412,21.3170852661133,20.837854385376,22.2807750701904,22.7793445587158,24.8293781280518,29.6861038208008,34.9181747436523,34.9836845397949,35.3479804992676,36.3511390686035,37.8019752502441,38.1681442260742,35.4112930297852,33.7262840270996,34.6214714050293,-9999,-9999,-9999,-9999,-9999,-9999,-9999,-9999,-9999,-9999,-9999,-9999,-9999,-9999,-9999,-9999,-9999,-9999,-9999,-9999,-9999
-9999,-9999,-9999,-9999,-9999,-9999,-9999,-9999,-9999,-9999,-9999,-9999,-9999,-9999,-9999,-9999,-9999,-9999,-9999,-9999,-9999,-9999,38.901741027832,38.6213302612305,38.5856895446777,40.101448059082,40.7278747558594,37.3871650695801,38.0166511535645,38.0096626281738,38.5529670715332,38.3194770812988,37.0493583679199,38.155948638916,39.0556221008301,37.4792289733887,35.7931327819824,35.5469779968262,35.3584365844727,36.3723907470703,37.8048973083496,39.7451400756836,40.8257255554199,40.975715637207,40.8572845458984,41.2037162780762,42.6824836730957,43.255859375,42.8616218566895,-9999,-9999,-9999,-9999,-9999,-9999,-9999,-9999,39.3593978881836,40.6212196350098,42.6079978942871,-9999,-9999,43.9375114440918,44.4342346191406,44.9493103027344,43.8867645263672,42.1749725341797,40.4931564331055,38.1925354003906,34.8842468261719,33.5898475646973,37.5743255615234,39.0438003540039,40.7051696777344,41.070915222168,40.4824180603027,39.8391799926758,39.293327331543,39.3075294494629,38.6680679321289,39.8868942260742,41.0288200378418,42.0050010681152,42.7029037475586,42.5625038146973,42.4688568115234,42.466552734375,41.8398208618164,40.3548431396484,37.9534034729004,34.7697372436523,31.8775215148926,28.6916446685791,25.8397388458252,23.5233612060547,22.2653255462646,21.9474430084229,24.0237083435059,24.1875553131104,23.6050796508789,26.099515914917,32.4164505004883,35.3287925720215,35.8103218078613,36.4236335754395,37.0240821838379,37.7857551574707,38.577995300293,37.1046714782715,35.0243911743164,-9999,-9999,-9999,-9999,-9999,-9999,-9999,-9999,-9999,-9999,-9999,-9999,-9999,-9999,-9999,-9999,-9999,-9999,-9999,-9999,-9999
-9999,-9999,-9999,-9999,-9999,-9999,-9999,-9999,-9999,-9999,-9999,-9999,-9999,-9999,-9999,-9999,-9999,-9999,-9999,-9999,-9999,-9999,39.2868232727051,37.9262924194336,37.400016784668,39.3075256347656,41.76611328125,41.6049308776855,36.9802360534668,37.5213470458984,37.3420639038086,37.792610168457,37.3910522460938,37.6122741699219,37.5766639709473,36.6396636962891,35.4613151550293,34.867244720459,34.8731079101563,35.6645965576172,36.7052955627441,38.6895065307617,40.133487701416,40.7679061889648,40.7421340942383,41.1922645568848,41.3196907043457,42.8534851074219,42.9274063110352,43.1393356323242,43.0091781616211,-9999,-9999,-9999,-9999,-9999,-9999,-9999,39.6571578979492,40.655029296875,42.2043113708496,42.6325569152832,43.3629302978516,44.2612953186035,45.668529510498,43.6491394042969,42.1034393310547,38.3506546020508,35.0589637756348,33.2893257141113,34.4422378540039,38.5515594482422,40.7630958557129,41.8715934753418,42.1650466918945,42.1746406555176,41.8598251342773,41.4586944580078,40.8940315246582,40.072151184082,41.082836151123,42.0404815673828,42.3683395385742,42.6123199462891,42.5819129943848,42.5688285827637,42.5777702331543,42.0165863037109,40.7963714599609,38.1349639892578,33.5596656799316,31.7685203552246,30.8471374511719,25.6059188842773,19.311824798584,20.3942947387695,21.3367385864258,23.1044406890869,24.2830333709717,23.8601703643799,26.3166084289551,33.0612335205078,36.6773147583008,38.5052261352539,37.9944953918457,35.9855461120605,36.5672874450684,38.5004501342773,38.1913528442383,36.0211296081543,38.4887313842773,-9999,-9999,-9999,-9999,-9999,-9999,-9999,-9999,-9999,-9999,-9999,-9999,-9999,-9999,-9999,-9999,-9999,-9999,-9999,-9999
-9999,-9999,-9999,-9999,-9999,-9999,-9999,-9999,-9999,-9999,-9999,-9999,-9999,-9999,-9999,-9999,-9999,-9999,-9999,-9999,-9999,-9999,39.3519248962402,38.9199409484863,36.177001953125,35.877124786377,42.2392883300781,44.1529922485352,40.3615188598633,38.5646629333496,38.5222244262695,38.6618728637695,38.194221496582,37.7470817565918,37.0792503356934,36.7465438842773,36.1337928771973,35.8256340026855,35.6715354919434,36.2838325500488,37.0409317016602,38.2600021362305,39.2902336120605,39.6745948791504,40.0577354431152,40.1604690551758,40.2266044616699,40.2713203430176,41.0495567321777,42.3215637207031,42.622371673584,-9999,-9999,-9999,-9999,40.1741828918457,39.3351593017578,39.0724945068359,39.0173301696777,39.9672012329102,41.1429214477539,42.0808944702148,42.8208923339844,43.9403648376465,44.3301315307617,42.3078460693359,41.1226654052734,36.3736267089844,33.8448333740234,35.3745079040527,36.6549644470215,40.0967864990234,42.1543045043945,43.1535377502441,43.5244140625,43.3380584716797,42.9184036254883,42.4092254638672,41.8301086425781,41.2393417358398,41.9743881225586,42.6488342285156,42.5681648254395,42.5161437988281,42.5664291381836,42.5956039428711,42.5856285095215,42.1431350708008,41.1979179382324,38.7040214538574,34.6667404174805,34.1854820251465,35.3810691833496,29.3688545227051,20.8229217529297,22.0449275970459,23.2192821502686,24.7556266784668,25.8948287963867,25.7371597290039,28.0117931365967,33.8910789489746,37.9292373657227,40.5061569213867,39.4774284362793,36.1111221313477,37.2110633850098,39.4352989196777,40.2168388366699,39.7892227172852,38.9465026855469,40.4695243835449,-9999,-9999,-9999,-9999,-9999,-9999,-9999,-9999,-9999,-9999,-9999,-9999,-9999,-9999,-9999,-9999,-9999,-9999,-9999
-9999,-9999,-9999,-9999,-9999,-9999,-9999,-9999,-9999,-9999,-9999,-9999,-9999,-9999,-9999,-9999,-9999,-9999,-9999,-9999,-9999,37.6625442504883,39.2532119750977,38.3486785888672,35.8951110839844,35.615047454834,41.8878211975098,44.505241394043,43.1304588317871,42.225902557373,41.9656372070313,41.5281600952148,41.2356948852539,41.0568351745605,40.624382019043,40.261547088623,39.7444229125977,39.4479904174805,39.2794342041016,39.4768753051758,39.2248458862305,37.3436393737793,36.8640213012695,38.2760353088379,38.8699836730957,39.2647819519043,39.3876876831055,39.5550842285156,39.7546539306641,39.9826736450195,40.1039123535156,40.0867538452148,40.3464393615723,40.3194694519043,39.8179054260254,39.7689247131348,39.4914512634277,39.0661315917969,38.9733772277832,38.9872245788574,38.2113800048828,38.4665603637695,39.8684425354004,42.7737159729004,44.1264801025391,42.5700950622559,40.0384178161621,35.2600479125977,35.562873840332,39.5727958679199,42.2480850219727,43.2094879150391,43.696834564209,43.7068328857422,43.5710525512695,43.3282012939453,43.0309028625488,42.7083053588867,42.4132347106934,42.1191940307617,42.2377395629883,42.3593673706055,42.3851737976074,42.4123458862305,42.4466590881348,42.4303207397461,42.318775177002,42.0966644287109,41.7504730224609,40.9224281311035,39.7320098876953,39.742919921875,40.131404876709,37.7205963134766,33.8007507324219,31.1623573303223,28.9203033447266,29.7686786651611,30.7826690673828,31.064094543457,32.1973991394043,35.327220916748,38.3905715942383,41.3293342590332,41.0935668945313,39.0398559570313,41.0328636169434,43.6896667480469,42.337474822998,40.3203430175781,40.4467239379883,39.9203758239746,38.6846237182617,37.5727386474609,-9999,-9999,-9999,-9999,-9999,-9999,-9999,-9999,-9999,-9999,-9999,-9999,-9999,-9999,-9999,-9999,-9999
-9999,-9999,-9999,-9999,-9999,-9999,-9999,-9999,-9999,-9999,-9999,-9999,-9999,-9999,-9999,-9999,-9999,-9999,-9999,-9999,-9999,35.9746017456055,35.441104888916,36.6094131469727,36.0538177490234,36.8970146179199,41.4035568237305,43.8248443603516,43.510139465332,43.1866073608398,42.5795288085938,42.2430648803711,42.1273422241211,41.9459838867188,41.5874252319336,41.2296295166016,40.7635917663574,40.5293312072754,40.2973937988281,40.3029098510742,39.8466567993164,38.0217781066895,37.1546974182129,37.6194076538086,38.1318855285645,38.6898765563965,39.2089309692383,39.7578239440918,39.4729080200195,39.0632705688477,39.2842063903809,39.6589241027832,39.5437469482422,39.5807456970215,39.5815124511719,39.0023612976074,38.4445877075195,37.9458770751953,37.6157112121582,36.7517852783203,36.7753219604492,37.9952964782715,38.7677230834961,39.4933547973633,42.783576965332,42.088623046875,41.2165679931641,36.1450233459473,38.000316619873,42.1953811645508,44.5825119018555,44.383228302002,44.110668182373,43.7422523498535,-9999,-9999,-9999,-9999,-9999,-9999,-9999,42.0736465454102,42.1320495605469,42.1885414123535,42.2371559143066,42.2112464904785,42.0450134277344,41.9260482788086,41.8583526611328,41.8305358886719,41.829475402832,41.7972106933594,41.7599563598633,41.1920166015625,39.7279815673828,35.6750907897949,32.1582832336426,33.279655456543,33.603702545166,32.4265670776367,32.1089172363281,34.1443557739258,36.7199592590332,39.9340591430664,40.7916946411133,40.4813842773438,42.4762954711914,44.782585144043,42.2838325500488,39.2555923461914,40.1543006896973,39.3272247314453,38.6826400756836,36.1190910339355,36.8071746826172,-9999,-9999,-9999,-9999,-9999,-9999,-9999,-9999,-9999,-9999,-9999,-9999,-9999,-9999,-9999,-9999
-9999,-9999,-9999,-9999,-9999,-9999,-9999,-9999,-9999,-9999,-9999,-9999,-9999,-9999,-9999,-9999,-9999,-9999,-9999,33.8252792358398,34.6182975769043,33.9676055908203,33.461597442627,33.3123435974121,37.0946884155273,39.8715705871582,40.7656173706055,41.1138381958008,40.6722030639648,40.3359870910645,39.9903984069824,39.8802375793457,39.8441276550293,39.5185241699219,39.2364120483398,38.9301528930664,38.553524017334,38.2567596435547,38.1653747558594,38.1143379211426,38.8020057678223,41.0458869934082,41.5019798278809,39.2334785461426,38.5356941223145,39.1941413879395,39.9926948547363,40.9637222290039,39.755615234375,37.8499526977539,38.1724243164063,38.3529052734375,38.2074737548828,38.0131340026855,37.8014259338379,37.2412796020508,35.9137077331543,34.8825874328613,34.3933143615723,35.5166664123535,37.4338073730469,40.1228179931641,42.0604133605957,41.7838668823242,40.9794654846191,39.7581977844238,41.0723533630371,42.0348358154297,42.1741943359375,43.3445854187012,44.0278739929199,-9999,-9999,-9999,-9999,-9999,-9999,-9999,-9999,-9999,-9999,-9999,-9999,41.7894821166992,41.8968048095703,41.9144134521484,41.7629699707031,41.5767021179199,41.3516960144043,41.0890197753906,40.7997207641602,40.711784362793,40.6930999755859,40.7698440551758,40.8405647277832,37.3450202941895,33.8687286376953,34.5024452209473,34.0937728881836,29.0858306884766,26.1277656555176,28.0061855316162,30.2258720397949,33.91748046875,37.1631774902344,40.2808723449707,41.5017166137695,42.3205642700195,39.854305267334,36.481388092041,38.6939468383789,40.3176803588867,40.3812370300293,34.5299301147461,36.0262298583984,-9999,-9999,-9999,-9999,-9999,-9999,-9999,-9999,-9999,-9999,-9999,-9999,-9999,-9999,-9999,-9999
-9999,-9999,-9999,-9999,-9999,-9999,-9999,-9999,-9999,-9999,-9999,-9999,-9999,-9999,-9999,-9999,-9999,-9999,31.7925872802734,32.9584007263184,33.0721626281738,35.0070991516113,33.6657562255859,32.8075218200684,36.7794227600098,39.6095504760742,40.4384994506836,40.8045768737793,40.2508888244629,39.8827438354492,39.651294708252,39.5966377258301,39.5982437133789,39.3326263427734,38.9608497619629,38.8795776367188,38.6372451782227,38.4792137145996,38.1829948425293,38.3478851318359,39.320972442627,42.3351821899414,42.9145812988281,40.2516250610352,39.4115104675293,39.8965606689453,40.5054550170898,41.5039138793945,39.7910385131836,37.156120300293,36.4072418212891,36.0623016357422,35.8236618041992,35.7392387390137,36.725715637207,36.9802627563477,35.4952850341797,34.4010238647461,34.2267532348633,36.3215866088867,39.2696342468262,41.5378074645996,42.9992942810059,43.2369689941406,43.1308746337891,42.884708404541,42.4995307922363,43.1314239501953,-9999,-9999,-9999,-9999,-9999,-9999,-9999,-9999,-9999,-9999,-9999,-9999,-9999,-9999,-9999,-9999,-9999,41.5896148681641,41.4704513549805,41.2743072509766,40.9931526184082,40.6239967346191,40.1918678283691,40.0318603515625,39.9723701477051,40.2715530395508,40.6379127502441,38.2615432739258,35.871467590332,35.0711059570313,33.4141883850098,28.5839443206787,24.8966827392578,24.0647964477539,25.0137557983398,27.8302726745605,33.0422325134277,37.6341209411621,38.7149276733398,38.920295715332,38.3861236572266,37.618522644043,38.5180702209473,39.3407554626465,38.7347755432129,35.7127685546875,34.6481895446777,-9999,-9999,-9999,-9999,-9999,-9999,-9999,-9999,-9999,-9999,-9999,-9999,-9999,-9999,-9999,-9999
-9999,-9999,-9999,-9999,-9999,-9999,-9999,-9999,-9999,-9999,-9999,-9999,33.3120765686035,31.9475173950195,-9999,31.5766677856445,33.0874710083008,34.5628509521484,33.969295501709,31.3746109008789,34.1504745483398,36.9534759521484,36.0899848937988,35.069278717041,35.6617050170898,37.1200790405273,40.715389251709,42.3930397033691,42.1630592346191,41.853328704834,41.6657524108887,41.6867599487305,41.7449264526367,41.4694519042969,41.1948890686035,41.1610145568848,40.9029426574707,40.9444694519043,40.4088897705078,40.470890045166,40.3737831115723,40.7954406738281,41.1690101623535,40.7366714477539,40.4164123535156,40.7010688781738,41.1283302307129,41.5570678710938,39.7484016418457,37.1795539855957,34.7572937011719,32.3211898803711,32.105655670166,32.4259071350098,35.6798515319824,37.470703125,36.4050064086914,35.7838096618652,36.3118629455566,38.7307662963867,41.4206657409668,42.6455459594727,43.2644653320313,43.3715896606445,43.3628807067871,43.1789321899414,43.0122337341309,-9999,-9999,-9999,-9999,-9999,-9999,-9999,-9999,-9999,-9999,-9999,-9999,-9999,-9999,-9999,-9999,-9999,-9999,-9999,41.1675987243652,41.012149810791,40.7640914916992,40.4040985107422,39.9658470153809,39.7210731506348,39.5477752685547,39.7188339233398,39.9463233947754,39.0640029907227,37.9842758178711,35.3150291442871,32.424259185791,30.7906150817871,27.8726654052734,22.6241054534912,21.0964622497559,22.8306312561035,27.2980422973633,31.928674697876,33.5844650268555,34.560432434082,38.215877532959,41.3027267456055,39.632625579834,38.2233085632324,39.121467590332,36.0970878601074,33.9632682800293,-9999,-9999,-9999,-9999,-9999,-9999,-9999,-9999,-9999,-9999,-9999,-9999,-9999,-9999,-9999,-9999
-9999,-9999,-9999,-9999,-9999,-9999,-9999,-9999,-9999,-9999,30.9292068481445,32.7813339233398,34.3220977783203,31.975284576416,31.672082901001,29.585412979126,31.7297420501709,36.0886459350586,35.4425239562988,33.0950622558594,35.717414855957,38.7426414489746,38.1794471740723,37.6938934326172,37.5331611633301,37.6855087280273,40.573543548584,41.9464683532715,41.5434112548828,41.9171943664551,43.0423545837402,43.317684173584,43.2327041625977,43.2583351135254,42.8745994567871,42.7893486022949,42.8369178771973,42.2563514709473,42.0232620239258,41.9061050415039,41.5978088378906,41.3586502075195,41.3365478515625,41.3651657104492,41.4365768432617,41.7277526855469,42.118408203125,42.4032402038574,41.1192092895508,39.5009536743164,36.5197715759277,33.6638565063477,33.3634185791016,33.7828254699707,36.4908561706543,37.9202499389648,37.6530647277832,38.0463066101074,38.2146110534668,39.847541809082,41.821891784668,42.5939292907715,42.9095306396484,42.954418182373,42.934928894043,42.8461532592773,-9999,-9999,-9999,-9999,-9999,-9999,-9999,-9999,-9999,-9999,-9999,-9999,-9999,-9999,-9999,-9999,-9999,-9999,-9999,-9999,-9999,40.7077255249023,40.4577140808105,40.118579864502,39.7173690795898,39.471118927002,39.2798805236816,39.3477249145508,39.4559440612793,39.3074417114258,38.8937683105469,36.4104385375977,33.5783576965332,31.9341106414795,29.4189395904541,24.9697494506836,22.0717716217041,20.7284851074219,23.1311721801758,27.2014083862305,30.3590278625488,33.2416305541992,37.0155296325684,40.2602233886719,38.1747398376465,36.5237655639648,38.0265159606934,35.476734161377,32.8894348144531,-9999,-9999,-9999,-9999,-9999,-9999,-9999,-9999,-9999,-9999,-9999,-9999,-9999,-9999,-9999,-9999
-9999,-9999,-9999,-9999,-9999,-9999,-9999,-9999,27.732084274292,28.7420310974121,29.083158493042,29.0361919403076,30.0939025878906,32.1913948059082,31.4724826812744,29.6333045959473,31.8064117431641,36.299633026123,36.3072891235352,34.7790489196777,37.7121849060059,40.6471748352051,40.0843734741211,39.5621109008789,39.7901763916016,38.948055267334,39.2154159545898,39.3047065734863,39.050163269043,40.3433113098145,43.1584014892578,44.2094383239746,44.1984214782715,44.1535835266113,44.091480255127,43.9082107543945,43.6901741027832,43.3893547058105,43.2689437866211,43.10302734375,42.8527221679688,42.6637878417969,42.4956665039063,42.4307479858398,42.3864822387695,42.3707618713379,42.4120101928711,42.4535827636719,42.5085945129395,42.4950408935547,40.5138130187988,38.0324821472168,37.8649444580078,38.3131942749023,38.3793830871582,38.6362953186035,38.2455368041992,38.6767654418945,40.2133636474609,41.3790702819824,41.9269638061523,42.1884231567383,-9999,-9999,-9999,-9999,-9999,-9999,-9999,-9999,-9999,-9999,-9999,-9999,-9999,-9999,-9999,-9999,-9999,-9999,-9999,-9999,-9999,-9999,-9999,-9999,-9999,-9999,40.1093482971191,39.7975273132324,39.4581336975098,39.2512702941895,39.092212677002,39.0654106140137,39.0601425170898,39.2824859619141,39.3046226501465,37.835765838623,35.8228759765625,32.6015014648438,30.1357612609863,29.0488185882568,26.0411777496338,20.1249160766602,20.1614799499512,22.3983421325684,28.1830062866211,33.5338821411133,35.2387771606445,36.5787467956543,35.1703109741211,34.1858367919922,36.1723594665527,34.5965232849121,33.6403427124023,-9999,-9999,-9999,-9999,-9999,-9999,-9999,-9999,-9999,-9999,-9999,-9999,-9999,-9999,-9999,-9999
-9999,-9999,-9999,-9999,-9999,-9999,-9999,-9999,26.1922245025635,27.6793632507324,28.8518333435059,28.3324890136719,28.4993934631348,29.005220413208,29.6418800354004,30.4238319396973,33.3940048217773,37.520206451416,37.7534370422363,36.7791976928711,37.8090667724609,39.3269386291504,40.3413581848145,40.967700958252,40.8930816650391,40.509578704834,40.2823257446289,39.7932205200195,39.5900421142578,40.3040390014648,42.1228103637695,42.660285949707,42.5046424865723,42.385856628418,42.1897277832031,41.992015838623,41.8962173461914,41.6945419311523,41.5145645141602,41.2966651916504,41.188591003418,41.0121383666992,41.2345428466797,41.9836807250977,42.2603912353516,42.2025756835938,42.1175193786621,41.9813079833984,42.1088447570801,42.2465782165527,41.1870727539063,40.0062637329102,40.246166229248,40.3846206665039,40.2474174499512,40.055835723877,39.7615051269531,40.1043586730957,40.9815559387207,41.534366607666,41.8383712768555,41.9582214355469,-9999,-9999,-9999,-9999,-9999,-9999,-9999,-9999,-9999,-9999,-9999,-9999,-9999,-9999,-9999,-9999,-9999,-9999,-9999,-9999,-9999,-9999,-9999,-9999,-9999,-9999,-9999,-9999,39.0644493103027,38.8987083435059,38.7759590148926,38.7231178283691,38.679271697998,38.8942642211914,38.9712371826172,38.028694152832,36.790470123291,34.4551048278809,32.3809356689453,30.4807071685791,27.7901153564453,23.787109375,21.4750957489014,20.4039325714111,24.9318199157715,29.9286575317383,31.1763191223145,32.2773704528809,31.6181640625,31.5182285308838,34.5148048400879,31.2595272064209,30.2386150360107,-9999,-9999,-9999,-9999,-9999,-9999,-9999,-9999,-9999,-9999,-9999,-9999,-9999,-9999,-9999,-9999
-9999,-9999,-9999,-9999,-9999,-9999,20.4877128601074,26.3272438049316,26.3077087402344,26.1711006164551,27.5216579437256,28.4747142791748,28.1426582336426,25.9861526489258,27.282844543457,32.3067283630371,35.8942413330078,39.2181587219238,39.2794227600098,38.4371147155762,37.7642974853516,37.2640380859375,39.9480857849121,42.0353393554688,42.0443153381348,41.9673690795898,41.6454772949219,41.2714691162109,40.8816757202148,40.661808013916,40.3654937744141,40.0832176208496,39.7594795227051,39.4975204467773,39.3194160461426,39.131031036377,38.9407806396484,38.8994102478027,38.8588027954102,38.7464752197266,38.6420097351074,38.5055694580078,39.2273559570313,41.1510429382324,41.955638885498,41.8524169921875,41.5887184143066,41.2385559082031,41.0173568725586,40.8137321472168,40.9204750061035,41.0696105957031,41.2719650268555,41.4732704162598,41.4720993041992,41.3920860290527,41.1266136169434,40.9735336303711,40.9933433532715,41.2518920898438,41.7001152038574,-9999,-9999,-9999,-9999,-9999,-9999,-9999,-9999,-9999,-9999,-9999,-9999,-9999,-9999,-9999,-9999,-9999,-9999,-9999,-9999,-9999,-9999,-9999,-9999,-9999,-9999,-9999,-9999,-9999,-9999,-9999,-9999,38.3597717285156,38.2988700866699,38.4085998535156,38.4421882629395,37.9293479919434,37.3727149963379,36.5625648498535,34.815746307373,31.2631740570068,28.9603652954102,28.2683887481689,24.464750289917,18.5291347503662,20.3568019866943,24.227258682251,25.8622760772705,26.9193992614746,27.3501205444336,28.4091949462891,32.2304000854492,29.8887729644775,-9999,-9999,-9999,-9999,-9999,-9999,-9999,-9999,-9999,-9999,-9999,-9999,-9999,-9999,-9999,-9999,-9999
-9999,-9999,-9999,-9999,-9999,-9999,26.1015281677246,26.1973438262939,25.8705024719238,26.0687828063965,26.017391204834,28.8969783782959,31.2081146240234,32.0842170715332,33.1263580322266,34.8317184448242,37.2301559448242,40.0886383056641,40.1758766174316,39.3203620910645,38.8514862060547,38.3128700256348,40.397159576416,42.0846328735352,42.0605239868164,41.9152679443359,41.718635559082,41.513111114502,41.1746368408203,40.8013229370117,40.3641891479492,40.1016159057617,39.8409233093262,39.5484924316406,39.2738456726074,39.4584732055664,39.7015113830566,39.6497917175293,39.5860061645508,39.4242324829102,39.2912368774414,39.2131538391113,39.6044616699219,40.6621131896973,41.1260299682617,41.0703125,40.8574371337891,40.5455474853516,40.4314498901367,40.3747787475586,40.4973297119141,40.6419677734375,40.7380218505859,40.8232383728027,40.871280670166,40.8558731079102,40.6729316711426,40.5496025085449,40.5102920532227,-9999,-9999,-9999,-9999,-9999,-9999,-9999,-9999,-9999,-9999,-9999,-9999,-9999,-9999,-9999,-9999,-9999,-9999,-9999,-9999,-9999,-9999,-9999,-9999,-9999,-9999,-9999,-9999,-9999,-9999,-9999,-9999,-9999,-9999,-9999,37.8938407897949,37.9539451599121,37.9838104248047,37.805736541748,37.5309982299805,36.9765472412109,35.9411277770996,34.1000099182129,31.8093605041504,29.2035388946533,26.3281364440918,22.6065998077393,21.6952934265137,20.8973827362061,24.7033958435059,27.3448810577393,28.6401233673096,29.8549365997314,31.5184001922607,29.405122756958,29.8796997070313,27.9908542633057,-9999,-9999,-9999,-9999,-9999,-9999,-9999,-9999,-9999,-9999,-9999,-9999,-9999,-9999,-9999
-9999,-9999,-9999,-9999,25.011417388916,26.7079753875732,26.2166423797607,25.9405746459961,25.9316234588623,25.8988037109375,26.8821487426758,30.965202331543,34.6154518127441,37.4360389709473,38.3117408752441,37.3325881958008,38.3151588439941,40.5057106018066,40.7144241333008,40.1880493164063,39.7077331542969,39.218578338623,40.3414688110352,41.3349418640137,41.4214553833008,41.472053527832,41.3549385070801,41.2096481323242,41.0233497619629,40.7789649963379,40.4961853027344,40.2122001647949,39.9228363037109,39.6058616638184,39.3072509765625,39.8916015625,40.5797805786133,40.4911422729492,40.3959045410156,40.1894760131836,40.021728515625,39.9921722412109,40.0039176940918,40.0900726318359,40.1308746337891,40.1330947875977,40.0053100585938,39.8037376403809,39.8667259216309,40.0016479492188,40.0452499389648,40.0750961303711,40.0570373535156,40.0547866821289,-9999,-9999,-9999,-9999,-9999,-9999,-9999,-9999,-9999,-9999,-9999,-9999,-9999,-9999,-9999,-9999,-9999,-9999,-9999,-9999,-9999,-9999,-9999,-9999,-9999,-9999,-9999,-9999,-9999,-9999,-9999,-9999,-9999,-9999,-9999,-9999,-9999,-9999,-9999,-9999,-9999,37.4946327209473,37.5254516601563,37.6648635864258,37.6473274230957,37.159782409668,36.8176307678223,36.6123275756836,34.3800010681152,30.0263748168945,27.7992477416992,26.8466148376465,22.9445209503174,17.5527801513672,23.1030292510986,28.2084045410156,29.8920440673828,31.2659797668457,30.9189186096191,22.3479671478271,22.8863773345947,28.1790885925293,28.9695014953613,-9999,-9999,-9999,-9999,-9999,-9999,-9999,-9999,-9999,-9999,-9999,-9999,-9999,-9999
-9999,-9999,-9999,-9999,30.6422386169434,28.2562351226807,27.3903656005859,25.7635383605957,26.1974601745605,28.1327667236328,30.3614311218262,33.5596618652344,36.1429328918457,38.1260414123535,39.1518745422363,39.2237205505371,39.665210723877,40.3633460998535,40.188404083252,39.6972007751465,39.957576751709,40.3482666015625,40.743766784668,41.094596862793,41.1085739135742,41.1048965454102,41.0644073486328,40.985954284668,40.8409957885742,40.6690368652344,40.4558258056641,40.2634201049805,40.0838928222656,39.9290962219238,39.7766571044922,39.9818458557129,40.2298736572266,40.0289764404297,39.8163146972656,39.5293159484863,39.2840766906738,39.1728935241699,39.107837677002,39.1147117614746,39.1146202087402,39.108642578125,39.029369354248,-9999,-9999,-9999,-9999,-9999,-9999,-9999,-9999,-9999,-9999,-9999,-9999,-9999,-9999,-9999,-9999,-9999,-9999,-9999,-9999,-9999,-9999,-9999,-9999,-9999,-9999,-9999,-9999,-9999,-9999,-9999,-9999,-9999,-9999,-9999,-9999,-9999,-9999,-9999,-9999,-9999,-9999,-9999,-9999,-9999,-9999,-9999,-9999,-9999,37.1302757263184,37.245246887207,37.2871551513672,37.1181373596191,36.6608428955078,35.6681900024414,33.406379699707,29.7961044311523,27.8513259887695,26.7754344940186,22.229154586792,16.3210964202881,19.7745170593262,23.6307735443115,25.0886459350586,26.4691123962402,27.1616897583008,28.0499877929688,21.9837684631348,26.7606353759766,24.7213535308838,-9999,-9999,-9999,-9999,-9999,-9999,-9999,-9999,-9999,-9999,-9999,-9999,-9999,-9999
-9999,-9999,-9999,-9999,-9999,30.6467819213867,28.6280765533447,28.7966384887695,27.6727867126465,31.0427665710449,34.1033554077148,35.954158782959,37.5301475524902,38.7534561157227,39.6939392089844,40.388744354248,40.3685302734375,39.8359680175781,39.5048942565918,39.2504234313965,-9999,-9999,-9999,-9999,-9999,-9999,-9999,-9999,-9999,-9999,-9999,-9999,-9999,40.0072555541992,39.962329864502,39.8515319824219,39.7314949035645,39.4368133544922,-9999,-9999,-9999,-9999,-9999,-9999,-9999,-9999,-9999,-9999,-9999,-9999,-9999,-9999,-9999,-9999,-9999,-9999,-9999,-9999,-9999,-9999,-9999,-9999,-9999,-9999,-9999,-9999,-9999,-9999,-9999,-9999,-9999,-9999,-9999,-9999,-9999,-9999,-9999,-9999,-9999,-9999,-9999,-9999,-9999,-9999,-9999,-9999,-9999,-9999,-9999,-9999,-9999,-9999,-9999,-9999,-9999,-9999,36.7422828674316,36.8535575866699,36.9585418701172,37.0558090209961,36.5785903930664,35.09130859375,33.033016204834,30.3095016479492,28.380558013916,26.8463668823242,22.1892623901367,15.8681735992432,16.9774112701416,18.8420372009277,20.5901126861572,22.1352043151855,23.4608955383301,24.6453495025635,25.2254638671875,22.3021144866943,-9999,-9999,-9999,-9999,-9999,-9999,-9999,-9999,-9999,-9999,-9999,-9999,-9999,-9999,-9999
-9999,-9999,-9999,-9999,-9999,30.4009418487549,30.367748260498,31.0021438598633,32.5283889770508,36.2415771484375,38.989315032959,39.4223213195801,39.8160057067871,40.4171562194824,40.6758575439453,40.5626487731934,40.1845283508301,39.6062088012695,-9999,-9999,-9999,-9999,-9999,-9999,-9999,-9999,-9999,-9999,-9999,-9999,-9999,-9999,-9999,-9999,-9999,-9999,-9999,-9999,-9999,-9999,-9999,-9999,-9999,-9999,-9999,-9999,-9999,-9999,-9999,-9999,-9999,-9999,-9999,-9999,-9999,-9999,-9999,-9999,-9999,-9999,-9999,-9999,-9999,-9999,-9999,-9999,-9999,-9999,-9999,-9999,-9999,-9999,-9999,-9999,-9999,-9999,-9999,-9999,-9999,-9999,-9999,-9999,-9999,-9999,-9999,-9999,-9999,-9999,-9999,-9999,-9999,-9999,-9999,-9999,-9999,-9999,-9999,36.6130218505859,36.7861175537109,36.8907089233398,36.7965888977051,36.363109588623,35.4369773864746,33.9427719116211,31.2451076507568,27.638219833374,24.4770259857178,21.3106155395508,18.6493015289307,16.1026992797852,19.48850440979,22.1530494689941,20.6439933776855,20.364933013916,21.5571193695068,18.943078994751,-9999,-9999,-9999,-9999,-9999,-9999,-9999,-9999,-9999,-9999,-9999,-9999,-9999,-9999,-9999
-9999,-9999,30.5453777313232,30.5021419525146,30.6162014007568,30.0281600952148,30.5760231018066,33.4847602844238,36.4316253662109,39.4615173339844,41.6269836425781,41.2738418579102,41.0532264709473,41.2865600585938,41.0975189208984,40.4021148681641,39.760612487793,-9999,-9999,-9999,-9999,-9999,-9999,-9999,-9999,-9999,-9999,-9999,-9999,-9999,-9999,-9999,-9999,-9999,-9999,-9999,-9999,-9999,-9999,-9999,-9999,-9999,-9999,-9999,-9999,-9999,-9999,-9999,-9999,-9999,-9999,-9999,-9999,-9999,-9999,-9999,-9999,-9999,-9999,-9999,-9999,-9999,-9999,-9999,-9999,-9999,-9999,-9999,-9999,-9999,-9999,-9999,-9999,-9999,-9999,-9999,-9999,-9999,-9999,-9999,-9999,-9999,-9999,-9999,-9999,-9999,-9999,-9999,-9999,-9999,-9999,-9999,-9999,-9999,-9999,-9999,-9999,36.3517951965332,36.5717277526855,36.6728363037109,36.8366813659668,37.0957221984863,36.971118927002,36.3933563232422,33.8430862426758,29.7611885070801,27.0511054992676,25.0256214141846,20.5640926361084,15.7135753631592,19.1501579284668,20.8430767059326,17.929666519165,16.8815269470215,21.1504211425781,17.739200592041,-9999,-9999,-9999,-9999,-9999,-9999,-9999,-9999,-9999,-9999,-9999,-9999,-9999,-9999,-9999
-9999,-9999,-9999,-9999,30.676212310791,30.1031455993652,31.0135498046875,35.361442565918,39.0118827819824,40.1579742431641,40.798900604248,40.649040222168,40.5369262695313,40.6405563354492,40.3178482055664,39.4827194213867,-9999,-9999,-9999,-9999,-9999,-9999,-9999,-9999,-9999,-9999,-9999,-9999,-9999,-9999,-9999,-9999,-9999,-9999,-9999,-9999,-9999,-9999,-9999,-9999,-9999,-9999,-9999,-9999,-9999,-9999,-9999,-9999,-9999,-9999,-9999,-9999,-9999,-9999,-9999,-9999,-9999,-9999,-9999,-9999,-9999,-9999,-9999,-9999,-9999,-9999,-9999,-9999,-9999,-9999,-9999,-9999,-9999,-9999,-9999,-9999,-9999,-9999,-9999,-9999,-9999,-9999,-9999,-9999,-9999,-9999,-9999,-9999,-9999,-9999,-9999,-9999,-9999,-9999,-9999,-9999,-9999,36.0484924316406,36.2682914733887,36.3369445800781,36.4891471862793,36.769947052002,36.9464569091797,36.9698829650879,36.0254440307617,34.3623199462891,30.454402923584,25.5539684295654,23.0074596405029,20.713005065918,18.8285942077637,17.30588722229,16.3670215606689,15.9838581085205,17.5126152038574,18.9511394500732,-9999,-9999,-9999,-9999,-9999,-9999,-9999,-9999,-9999,-9999,-9999,-9999,-9999,-9999,-9999
-9999,-9999,-9999,-9999,30.8245372772217,30.9064846038818,31.347728729248,36.4301872253418,40.4141960144043,40.4805641174316,40.2703628540039,40.3597755432129,40.3455047607422,40.1468353271484,39.6116333007813,-9999,-9999,-9999,-9999,-9999,-9999,-9999,-9999,-9999,-9999,-9999,-9999,-9999,-9999,-9999,-9999,-9999,-9999,-9999,-9999,-9999,-9999,-9999,-9999,-9999,-9999,-9999,-9999,-9999,-9999,-9999,-9999,-9999,-9999,-9999,-9999,-9999,-9999,-9999,-9999,-9999,-9999,-9999,-9999,-9999,-9999,-9999,-9999,-9999,-9999,-9999,-9999,-9999,-9999,-9999,-9999,-9999,-9999,-9999,-9999,-9999,-9999,-9999,-9999,-9999,-9999,-9999,-9999,-9999,-9999,-9999,-9999,-9999,-9999,-9999,-9999,-9999,-9999,-9999,-9999,-9999,-9999,35.7036170959473,35.931812286377,35.9746780395508,36.0860214233398,36.2979164123535,36.5526428222656,36.8424911499023,36.7475395202637,36.3733520507813,32.113353729248,25.9542903900146,24.2792415618896,23.1427536010742,18.531078338623,14.4115324020386,15.2641277313232,15.743335723877,15.9306869506836,16.6485004425049,13.5962772369385,-9999,-9999,-9999,-9999,-9999,-9999,-9999,-9999,-9999,-9999,-9999,-9999,-9999,-9999
-9999,-9999,-9999,-9999,31.1678619384766,31.0521831512451,32.1092910766602,36.5024681091309,40.3996353149414,40.4261283874512,40.2333602905273,40.5651779174805,40.5680923461914,39.864559173584,39.0186462402344,-9999,-9999,-9999,-9999,-9999,-9999,-9999,-9999,-9999,-9999,-9999,-9999,-9999,-9999,-9999,-9999,-9999,-9999,-9999,-9999,-9999,-9999,-9999,-9999,-9999,-9999,-9999,-9999,-9999,-9999,-9999,-9999,-9999,-9999,-9999,-9999,-9999,-9999,-9999,-9999,-9999,-9999,-9999,-9999,-9999,-9999,-9999,-9999,-9999,-9999,-9999,-9999,-9999,-9999,-9999,-9999,-9999,-9999,-9999,-9999,-9999,-9999,-9999,-9999,-9999,-9999,-9999,-9999,-9999,-9999,-9999,-9999,-9999,-9999,-9999,-9999,-9999,-9999,-9999,-9999,-9999,-9999,35.3056335449219,35.5539131164551,35.580192565918,35.6076431274414,35.6273498535156,35.6723403930664,35.7389030456543,35.7047729492188,35.5769309997559,31.7207851409912,26.1548957824707,24.323335647583,22.9147434234619,17.4117469787598,12.7668085098267,15.1311635971069,16.7669639587402,17.2638683319092,17.8502216339111,18.7168788909912,14.0906496047974,-9999,-9999,-9999,-9999,-9999,-9999,-9999,-9999,-9999,-9999,-9999,-9999,-9999
-9999,-9999,-9999,-9999,26.690845489502,31.199821472168,32.168586730957,36.0634384155273,38.9166488647461,39.1203880310059,39.1945152282715,40.0742111206055,40.3736457824707,39.5390281677246,-9999,-9999,-9999,-9999,-9999,-9999,-9999,-9999,-9999,-9999,-9999,-9999,-9999,-9999,-9999,-9999,-9999,-9999,-9999,-9999,-9999,-9999,-9999,-9999,-9999,-9999,-9999,-9999,-9999,-9999,-9999,-9999,-9999,-9999,-9999,-9999,-9999,-9999,-9999,-9999,-9999,-9999,-9999,-9999,-9999,-9999,-9999,-9999,-9999,-9999,-9999,-9999,-9999,-9999,-9999,-9999,-9999,-9999,-9999,-9999,-9999,-9999,-9999,-9999,-9999,-9999,-9999,-9999,-9999,-9999,-9999,-9999,-9999,-9999,-9999,-9999,-9999,-9999,-9999,-9999,-9999,-9999,-9999,34.87109375,35.137565612793,35.1786918640137,35.1759071350098,35.0913238525391,35.0876922607422,35.1632347106934,34.993106842041,34.666934967041,32.4636688232422,29.5041522979736,26.3615970611572,22.9787464141846,18.4976406097412,14.6170787811279,15.4017877578735,15.7591180801392,16.6185302734375,17.3342628479004,18.4057159423828,18.9786891937256,16.888370513916,16.4737606048584,-9999,-9999,-9999,-9999,-9999,-9999,-9999,-9999,-9999,-9999,-9999
-9999,-9999,-9999,-9999,29.2321186065674,31.3432674407959,32.7120361328125,34.1322784423828,36.1447868347168,36.6521148681641,37.3188400268555,39.0311279296875,39.8626403808594,39.1811904907227,-9999,-9999,-9999,-9999,-9999,-9999,-9999,-9999,-9999,-9999,-9999,-9999,-9999,-9999,-9999,-9999,-9999,-9999,-9999,-9999,-9999,-9999,-9999,-9999,-9999,-9999,-9999,-9999,-9999,-9999,-9999,-9999,-9999,-9999,-9999,-9999,-9999,-9999,-9999,-9999,-9999,-9999,-9999,-9999,-9999,-9999,-9999,-9999,-9999,-9999,-9999,-9999,-9999,-9999,-9999,-9999,-9999,-9999,-9999,-9999,-9999,-9999,-9999,-9999,-9999,-9999,-9999,-9999,-9999,-9999,-9999,-9999,-9999,-9999,-9999,-9999,-9999,-9999,-9999,-9999,-9999,-9999,-9999,-9999,34.689395904541,34.7700881958008,34.7784194946289,34.661808013916,34.7396545410156,35.0071334838867,34.5549240112305,33.6343002319336,33.9419136047363,34.5336608886719,29.6078929901123,23.0838871002197,21.1314506530762,19.178243637085,15.683445930481,13.8915529251099,14.2455568313599,15.5407314300537,17.7252197265625,18.907470703125,18.8203735351563,-9999,-9999,-9999,-9999,-9999,-9999,-9999,-9999,-9999,-9999,-9999,-9999
-9999,-9999,-9999,-9999,28.6284484863281,30.6810665130615,30.4985198974609,31.3159217834473,32.5825042724609,34.676097869873,36.893611907959,38.2759552001953,38.9592475891113,38.7328605651855,-9999,-9999,-9999,-9999,-9999,-9999,-9999,-9999,-9999,-9999,-9999,-9999,-9999,-9999,-9999,-9999,-9999,-9999,-9999,-9999,-9999,-9999,-9999,-9999,-9999,-9999,-9999,-9999,-9999,-9999,-9999,-9999,-9999,-9999,-9999,-9999,-9999,-9999,-9999,-9999,-9999,-9999,-9999,-9999,-9999,-9999,-9999,-9999,-9999,-9999,-9999,-9999,-9999,-9999,-9999,-9999,-9999,-9999,-9999,-9999,-9999,-9999,-9999,-9999,-9999,-9999,-9999,-9999,-9999,-9999,-9999,-9999,-9999,-9999,-9999,-9999,-9999,-9999,-9999,-9999,-9999,-9999,-9999,-9999,34.2810440063477,34.3772430419922,34.3988151550293,34.2928276062012,34.4206352233887,34.7698554992676,34.5300559997559,33.9214210510254,34.784351348877,35.9634437561035,30.6234302520752,23.4112434387207,22.0423603057861,20.0913753509521,15.4513177871704,12.1816244125366,12.3984670639038,13.8110198974609,16.8488655090332,23.3875961303711,32.0289573669434,29.7249488830566,34.4884185791016,-9999,-9999,-9999,-9999,-9999,-9999,-9999,-9999,-9999,-9999
-9999,-9999,-9999,-9999,-9999,22.0770301818848,28.0440540313721,29.1532897949219,28.49267578125,33.3894996643066,36.8258399963379,37.485466003418,37.8507308959961,38.2355041503906,-9999,-9999,-9999,-9999,-9999,-9999,-9999,-9999,-9999,-9999,-9999,-9999,-9999,-9999,-9999,-9999,-9999,-9999,-9999,-9999,-9999,-9999,-9999,-9999,-9999,-9999,-9999,-9999,-9999,-9999,-9999,-9999,-9999,-9999,-9999,-9999,-9999,-9999,-9999,-9999,-9999,-9999,-9999,-9999,-9999,-9999,-9999,-9999,-9999,-9999,-9999,-9999,-9999,-9999,-9999,-9999,-9999,-9999,-9999,-9999,-9999,-9999,-9999,-9999,-9999,-9999,-9999,-9999,-9999,-9999,-9999,-9999,-9999,-9999,-9999,-9999,-9999,-9999,-9999,-9999,-9999,-9999,-9999,-9999,33.8866271972656,33.9881820678711,34.0243263244629,33.9517097473145,34.1138916015625,34.4947090148926,34.6888618469238,34.7623825073242,35.4269485473633,36.1100730895996,30.7660617828369,23.7569828033447,22.0122051239014,19.8923530578613,14.8152284622192,11.039116859436,10.7017517089844,12.2939052581787,16.2399730682373,23.103515625,31.4272422790527,34.0926742553711,35.4682998657227,32.33251953125,-9999,-9999,-9999,-9999,-9999,-9999,-9999,-9999,-9999
-9999,-9999,-9999,-9999,-9999,25.151912689209,26.4296245574951,26.2037372589111,27.7274475097656,33.0978660583496,36.7371940612793,37.1682472229004,37.5488739013672,38.0375480651855,-9999,-9999,-9999,-9999,-9999,-9999,-9999,-9999,-9999,-9999,-9999,-9999,-9999,-9999,-9999,-9999,-9999,-9999,-9999,-9999,-9999,-9999,-9999,-9999,-9999,-9999,-9999,-9999,-9999,-9999,-9999,-9999,-9999,-9999,-9999,-9999,-9999,-9999,-9999,-9999,-9999,-9999,-9999,-9999,-9999,-9999,-9999,-9999,-9999,-9999,-9999,-9999,-9999,-9999,-9999,-9999,-9999,-9999,-9999,-9999,-9999,-9999,-9999,-9999,-9999,-9999,-9999,-9999,-9999,-9999,-9999,-9999,-9999,-9999,-9999,-9999,-9999,-9999,-9999,-9999,-9999,-9999,-9999,-9999,33.4990272521973,33.6082572937012,33.6630058288574,33.6347007751465,33.7772407531738,34.0737228393555,34.2786254882813,34.4133529663086,35.1180305480957,35.8368835449219,30.7704582214355,24.0345611572266,22.334285736084,19.9713096618652,14.7462558746338,10.8924198150635,11.6026678085327,13.392502784729,16.9645843505859,22.4513244628906,29.2974891662598,33.3582038879395,37.0663909912109,37.8267974853516,-9999,-9999,-9999,-9999,-9999,-9999,-9999,-9999,-9999
-9999,-9999,-9999,-9999,-9999,25.1038112640381,25.2551136016846,26.1242332458496,27.4281711578369,32.8436698913574,36.8473739624023,37.1150550842285,37.4138946533203,37.9032135009766,-9999,-9999,-9999,-9999,-9999,-9999,-9999,-9999,-9999,-9999,-9999,-9999,-9999,-9999,-9999,-9999,-9999,-9999,-9999,-9999,-9999,-9999,-9999,-9999,-9999,-9999,-9999,-9999,-9999,-9999,-9999,-9999,-9999,-9999,-9999,-9999,-9999,-9999,-9999,-9999,-9999,-9999,-9999,-9999,-9999,-9999,-9999,-9999,-9999,-9999,-9999,-9999,-9999,-9999,-9999,-9999,-9999,-9999,-9999,-9999,-9999,-9999,-9999,-9999,-9999,-9999,-9999,-9999,-9999,-9999,-9999,-9999,-9999,-9999,-9999,-9999,-9999,-9999,-9999,-9999,-9999,-9999,-9999,-9999,-9999,33.2258949279785,33.3010520935059,33.3211555480957,33.4323081970215,33.6209983825684,33.7435455322266,33.8041381835938,34.6408195495605,35.5178337097168,30.716911315918,24.2980117797852,22.6316184997559,20.3430023193359,14.8228149414063,10.9504508972168,12.9821109771729,15.3653373718262,18.41481590271,21.8936252593994,25.7866439819336,30.9873123168945,36.9262466430664,38.2326965332031,-9999,-9999,-9999,-9999,-9999,-9999,-9999,-9999,-9999
-9999,-9999,-9999,-9999,-9999,-9999,24.3166179656982,24.7173976898193,26.0696334838867,32.1091041564941,36.387809753418,36.8406410217285,37.1653022766113,-9999,-9999,-9999,-9999,-9999,-9999,-9999,-9999,-9999,-9999,-9999,-9999,-9999,-9999,-9999,-9999,-9999,-9999,-9999,-9999,-9999,-9999,-9999,-9999,-9999,-9999,-9999,-9999,-9999,-9999,-9999,-9999,-9999,-9999,-9999,-9999,-9999,-9999,-9999,-9999,-9999,-9999,-9999,-9999,-9999,-9999,-9999,-9999,-9999,-9999,-9999,-9999,-9999,-9999,-9999,-9999,-9999,-9999,-9999,-9999,-9999,-9999,-9999,-9999,-9999,-9999,-9999,-9999,-9999,-9999,-9999,-9999,-9999,-9999,-9999,-9999,-9999,-9999,-9999,-9999,-9999,-9999,-9999,-9999,-9999,-9999,32.9559707641602,33.0563697814941,33.1168212890625,33.216365814209,33.3442192077637,33.6660194396973,34.0812721252441,34.603271484375,35.0014686584473,30.4676685333252,24.5783462524414,22.9672317504883,21.0813426971436,17.7841720581055,14.9832620620728,13.4417743682861,13.5152721405029,14.8464994430542,19.3884582519531,25.6317443847656,29.5665321350098,32.6660957336426,33.7850723266602,-9999,-9999,-9999,-9999,-9999,-9999,-9999,-9999,-9999
-9999,-9999,-9999,-9999,-9999,-9999,22.8114204406738,22.5089817047119,24.4396553039551,31.2545070648193,36.0423431396484,36.5506439208984,36.9054565429688,-9999,-9999,-9999,-9999,-9999,-9999,-9999,-9999,-9999,-9999,-9999,-9999,-9999,-9999,-9999,-9999,-9999,-9999,-9999,-9999,-9999,-9999,-9999,-9999,-9999,-9999,-9999,-9999,-9999,-9999,-9999,-9999,-9999,-9999,-9999,-9999,-9999,-9999,-9999,-9999,-9999,-9999,-9999,-9999,-9999,-9999,-9999,-9999,-9999,-9999,-9999,-9999,-9999,-9999,-9999,-9999,-9999,-9999,-9999,-9999,-9999,-9999,-9999,-9999,-9999,-9999,-9999,-9999,-9999,-9999,-9999,-9999,-9999,-9999,-9999,-9999,-9999,-9999,-9999,-9999,-9999,-9999,-9999,-9999,-9999,-9999,32.6996078491211,32.8226699829102,32.9139099121094,33.0017547607422,33.0790367126465,33.5881576538086,34.3312873840332,34.5525169372559,34.5016212463379,30.2475700378418,24.8325386047363,23.3524799346924,21.8434982299805,20.7030143737793,18.5649833679199,14.1256647109985,11.3766803741455,11.1665277481079,16.6721324920654,25.1304588317871,27.6247596740723,27.8755340576172,24.0465450286865,17.4648914337158,15.9562616348267,-9999,-9999,-9999,-9999,-9999,-9999,-9999
-9999,-9999,-9999,-9999,-9999,-9999,21.5438499450684,21.9643802642822,23.0616626739502,30.2362499237061,35.2865867614746,36.0098152160645,36.6255989074707,-9999,-9999,-9999,-9999,-9999,-9999,-9999,-9999,-9999,-9999,-9999,-9999,-9999,-9999,-9999,-9999,-9999,-9999,-9999,-9999,-9999,-9999,-9999,-9999,-9999,-9999,-9999,-9999,-9999,-9999,-9999,-9999,-9999,-9999,-9999,-9999,-9999,-9999,-9999,-9999,-9999,-9999,-9999,-9999,-9999,-9999,-9999,-9999,-9999,-9999,-9999,-9999,-9999,-9999,-9999,-9999,-9999,-9999,-9999,-9999,-9999,-9999,-9999,-9999,-9999,-9999,-9999,-9999,-9999,-9999,-9999,-9999,-9999,-9999,-9999,-9999,-9999,-9999,-9999,-9999,-9999,-9999,-9999,-9999,-9999,-9999,32.5657119750977,32.6591949462891,32.6841049194336,32.7448883056641,32.828670501709,33.3182411193848,34.0297698974609,34.2592315673828,34.2684669494629,30.1600742340088,24.9730186462402,23.607250213623,22.1897354125977,20.958646774292,18.7855186462402,13.8337144851685,11.5182237625122,12.6640253067017,16.0158939361572,20.716609954834,21.769868850708,21.3100929260254,19.8482074737549,17.3822994232178,13.6709413528442,7.96422815322876,-9999,-9999,-9999,-9999,-9999,-9999
-9999,-9999,-9999,-9999,-9999,-9999,-9999,-9999,-9999,-9999,-9999,-9999,-9999,-9999,-9999,-9999,-9999,-9999,-9999,-9999,-9999,-9999,-9999,-9999,-9999,-9999,-9999,-9999,-9999,-9999,-9999,-9999,-9999,-9999,-9999,-9999,-9999,-9999,-9999,-9999,-9999,-9999,-9999,-9999,-9999,-9999,-9999,-9999,-9999,-9999,-9999,-9999,-9999,-9999,-9999,-9999,-9999,-9999,-9999,-9999,-9999,-9999,-9999,-9999,-9999,-9999,-9999,-9999,-9999,-9999,-9999,-9999,-9999,-9999,-9999,-9999,-9999,-9999,-9999,-9999,-9999,-9999,-9999,-9999,-9999,-9999,-9999,-9999,-9999,-9999,-9999,-9999,-9999,-9999,-9999,-9999,-9999,-9999,-9999,-9999,32.4841499328613,32.454517364502,32.4981803894043,32.6006851196289,33.0840644836426,33.776252746582,33.993221282959,33.9813423156738,30.5917491912842,26.3938255310059,24.4775657653809,22.5687580108643,21.2483005523682,18.9217071533203,13.7310094833374,11.6636600494385,13.5560369491577,15.3811302185059,16.3540592193604,15.9349002838135,14.7765073776245,14.8487586975098,15.8642454147339,9.95345401763916,7.57065296173096,2.98053312301636,-9999,-9999,-9999,-9999,-9999
-9999,-9999,-9999,-9999,-9999,-9999,-9999,-9999,-9999,-9999,-9999,-9999,-9999,-9999,-9999,-9999,-9999,-9999,-9999,-9999,-9999,-9999,-9999,-9999,-9999,-9999,-9999,-9999,-9999,-9999,-9999,-9999,-9999,-9999,-9999,-9999,-9999,-9999,-9999,-9999,-9999,-9999,-9999,-9999,-9999,-9999,-9999,-9999,-9999,-9999,-9999,-9999,-9999,-9999,-9999,-9999,-9999,-9999,-9999,-9999,-9999,-9999,-9999,-9999,-9999,-9999,-9999,-9999,-9999,-9999,-9999,-9999,-9999,-9999,-9999,-9999,-9999,-9999,-9999,-9999,-9999,-9999,-9999,-9999,-9999,-9999,-9999,-9999,-9999,-9999,-9999,-9999,-9999,-9999,-9999,-9999,-9999,-9999,-9999,-9999,32.2728042602539,32.2315902709961,32.3004989624023,32.4666328430176,32.9899749755859,33.7059173583984,33.8777732849121,33.8112602233887,33.0290794372559,32.0368690490723,27.4275054931641,22.8247928619385,21.5333480834961,19.1954078674316,13.9269981384277,11.4157876968384,13.0675849914551,13.6576862335205,13.3720369338989,12.1114120483398,10.1845817565918,9.75735473632813,9.7788553237915,6.82164287567139,3.39497232437134,3.26092910766602,2.76570844650269,-9999,-9999,-9999,-9999
-9999,-9999,-9999,-9999,-9999,-9999,-9999,-9999,-9999,-9999,-9999,-9999,-9999,-9999,-9999,-9999,-9999,-9999,-9999,-9999,-9999,-9999,-9999,-9999,-9999,-9999,-9999,-9999,-9999,-9999,-9999,-9999,-9999,-9999,-9999,-9999,-9999,-9999,-9999,-9999,-9999,-9999,-9999,-9999,-9999,-9999,-9999,-9999,-9999,-9999,-9999,-9999,-9999,-9999,-9999,-9999,-9999,-9999,-9999,-9999,-9999,-9999,-9999,-9999,-9999,-9999,-9999,-9999,-9999,-9999,-9999,-9999,-9999,-9999,-9999,-9999,-9999,-9999,-9999,-9999,-9999,-9999,-9999,-9999,-9999,-9999,-9999,-9999,-9999,-9999,-9999,-9999,-9999,-9999,-9999,-9999,-9999,-9999,-9999,-9999,32.0797080993652,32.050910949707,32.1417503356934,32.3550071716309,32.7961616516113,33.3597183227539,33.6149635314941,33.7007904052734,34.5329055786133,35.2469596862793,29.2763805389404,23.0589027404785,21.8478221893311,19.4293003082275,14.1901063919067,11.3533048629761,12.6662454605103,12.2153215408325,11.0207462310791,9.23000049591064,7.24191093444824,6.31924057006836,5.33447551727295,4.42649698257446,3.4878613948822,2.73174953460693,2.5098180770874,-9999,-9999,-9999,-9999
-9999,-9999,-9999,-9999,-9999,-9999,-9999,-9999,-9999,-9999,-9999,-9999,-9999,-9999,-9999,-9999,-9999,-9999,-9999,-9999,-9999,-9999,-9999,-9999,-9999,-9999,-9999,-9999,-9999,-9999,-9999,-9999,-9999,-9999,-9999,-9999,-9999,-9999,-9999,-9999,-9999,-9999,-9999,-9999,-9999,-9999,-9999,-9999,-9999,-9999,-9999,-9999,-9999,-9999,-9999,-9999,-9999,-9999,-9999,-9999,-9999,-9999,-9999,-9999,-9999,-9999,-9999,-9999,-9999,-9999,-9999,-9999,-9999,-9999,-9999,-9999,-9999,-9999,-9999,-9999,-9999,-9999,-9999,-9999,-9999,-9999,-9999,-9999,-9999,-9999,-9999,-9999,-9999,-9999,-9999,-9999,-9999,-9999,-9999,-9999,-9999,31.9479637145996,32.0674781799316,32.2907676696777,32.4124069213867,32.4715843200684,33.055736541748,33.694408416748,34.5962982177734,35.3149108886719,29.4048080444336,23.278284072876,22.1676082611084,19.8094654083252,14.591477394104,11.5525197982788,12.2907314300537,11.6940612792969,9.56244564056396,8.41355419158936,7.88635492324829,6.16219520568848,3.87944149971008,3.13510751724243,2.77976393699646,2.51286625862122,2.23927712440491,-9999,-9999,3.29991626739502,3.34019923210144
-9999,-9999,-9999,-9999,-9999,-9999,-9999,-9999,-9999,-9999,-9999,-9999,-9999,-9999,-9999,-9999,-9999,-9999,-9999,-9999,-9999,-9999,-9999,-9999,-9999,-9999,-9999,-9999,-9999,-9999,-9999,-9999,-9999,-9999,-9999,-9999,-9999,-9999,-9999,-9999,-9999,-9999,-9999,-9999,-9999,-9999,-9999,-9999,-9999,-9999,-9999,-9999,-9999,-9999,-9999,-9999,-9999,-9999,-9999,-9999,-9999,-9999,-9999,-9999,-9999,-9999,-9999,-9999,-9999,-9999,-9999,-9999,-9999,-9999,-9999,-9999,-9999,-9999,-9999,-9999,-9999,-9999,-9999,-9999,-9999,-9999,-9999,-9999,-9999,-9999,-9999,-9999,-9999,-9999,-9999,-9999,-9999,-9999,-9999,-9999,-9999,-9999,32.0111312866211,32.1875038146973,32.1444854736328,31.9591693878174,32.6803550720215,33.5628967285156,34.5595512390137,35.3575706481934,29.5839538574219,23.3256874084473,20.2095375061035,16.8012790679932,12.647068977356,10.2727422714233,10.8071260452271,9.69161701202393,7.5445704460144,6.90289115905762,7.09864616394043,5.5866870880127,2.97188949584961,2.79793524742126,2.80697345733643,2.65273356437683,2.59348821640015,2.99212527275085,3.31607913970947,3.28807973861694,3.38653182983398
-9999,-9999,-9999,-9999,-9999,-9999,-9999,-9999,-9999,-9999,-9999,-9999,-9999,-9999,-9999,-9999,-9999,-9999,-9999,-9999,-9999,-9999,-9999,-9999,-9999,-9999,-9999,-9999,-9999,-9999,-9999,-9999,-9999,-9999,-9999,-9999,-9999,-9999,-9999,-9999,-9999,-9999,-9999,-9999,-9999,-9999,-9999,-9999,-9999,-9999,-9999,-9999,-9999,-9999,-9999,-9999,-9999,-9999,-9999,-9999,-9999,-9999,-9999,-9999,-9999,-9999,-9999,-9999,-9999,-9999,-9999,-9999,-9999,-9999,-9999,-9999,-9999,-9999,-9999,-9999,-9999,-9999,-9999,-9999,-9999,-9999,-9999,-9999,-9999,-9999,-9999,-9999,-9999,-9999,-9999,-9999,-9999,-9999,-9999,-9999,-9999,-9999,-9999,32.0438613891602,32.0069808959961,31.8904571533203,32.5019493103027,33.2108726501465,34.4271202087402,35.4342918395996,29.8698463439941,23.2231616973877,15.4166765213013,8.96391487121582,7.89980602264404,7.27049589157104,7.71782302856445,6.74461984634399,4.73964977264404,4.03538274765015,4.2735481262207,3.93328833580017,3.20746326446533,3.28498601913452,3.31923723220825,3.22065329551697,3.18455410003662,3.25362324714661,3.29038119316101,3.01809811592102,2.80374526977539
-9999,-9999,-9999,-9999,-9999,-9999,-9999,-9999,-9999,-9999,-9999,-9999,-9999,-9999,-9999,-9999,-9999,-9999,-9999,-9999,-9999,-9999,-9999,-9999,-9999,-9999,-9999,-9999,-9999,-9999,-9999,-9999,-9999,-9999,-9999,-9999,-9999,-9999,-9999,-9999,-9999,-9999,-9999,-9999,-9999,-9999,-9999,-9999,-9999,-9999,-9999,-9999,-9999,-9999,-9999,-9999,-9999,-9999,-9999,-9999,-9999,-9999,-9999,-9999,-9999,-9999,-9999,-9999,-9999,-9999,-9999,-9999,-9999,-9999,-9999,-9999,-9999,-9999,-9999,-9999,-9999,-9999,-9999,-9999,-9999,-9999,-9999,-9999,-9999,-9999,-9999,-9999,-9999,-9999,-9999,-9999,-9999,-9999,-9999,-9999,-9999,-9999,-9999,31.9080009460449,31.9554653167725,32.0327529907227,32.3895874023438,32.7447204589844,33.8768005371094,34.894344329834,29.7506237030029,23.329704284668,13.648154258728,6.19525051116943,6.6170015335083,6.70378398895264,6.82617664337158,5.98225069046021,3.54738330841064,2.72581243515015,2.99039745330811,3.18176817893982,3.38315868377686,3.32218742370605,3.43222260475159,3.46571016311646,3.27232313156128,2.90117812156677,4.49617195129395,9.5048885345459,15.0009088516235
-9999,-9999,-9999,-9999,-9999,-9999,-9999,-9999,-9999,-9999,-9999,-9999,-9999,-9999,-9999,-9999,-9999,-9999,-9999,-9999,-9999,-9999,-9999,-9999,-9999,-9999,-9999,-9999,-9999,-9999,-9999,-9999,-9999,-9999,-9999,-9999,-9999,-9999,-9999,-9999,-9999,-9999,-9999,-9999,-9999,-9999,-9999,-9999,-9999,-9999,-9999,-9999,-9999,-9999,-9999,-9999,-9999,-9999,-9999,-9999,-9999,-9999,-9999,-9999,-9999,-9999,-9999,-9999,-9999,-9999,-9999,-9999,-9999,-9999,-9999,-9999,-9999,-9999,-9999,-9999,-9999,-9999,-9999,-9999,-9999,-9999,-9999,-9999,-9999,-9999,-9999,-9999,-9999,-9999,-9999,-9999,-9999,-9999,-9999,-9999,-9999,-9999,-9999,-9999,31.9772338867188,32.3079490661621,32.4568367004395,32.5002975463867,33.0537528991699,33.9291152954102,29.3563976287842,22.7841873168945,13.3423290252686,6.54888248443604,7.26934957504272,7.59030294418335,7.68129301071167,6.51378345489502,3.72408533096313,2.48992609977722,2.65416145324707,2.6830141544342,2.75721764564514,2.64572501182556,2.52764749526978,2.41630792617798,2.30822086334229,2.13304448127747,6.64618349075317,20.1696472167969,30.8191947937012
-9999,-9999,-9999,-9999,-9999,-9999,-9999,-9999,-9999,-9999,-9999,-9999,-9999,-9999,-9999,-9999,-9999,-9999,-9999,-9999,-9999,-9999,-9999,-9999,-9999,-9999,-9999,-9999,-9999,-9999,-9999,-9999,-9999,-9999,-9999,-9999,-9999,-9999,-9999,-9999,-9999,-9999,-9999,-9999,-9999,-9999,-9999,-9999,-9999,-9999,-9999,-9999,-9999,-9999,-9999,-9999,-9999,-9999,-9999,-9999,-9999,-9999,-9999,-9999,-9999,-9999,-9999,-9999,-9999,-9999,-9999,-9999,-9999,-9999,-9999,-9999,-9999,-9999,-9999,-9999,-9999,-9999,-9999,-9999,-9999,-9999,-9999,-9999,-9999,-9999,-9999,-9999,-9999,-9999,-9999,-9999,-9999,-9999,-9999,-9999,-9999,-9999,-9999,-9999,-9999,-9999,32.2144737243652,32.1193695068359,32.6749305725098,33.2250862121582,30.339822769165,25.9136390686035,18.8472309112549,13.2629318237305,11.5426931381226,10.5720834732056,10.6958837509155,9.75580978393555,7.92574119567871,8.78342151641846,10.913610458374,11.0125856399536,10.7790489196777,12.4179553985596,14.2415456771851,15.6518754959106,16.6065368652344,16.0655250549316,18.3689842224121,26.1905860900879,32.6652908325195
-9999,-9999,-9999,-9999,-9999,-9999,-9999,-9999,-9999,-9999,-9999,-9999,-9999,-9999,-9999,-9999,-9999,-9999,-9999,-9999,-9999,-9999,-9999,-9999,-9999,-9999,-9999,-9999,-9999,-9999,-9999,-9999,-9999,-9999,-9999,-9999,-9999,-9999,-9999,-9999,-9999,-9999,-9999,-9999,-9999,-9999,-9999,-9999,-9999,-9999,-9999,-9999,-9999,-9999,-9999,-9999,-9999,-9999,-9999,-9999,-9999,-9999,-9999,-9999,-9999,-9999,-9999,-9999,-9999,-9999,-9999,-9999,-9999,-9999,-9999,-9999,-9999,-9999,-9999,-9999,-9999,-9999,-9999,-9999,-9999,-9999,-9999,-9999,-9999,-9999,-9999,-9999,-9999,-9999,-9999,-9999,-9999,-9999,-9999,-9999,-9999,-9999,-9999,-9999,-9999,-9999,-9999,-9999,31.9141845703125,32.1693115234375,31.8817520141602,31.1762218475342,27.6099510192871,23.1755104064941,17.8492031097412,14.7071905136108,15.3734550476074,15.4890155792236,14.4642486572266,17.6540832519531,22.5761451721191,22.8673915863037,22.0215759277344,24.8088874816895,27.647274017334,29.9215183258057,31.5808296203613,31.0055694580078,30.599365234375,30.5727424621582,-9999
-9999,-9999,-9999,-9999,-9999,-9999,-9999,-9999,-9999,-9999,-9999,-9999,-9999,-9999,-9999,-9999,-9999,-9999,-9999,-9999,-9999,-9999,-9999,-9999,-9999,-9999,-9999,-9999,-9999,-9999,-9999,-9999,-9999,-9999,-9999,-9999,-9999,-9999,-9999,-9999,-9999,-9999,-9999,-9999,-9999,-9999,-9999,-9999,-9999,-9999,-9999,-9999,-9999,-9999,-9999,-9999,-9999,-9999,-9999,-9999,-9999,-9999,-9999,-9999,-9999,-9999,-9999,-9999,-9999,-9999,-9999,-9999,-9999,-9999,-9999,-9999,-9999,-9999,-9999,-9999,-9999,-9999,-9999,-9999,-9999,-9999,-9999,-9999,-9999,-9999,-9999,-9999,-9999,-9999,-9999,-9999,-9999,-9999,-9999,-9999,-9999,-9999,-9999,-9999,-9999,-9999,-9999,-9999,-9999,-9999,31.6488609313965,31.4457931518555,29.6248550415039,27.4796695709229,24.5850696563721,22.8229503631592,22.9446086883545,22.7680320739746,22.3209037780762,23.9841270446777,26.5729217529297,26.7742004394531,26.3752861022949,27.8510646820068,29.4002132415771,30.6843242645264,31.6350078582764,31.2476654052734,-9999,-9999,-9999
-9999,-9999,-9999,-9999,-9999,-9999,-9999,-9999,-9999,-9999,-9999,-9999,-9999,-9999,-9999,-9999,-9999,-9999,-9999,-9999,-9999,-9999,-9999,-9999,-9999,-9999,-9999,-9999,-9999,-9999,-9999,-9999,-9999,-9999,-9999,-9999,-9999,-9999,-9999,-9999,-9999,-9999,-9999,-9999,-9999,-9999,-9999,-9999,-9999,-9999,-9999,-9999,-9999,-9999,-9999,-9999,-9999,-9999,-9999,-9999,-9999,-9999,-9999,-9999,-9999,-9999,-9999,-9999,-9999,-9999,-9999,-9999,-9999,-9999,-9999,-9999,-9999,-9999,-9999,-9999,-9999,-9999,-9999,-9999,-9999,-9999,-9999,-9999,-9999,-9999,-9999,-9999,-9999,-9999,-9999,-9999,-9999,-9999,-9999,-9999,-9999,-9999,-9999,-9999,-9999,-9999,-9999,-9999,-9999,-9999,-9999,-9999,-9999,-9999,-9999,-9999,-9999,-9999,-9999,-9999,-9999,-9999,-9999,-9999,-9999,-9999,-9999,-9999,-9999,-9999,-9999
-9999,-9999,-9999,-9999,-9999,-9999,-9999,-9999,-9999,-9999,-9999,-9999,-9999,-9999,-9999,-9999,-9999,-9999,-9999,-9999,-9999,-9999,-9999,-9999,-9999,-9999,-9999,-9999,-9999,-9999,-9999,-9999,-9999,-9999,-9999,-9999,-9999,-9999,-9999,-9999,-9999,-9999,-9999,-9999,-9999,-9999,-9999,-9999,-9999,-9999,-9999,-9999,-9999,-9999,-9999,-9999,-9999,-9999,-9999,-9999,-9999,-9999,-9999,-9999,-9999,-9999,-9999,-9999,-9999,-9999,-9999,-9999,-9999,-9999,-9999,-9999,-9999,-9999,-9999,-9999,-9999,-9999,-9999,-9999,-9999,-9999,-9999,-9999,-9999,-9999,-9999,-9999,-9999,-9999,-9999,-9999,-9999,-9999,-9999,-9999,-9999,-9999,-9999,-9999,-9999,-9999,-9999,-9999,-9999,-9999,-9999,-9999,-9999,-9999,-9999,-9999,-9999,-9999,-9999,-9999,-9999,-9999,-9999,-9999,-9999,-9999,-9999,-9999,-9999,-9999,-9999

Step,433
Year,36.08333
-9999,-9999,-9999,-9999,-9999,-9999,-9999,-9999,-9999,-9999,-9999,-9999,-9999,-9999,-9999,-9999,-9999,-9999,-9999,-9999,-9999,-9999,-9999,-9999,-9999,-9999,-9999,-9999,-9999,-9999,-9999,-9999,-9999,-9999,-9999,-9999,-9999,-9999,-9999,-9999,-9999,-9999,-9999,-9999,-9999,-9999,-9999,-9999,-9999,-9999,-9999,-9999,-9999,-9999,-9999,-9999,-9999,-9999,-9999,-9999,-9999,-9999,-9999,-9999,-9999,-9999,-9999,-9999,-9999,-9999,-9999,-9999,-9999,-9999,-9999,-9999,-9999,-9999,-9999,-9999,-9999,-9999,-9999,-9999,-9999,-9999,-9999,-9999,-9999,-9999,-9999,-9999,-9999,-9999,-9999,-9999,-9999,-9999,-9999,-9999,-9999,-9999,-9999,-9999,-9999,-9999,-9999,-9999,-9999,-9999,-9999,-9999,-9999,-9999,-9999,-9999,-9999,-9999,-9999,-9999,-9999,-9999,-9999,-9999,-9999,-9999,-9999,-9999,-9999,-9999,-9999
-9999,-9999,-9999,-9999,-9999,-9999,-9999,-9999,-9999,-9999,-9999,-9999,-9999,-9999,-9999,-9999,-9999,-9999,-9999,-9999,-9999,-9999,-9999,-9999,-9999,-9999,-9999,-9999,-9999,-9999,-9999,-9999,-9999,-9999,-9999,-9999,-9999,-9999,-9999,-9999,-9999,-9999,-9999,-9999,-9999,-9999,-9999,-9999,-9999,-9999,-9999,-9999,-9999,-9999,-9999,-9999,-9999,-9999,-9999,-9999,-9999,-9999,-9999,-9999,-9999,-9999,-9999,-9999,-9999,-9999,-9999,-9999,-9999,-9999,-9999,-9999,-9999,-9999,-9999,-9999,-9999,-9999,-9999,-9999,-9999,-9999,-9999,-9999,-9999,-9999,-9999,-9999,-9999,-9999,-9999,-9999,-9999,-9999,-9999,-9999,-9999,-9999,-9999,-9999,-9999,-9999,-9999,-9999,-9999,-9999,-9999,-9999,-9999,-9999,-9999,-9999,-9999,-9999,-9999,-9999,-9999,-9999,-9999,-9999,-9999,-9999,-9999,-9999,-9999,-9999,-9999
-9999,-9999,-9999,-9999,-9999,-9999,-9999,-9999,-9999,-9999,-9999,-9999,-9999,-9999,-9999,-9999,-9999,-9999,-9999,-9999,-9999,-9999,-9999,-9999,-9999,-9999,-9999,-9999,-9999,-9999,-9999,-9999,-9999,-9999,-9999,-9999,-9999,-9999,-9999,-9999,-9999,-9999,-9999,-9999,-9999,-9999,-9999,-9999,-9999,-9999,-9999,-9999,-9999,-9999,-9999,-9999,-9999,-9999,-9999,-9999,-9999,-9999,-9999,-9999,-9999,-9999,-9999,-9999,-9999,-9999,-9999,-9999,-9999,-9999,36.7682952880859,37.8655128479004,-9999,-9999,-9999,-9999,-9999,-9999,-9999,-9999,-9999,-9999,-9999,-9999,-9999,-9999,-9999,-9999,-9999,-9999,-9999,-9999,-9999,-9999,-9999,-9999,-9999,-9999,-9999,-9999,-9999,-9999,-9999,-9999,-9999,-9999,-9999,-9999,-9999,-9999,-9999,-9999,-9999,-9999,-9999,-9999,-9999,-9999,-9999,-9999,-9999,-9999,-9999,-9999,-9999,-9999,-9999
-9999,-9999,-9999,-9999,-9999,-9999,-9999,-9999,-9999,-9999,-9999,-9999,-9999,-9999,-9999,-9999,-9999,-9999,-9999,-9999,-9999,-9999,-9999,-9999,-9999,-9999,-9999,-9999,-9999,-9999,-9999,-9999,-9999,-9999,-9999,-9999,-9999,-9999,-9999,-9999,-9999,-9999,-9999,-9999,-9999,-9999,-9999,-9999,-9999,-9999,-9999,-9999,-9999,-9999,-9999,-9999,-9999,-9999,-9999,-9999,-9999,-9999,-9999,-9999,-9999,-9999,-9999,-9999,-9999,-9999,-9999,-9999,-9999,-9999,38.2125701904297,37.744213104248,-9999,-9999,-9999,-9999,-9999,-9999,-9999,-9999,-9999,-9999,-9999,-9999,-9999,-9999,-9999,-9999,-9999,-9999,-9999,-9999,-9999,-9999,-9999,-9999,-9999,-9999,-9999,-9999,-9999,-9999,-9999,-9999,-9999,-9999,-9999,-9999,-9999,-9999,-9999,-9999,-9999,-9999,-9999,-9999,-9999,-9999,-9999,-9999,-9999,-9999,-9999,-9999,-9999,-9999,-9999
-9999,-9999,-9999,-9999,-9999,-9999,-9999,-9999,-9999,-9999,-9999,-9999,-9999,-9999,-9999,-9999,-9999,-9999,-9999,-9999,-9999,-9999,-9999,-9999,-9999,-9999,-9999,-9999,-9999,-9999,-9999,-9999,-9999,-9999,-9999,-9999,-9999,-9999,-9999,-9999,-9999,-9999,-9999,-9999,-9999,-9999,-9999,-9999,-9999,-9999,-9999,-9999,-9999,-9999,-9999,-9999,6.17395674515353E-13,1.08990390046415E-08,1.081533085312E-08,1.07998356924099E-08,-9999,-9999,-9999,-9999,-9999,38.6900367736816,38.0546684265137,39.1097679138184,39.8392677307129,37.2267265319824,35.9794654846191,32.7249984741211,32.4987564086914,31.952262878418,35.5889587402344,34.3618469238281,32.9724960327148,-9999,-9999,25.2594184875488,23.8344268798828,23.0152702331543,23.6939678192139,30.3570175170898,33.4698905944824,35.5336647033691,35.4161415100098,33.1388549804688,25.0149269104004,-9999,-9999,-9999,-9999,-9999,-9999,-9999,-9999,-9999,-9999,-9999,-9999,-9999,-9999,-9999,-9999,-9999,-9999,-9999,-9999,-9999,-9999,-9999,-9999,-9999,-9999,-9999,-9999,-9999,-9999,-9999,-9999,-9999,-9999,-9999,-9999,-9999,-9999,-9999,-9999,-9999,-9999
-9999,-9999,-9999,-9999,-9999,-9999,-9999,-9999,-9999,-9999,-9999,-9999,-9999,-9999,-9999,-9999,-9999,-9999,-9999,-9999,-9999,-9999,-9999,-9999,-9999,-9999,-9999,-9999,-9999,-9999,-9999,-9999,-9999,-9999,-9999,-9999,-9999,-9999,-9999,-9999,-9999,-9999,-9999,-9999,-9999,-9999,-9999,-9999,-9999,-9999,-9999,-9999,-9999,-9999,-9999,7.13059277422656E-13,2.4843240353789E-08,0.000671614892780781,0.000667880463879555,0.000667178072035313,0.00136894872412086,44.7466278076172,-9999,44.0589942932129,42.4437446594238,41.7700958251953,41.6081581115723,40.415828704834,40.0062675476074,39.4925422668457,36.2577476501465,35.2544441223145,35.9720573425293,35.0080757141113,34.609302520752,35.0705108642578,33.8234519958496,33.3921890258789,32.1654586791992,29.6440753936768,26.4438133239746,23.6221027374268,26.5862102508545,29.9470901489258,34.0398445129395,36.4732398986816,36.2708587646484,34.0575256347656,28.5900707244873,22.528018951416,15.9518699645996,-9999,-9999,-9999,-9999,-9999,-9999,-9999,-9999,-9999,-9999,-9999,-9999,-9999,-9999,-9999,-9999,-9999,-9999,-9999,-9999,-9999,-9999,-9999,-9999,-9999,-9999,-9999,-9999,-9999,-9999,-9999,-9999,-9999,-9999,-9999,-9999,-9999,-9999,-9999,-9999
-9999,-9999,-9999,-9999,-9999,-9999,-9999,-9999,-9999,-9999,-9999,-9999,-9999,-9999,-9999,-9999,-9999,-9999,-9999,-9999,-9999,-9999,-9999,-9999,-9999,-9999,-9999,-9999,-9999,-9999,-9999,-9999,-9999,-9999,-9999,-9999,-9999,-9999,-9999,-9999,-9999,-9999,-9999,-9999,-9999,-9999,-9999,-9999,-9999,-9999,-9999,-9999,-9999,-9999,-9999,1.448071529353E-08,0.000772355007939041,45.8907661437988,45.8346862792969,45.8864631652832,46.043155670166,45.4060134887695,44.6376113891602,44.6069374084473,42.7090072631836,42.0980072021484,40.8360786437988,40.600456237793,39.8804740905762,38.4525299072266,37.4952964782715,37.1192932128906,36.7410697937012,36.5345420837402,36.119083404541,35.7252578735352,34.773078918457,33.6567268371582,31.9046192169189,29.6006774902344,26.733325958252,24.0163707733154,27.3597450256348,31.9389915466309,35.9757461547852,38.0986099243164,37.4968681335449,34.7256660461426,29.4296550750732,22.8953475952148,15.9608936309814,13.8757286071777,18.0664653778076,-9999,-9999,-9999,-9999,-9999,-9999,-9999,-9999,-9999,29.767972946167,30.5201282501221,32.3035469055176,-9999,-9999,-9999,-9999,-9999,-9999,-9999,-9999,-9999,-9999,-9999,-9999,-9999,-9999,-9999,-9999,-9999,-9999,-9999,-9999,-9999,-9999,-9999,-9999,-9999,-9999
-9999,-9999,-9999,-9999,-9999,-9999,-9999,-9999,-9999,-9999,-9999,-9999,-9999,-9999,-9999,-9999,-9999,-9999,-9999,-9999,-9999,-9999,-9999,-9999,-9999,-9999,-9999,-9999,-9999,-9999,-9999,39.4158706665039,-9999,-9999,-9999,40.1312484741211,-9999,-9999,-9999,-9999,-9999,-9999,-9999,-9999,-9999,-9999,-9999,-9999,-9999,-9999,-9999,-9999,-9999,-9999,-9999,-9999,-9999,45.4593124389648,45.6858329772949,45.7865829467773,-9999,46.1819915771484,45.6066513061523,44.4697341918945,43.0769309997559,42.1165161132813,41.5780639648438,40.8247451782227,39.9408683776855,37.6271781921387,36.7323951721191,37.8689422607422,38.1593704223633,37.5685005187988,37.0187377929688,36.5807228088379,35.7762107849121,34.9741363525391,34.7066917419434,34.4320907592773,32.6305694580078,31.5094985961914,34.742748260498,36.7950057983398,39.5476875305176,40.7919273376465,39.7882232666016,37.4855194091797,32.9501991271973,29.4732265472412,27.3058204650879,22.5832996368408,16.8369312286377,20.1062812805176,-9999,-9999,-9999,-9999,-9999,-9999,-9999,-9999,34.1361846923828,36.0017204284668,36.4016418457031,34.2160720825195,32.9573135375977,-9999,-9999,-9999,-9999,-9999,-9999,-9999,-9999,-9999,-9999,-9999,-9999,-9999,-9999,-9999,-9999,-9999,-9999,-9999,-9999,-9999,-9999,-9999,-9999
-9999,-9999,-9999,-9999,-9999,-9999,-9999,-9999,-9999,-9999,-9999,-9999,-9999,-9999,-9999,-9999,-9999,-9999,-9999,-9999,-9999,-9999,-9999,-9999,-9999,-9999,-9999,-9999,-9999,-9999,38.7815017700195,38.2335052490234,-9999,-9999,40.3425483703613,40.1535415649414,-9999,-9999,36.3124237060547,38.5830459594727,-9999,-9999,-9999,-9999,-9999,41.3837699890137,-9999,-9999,-9999,-9999,-9999,-9999,-9999,-9999,-9999,-9999,-9999,-9999,-9999,-9999,-9999,45.5882186889648,46.3470611572266,44.912109375,42.9153861999512,42.5232582092285,40.888313293457,39.9850273132324,38.643440246582,36.5753173828125,35.4465522766113,38.603931427002,39.9266166687012,39.5488357543945,38.4857521057129,38.0307006835938,37.2076721191406,36.260570526123,37.7464141845703,39.1867752075195,39.7208709716797,38.832935333252,39.7573623657227,40.7255935668945,41.8703727722168,42.3172302246094,41.4453086853027,39.6981010437012,36.445198059082,35.5194816589355,36.3432884216309,30.3963985443115,18.0945262908936,20.0496234893799,24.3258762359619,-9999,-9999,-9999,-9999,-9999,34.7827606201172,35.1138076782227,35.7076568603516,35.6596336364746,36.4392852783203,37.1768760681152,35.6709938049316,32.554386138916,-9999,-9999,-9999,-9999,-9999,-9999,-9999,-9999,-9999,-9999,-9999,-9999,-9999,-9999,-9999,-9999,-9999,-9999,-9999,-9999,-9999,-9999,-9999
-9999,-9999,-9999,-9999,-9999,-9999,-9999,-9999,-9999,-9999,-9999,-9999,-9999,-9999,-9999,-9999,-9999,-9999,-9999,-9999,-9999,-9999,-9999,38.3208961486816,39.3704681396484,-9999,-9999,-9999,-9999,38.6168823242188,38.6083564758301,38.4172477722168,38.5318183898926,39.6603050231934,40.2561264038086,39.9810218811035,37.920955657959,35.7742080688477,36.124454498291,-9999,38.7868461608887,40.9372596740723,-9999,-9999,40.947811126709,41.4114074707031,41.9321899414063,42.8893890380859,-9999,-9999,-9999,-9999,-9999,-9999,-9999,-9999,-9999,41.6381034851074,43.8563232421875,-9999,-9999,-9999,44.4754447937012,44.4192123413086,43.9705696105957,41.9234237670898,42.3155708312988,40.799243927002,39.4301719665527,35.787899017334,34.4158248901367,37.765193939209,39.5383453369141,40.4353904724121,40.0611228942871,39.3568000793457,38.7830963134766,37.6527481079102,37.8817977905273,39.441234588623,39.9220390319824,39.943244934082,40.9693489074707,41.8299751281738,42.2477798461914,42.3879127502441,42.0297393798828,40.928035736084,38.3487129211426,36.6901741027832,35.6414756774902,31.2290840148926,24.0226726531982,23.4021835327148,24.1675052642822,21.3223686218262,20.8230018615723,22.2903308868408,22.8108978271484,24.7682552337646,29.6986293792725,34.9735412597656,35.0764236450195,35.5997886657715,36.3006324768066,37.3250389099121,37.8214302062988,35.4472732543945,33.7867393493652,34.3999633789063,-9999,-9999,-9999,-9999,-9999,-9999,-9999,-9999,-9999,-9999,-9999,-9999,-9999,-9999,-9999,-9999,-9999,-9999,-9999,-9999,-9999
-9999,-9999,-9999,-9999,-9999,-9999,-9999,-9999,-9999,-9999,-9999,-9999,-9999,-9999,-9999,-9999,-9999,-9999,-9999,-9999,-9999,-9999,38.7446517944336,38.3972282409668,38.3938217163086,40.0649337768555,40.6278839111328,37.8250007629395,37.7310447692871,37.7030754089355,38.5567741394043,37.2394714355469,38.437328338623,38.009449005127,39.3444366455078,37.5387496948242,35.6984634399414,35.2399482727051,35.1776008605957,36.2162590026855,37.5954627990723,39.6704521179199,40.795280456543,40.724178314209,41.3563842773438,41.572925567627,42.3069496154785,43.0017204284668,43.2570266723633,-9999,-9999,-9999,-9999,-9999,-9999,-9999,-9999,39.8390197753906,40.3735771179199,42.5832977294922,-9999,-9999,43.8289680480957,44.0214233398438,45.4023208618164,43.5849533081055,42.4962959289551,40.6214218139648,38.2127113342285,34.8131523132324,33.630069732666,37.6066093444824,39.192195892334,40.8462944030762,41.0793762207031,40.4561767578125,39.8366203308105,39.290714263916,39.3066101074219,38.6713180541992,39.8854179382324,41.0283622741699,42.0045166015625,42.7022399902344,42.5621757507324,42.4662933349609,42.4646301269531,41.8378524780273,40.3642234802246,37.9550514221191,34.5785369873047,31.8187732696533,28.5867252349854,25.8719100952148,23.4999504089355,22.2711410522461,21.9615840911865,24.023811340332,24.2542209625244,23.632194519043,26.089038848877,32.4030265808105,35.2626266479492,35.8158302307129,36.4098510742188,36.9917068481445,37.9224014282227,38.55615234375,36.8616600036621,35.0889472961426,-9999,-9999,-9999,-9999,-9999,-9999,-9999,-9999,-9999,-9999,-9999,-9999,-9999,-9999,-9999,-9999,-9999,-9999,-9999,-9999,-9999
-9999,-9999,-9999,-9999,-9999,-9999,-9999,-9999,-9999,-9999,-9999,-9999,-9999,-9999,-9999,-9999,-9999,-9999,-9999,-9999,-9999,-9999,39.1452903747559,38.0187606811523,37.6395950317383,39.3726921081543,42.1177215576172,41.3377151489258,37.244441986084,37.1028785705566,37.6074981689453,37.8631477355957,37.6703910827637,37.456787109375,37.3884582519531,36.4323043823242,35.3643684387207,34.9307174682617,34.7076530456543,35.7313690185547,36.6515007019043,38.7928047180176,40.1686782836914,40.5495643615723,40.8972244262695,41.1949806213379,41.3793258666992,42.5145149230957,43.1500625610352,42.7481727600098,42.5776557922363,-9999,-9999,-9999,-9999,-9999,-9999,-9999,39.3666076660156,40.8327522277832,42.3566436767578,42.8714065551758,43.1748809814453,44.2328033447266,45.0358810424805,43.5872383117676,42.046932220459,38.5123062133789,34.9756126403809,33.180908203125,34.5431823730469,38.5679702758789,40.7423095703125,41.8078002929688,42.1444053649902,42.2206497192383,41.8564033508301,41.4463806152344,40.9061126708984,40.0705757141113,41.0846252441406,42.0410118103027,42.3674354553223,42.6111488342285,42.5851898193359,42.5704002380371,42.5733299255371,42.0174980163574,40.800910949707,38.1340370178223,33.5635719299316,31.7565975189209,30.7261257171631,25.6388092041016,19.3901062011719,20.3970527648926,21.3446826934814,22.997501373291,24.3122940063477,23.7646541595459,26.409574508667,33.0524101257324,36.7355880737305,38.4981346130371,38.0050468444824,35.9090538024902,36.6847877502441,38.3555221557617,38.543212890625,36.0934677124023,38.3156280517578,-9999,-9999,-9999,-9999,-9999,-9999,-9999,-9999,-9999,-9999,-9999,-9999,-9999,-9999,-9999,-9999,-9999,-9999,-9999,-9999
-9999,-9999,-9999,-9999,-9999,-9999,-9999,-9999,-9999,-9999,-9999,-9999,-9999,-9999,-9999,-9999,-9999,-9999,-9999,-9999,-9999,-9999,38.8645362854004,38.9371185302734,36.4523048400879,35.8070411682129,42.323371887207,44.0105056762695,40.3984298706055,38.5067138671875,38.6898231506348,38.4001655578613,38.032039642334,37.6375999450684,37.2401351928711,36.6736183166504,36.1881904602051,35.8226547241211,35.7421569824219,36.3696403503418,37.1011428833008,38.2205810546875,39.249626159668,39.6828498840332,40.0158309936523,40.075122833252,39.9920082092285,40.4644622802734,41.3082427978516,42.6418991088867,42.7038803100586,-9999,-9999,-9999,-9999,39.787052154541,39.6532745361328,38.9240608215332,39.2399520874023,39.7822189331055,41.1704139709473,42.1626472473145,42.8777503967285,44.0351638793945,44.0536003112793,42.3268394470215,40.9584350585938,36.4383125305176,34.0041007995605,35.3623962402344,36.6530456542969,40.0958709716797,42.1483764648438,43.1553268432617,43.5359153747559,43.3498458862305,42.9214706420898,42.3999252319336,41.830867767334,41.2365646362305,41.9738578796387,42.6490173339844,42.5691604614258,42.5157775878906,42.5662460327148,42.5937843322754,42.5860404968262,42.1429748535156,41.2019195556641,38.702823638916,34.6678428649902,34.1875305175781,35.3950347900391,29.3581962585449,20.9433917999268,22.0334854125977,23.132942199707,24.7339859008789,26.0660762786865,25.7089920043945,28.0072441101074,34.0129508972168,37.9365005493164,40.5199890136719,39.4614372253418,36.1253356933594,37.1632080078125,39.3877983093262,40.0298652648926,39.5914840698242,39.176944732666,40.5707740783691,-9999,-9999,-9999,-9999,-9999,-9999,-9999,-9999,-9999,-9999,-9999,-9999,-9999,-9999,-9999,-9999,-9999,-9999,-9999
-9999,-9999,-9999,-9999,-9999,-9999,-9999,-9999,-9999,-9999,-9999,-9999,-9999,-9999,-9999,-9999,-9999,-9999,-9999,-9999,-9999,37.7389488220215,39.1192932128906,38.4363975524902,35.6525497436523,35.5609092712402,41.9304275512695,44.5031280517578,43.192554473877,42.1871795654297,41.8270149230957,41.5632095336914,41.3414192199707,41.0324172973633,40.6173095703125,40.2419471740723,39.7250328063965,39.4277877807617,39.2699089050293,39.499153137207,39.1827278137207,37.3450164794922,36.9552268981934,38.2974243164063,38.8455619812012,39.2310752868652,39.4176025390625,39.4880142211914,39.5313491821289,39.7399139404297,40.1131706237793,40.3687019348145,39.9693717956543,40.3530731201172,39.8478164672852,40.0250854492188,39.2943420410156,39.0559844970703,39.0952301025391,38.9453735351563,38.1611022949219,38.5141792297363,39.9889602661133,42.5835189819336,44.2908592224121,42.6254577636719,39.998706817627,35.3416633605957,35.5840301513672,39.5744552612305,42.2487716674805,43.2079048156738,43.6967849731445,43.7068786621094,43.5714302062988,43.3279724121094,43.0301856994629,42.7033195495605,42.4083671569824,42.119327545166,42.2373237609863,42.3593826293945,42.384895324707,42.4120254516602,42.4463806152344,42.4300155639648,42.3185920715332,42.0963020324707,41.7492828369141,40.921501159668,39.7335586547852,39.7450256347656,40.1322860717773,37.7221565246582,33.8595352172852,31.236291885376,28.9550533294678,30.0181140899658,30.6722984313965,30.8354625701904,32.0308151245117,35.2695121765137,38.3750343322754,41.3295783996582,41.1225662231445,39.0261077880859,41.0709838867188,43.6740303039551,42.292121887207,40.4792060852051,40.327465057373,40.032829284668,38.0906753540039,37.8136825561523,-9999,-9999,-9999,-9999,-9999,-9999,-9999,-9999,-9999,-9999,-9999,-9999,-9999,-9999,-9999,-9999,-9999
-9999,-9999,-9999,-9999,-9999,-9999,-9999,-9999,-9999,-9999,-9999,-9999,-9999,-9999,-9999,-9999,-9999,-9999,-9999,-9999,-9999,35.8705253601074,35.4337882995605,36.6948852539063,36.1635971069336,36.9439125061035,41.4974327087402,43.7830810546875,43.536750793457,43.1321449279785,42.5459365844727,42.2448196411133,42.1478118896484,41.9438400268555,41.5706558227539,41.2319145202637,40.7782745361328,40.4954795837402,40.2984313964844,40.2723159790039,39.8256988525391,38.044849395752,37.0872764587402,37.6839752197266,38.148738861084,38.6700248718262,39.2658233642578,39.7554779052734,39.4484710693359,39.1515007019043,39.4364204406738,39.4121284484863,39.3545455932617,39.5947113037109,39.4251518249512,38.9785957336426,38.437183380127,38.0364036560059,37.7292060852051,36.7794761657715,36.5042152404785,37.7488174438477,38.7578659057617,39.2351303100586,42.8848571777344,42.1102104187012,41.0693321228027,35.9936981201172,38.0090599060059,42.1878318786621,44.5792961120605,44.3833618164063,44.1106491088867,43.7420387268066,-9999,-9999,-9999,-9999,-9999,-9999,-9999,42.0733413696289,42.1317100524902,42.1882438659668,42.23681640625,42.2109184265137,42.0446968078613,41.9256820678711,41.8580703735352,41.8305130004883,41.8296051025391,41.795295715332,41.7602195739746,41.2002105712891,39.7388038635254,35.7618827819824,32.3015747070313,33.3071022033691,33.5483360290527,32.3732681274414,32.303409576416,34.1773262023926,36.7745819091797,39.858757019043,40.7956657409668,40.4574966430664,42.483081817627,44.7724533081055,42.3823623657227,39.0300445556641,39.8017196655273,39.3754615783691,38.8663024902344,36.6039085388184,37.2600784301758,-9999,-9999,-9999,-9999,-9999,-9999,-9999,-9999,-9999,-9999,-9999,-9999,-9999,-9999,-9999,-9999
-9999,-9999,-9999,-9999,-9999,-9999,-9999,-9999,-9999,-9999,-9999,-9999,-9999,-9999,-9999,-9999,-9999,-9999,-9999,33.8748397827148,34.5732879638672,33.9907112121582,33.4414024353027,33.3129119873047,37.135326385498,39.8342437744141,40.6837959289551,41.0866813659668,40.717658996582,40.3874702453613,40.0273857116699,39.858829498291,39.8823623657227,39.5107345581055,39.2039222717285,38.9310913085938,38.5571823120117,38.2427787780762,38.1523208618164,38.1425361633301,38.7661170959473,40.8587989807129,41.4246788024902,39.3048896789551,38.5377616882324,39.1690635681152,39.9916343688965,41.0010299682617,39.7401008605957,37.7888221740723,38.1411170959473,38.349494934082,38.1623497009277,38.0810470581055,37.842227935791,37.3143348693848,35.9074592590332,34.8211822509766,34.3862609863281,35.4352760314941,37.4677467346191,40.1530647277832,42.0623168945313,41.6478881835938,41.0805130004883,39.5305252075195,40.7838706970215,42.0423736572266,42.1797752380371,43.3450317382813,44.0276947021484,-9999,-9999,-9999,-9999,-9999,-9999,-9999,-9999,-9999,-9999,-9999,-9999,41.7891540527344,41.8964653015137,41.9140701293945,41.7626266479492,41.5763778686523,41.3514099121094,41.0885238647461,40.7982444763184,40.705436706543,40.6966285705566,40.7664947509766,40.8435325622559,37.3392448425293,33.8658561706543,34.3647727966309,34.1174125671387,28.9788665771484,26.3509407043457,27.9592266082764,30.2766151428223,33.7586669921875,37.2575607299805,40.3814125061035,41.523868560791,42.2995681762695,39.8037490844727,36.4827003479004,38.8344650268555,40.1412582397461,40.4934120178223,35.3132553100586,36.1745529174805,-9999,-9999,-9999,-9999,-9999,-9999,-9999,-9999,-9999,-9999,-9999,-9999,-9999,-9999,-9999,-9999
-9999,-9999,-9999,-9999,-9999,-9999,-9999,-9999,-9999,-9999,-9999,-9999,-9999,-9999,-9999,-9999,-9999,-9999,31.7848701477051,32.9586334228516,33.1220359802246,35.0349159240723,33.5955696105957,32.7882766723633,36.7701072692871,39.575122833252,40.3844795227051,40.7146682739258,40.2626953125,39.8404083251953,39.6657218933105,39.5933647155762,39.5455856323242,39.3840408325195,38.9590530395508,38.8671493530273,38.613826751709,38.4896850585938,38.2233276367188,38.2941436767578,39.0635299682617,41.8956146240234,42.7139358520508,40.355827331543,39.3529396057129,39.7430419921875,40.5629997253418,41.4780197143555,39.834171295166,37.1130142211914,36.4074058532715,36.0691452026367,35.8273887634277,35.7146759033203,36.6349105834961,37.0196723937988,35.4947128295898,34.3907012939453,34.0819511413574,35.7807769775391,39.2257690429688,41.5341262817383,42.9902877807617,43.2359008789063,43.127742767334,42.885669708252,42.5005798339844,43.1318359375,-9999,-9999,-9999,-9999,-9999,-9999,-9999,-9999,-9999,-9999,-9999,-9999,-9999,-9999,-9999,-9999,-9999,41.5892677307129,41.4701042175293,41.2739410400391,40.9927825927734,40.6236991882324,40.1925163269043,40.0319519042969,39.9721221923828,40.2709655761719,40.6382827758789,38.2601852416992,35.8646087646484,35.0662841796875,33.5359802246094,28.5176658630371,24.7783489227295,23.9569225311279,24.9926414489746,27.5836486816406,32.7733154296875,37.5839538574219,38.6612968444824,38.9394874572754,38.399528503418,37.700553894043,38.647834777832,39.5089683532715,39.1078186035156,35.9100036621094,34.2868537902832,-9999,-9999,-9999,-9999,-9999,-9999,-9999,-9999,-9999,-9999,-9999,-9999,-9999,-9999,-9999,-9999
-9999,-9999,-9999,-9999,-9999,-9999,-9999,-9999,-9999,-9999,-9999,-9999,33.2322959899902,32.0479164123535,-9999,31.5694847106934,33.0574798583984,34.5840225219727,33.9353561401367,31.4175243377686,34.090217590332,37.0657081604004,36.0851364135742,35.1061477661133,35.7762603759766,37.2342300415039,40.6254768371582,42.6772956848145,42.36962890625,41.8651466369629,41.7110939025879,41.6506462097168,41.7245712280273,41.4834938049316,41.1745948791504,41.0397109985352,41.1624183654785,40.7038612365723,41.0150489807129,40.3683013916016,40.3231430053711,40.6032638549805,41.3404998779297,41.0513458251953,40.89111328125,41.1948585510254,41.2720909118652,41.2629089355469,39.8377799987793,37.1668128967285,34.7919692993164,32.1899452209473,32.0338935852051,32.4437599182129,35.7691497802734,37.5162200927734,36.4088668823242,35.7807426452637,36.3421478271484,38.7243957519531,41.4189720153809,42.6400985717773,43.2691535949707,43.3772888183594,43.362865447998,43.1789512634277,43.01220703125,-9999,-9999,-9999,-9999,-9999,-9999,-9999,-9999,-9999,-9999,-9999,-9999,-9999,-9999,-9999,-9999,-9999,-9999,-9999,41.1672439575195,41.0117874145508,40.763744354248,40.4038696289063,39.9655914306641,39.7202072143555,39.5471267700195,39.7192916870117,39.9440498352051,39.0672988891602,37.9840087890625,35.3211898803711,32.4243659973145,30.8776111602783,27.8981056213379,22.6437110900879,20.8455867767334,23.1703910827637,27.1817531585693,32.0942001342773,33.5085678100586,34.5997581481934,38.1893615722656,41.3108978271484,39.5771942138672,38.5621490478516,38.940673828125,36.1857719421387,34.3648872375488,-9999,-9999,-9999,-9999,-9999,-9999,-9999,-9999,-9999,-9999,-9999,-9999,-9999,-9999,-9999,-9999
-9999,-9999,-9999,-9999,-9999,-9999,-9999,-9999,-9999,-9999,30.896203994751,32.9118957519531,34.3126907348633,31.9401702880859,31.7103633880615,29.5614185333252,31.7518157958984,36.0665626525879,35.4519195556641,32.9645652770996,35.6501426696777,38.955135345459,38.3838310241699,37.6961555480957,37.284797668457,37.4346199035645,40.2276000976563,41.8974456787109,42.0817222595215,42.1216812133789,43.1824531555176,43.2582893371582,43.5030746459961,43.1551284790039,42.8394775390625,42.6946678161621,42.5390167236328,42.2573509216309,42.332103729248,41.9177436828613,41.5792465209961,41.4101867675781,41.3127136230469,41.3898696899414,41.5552215576172,41.6525192260742,42.0184860229492,42.2494850158691,41.1700401306152,39.6050033569336,36.7232093811035,33.6847343444824,33.5034408569336,33.8294944763184,36.2467041015625,37.8583946228027,37.745002746582,37.9841270446777,38.2302322387695,39.8567085266113,41.8206405639648,42.5927925109863,42.9101676940918,42.9542465209961,42.9346809387207,42.8459663391113,-9999,-9999,-9999,-9999,-9999,-9999,-9999,-9999,-9999,-9999,-9999,-9999,-9999,-9999,-9999,-9999,-9999,-9999,-9999,-9999,-9999,40.7073554992676,40.457332611084,40.1182098388672,39.7174797058105,39.4706611633301,39.279369354248,39.3473167419434,39.455738067627,39.307014465332,38.891242980957,36.4034843444824,33.5787010192871,31.9439735412598,29.4132328033447,25.1683483123779,22.0993556976318,20.7946357727051,23.2738265991211,27.1774253845215,30.4835662841797,33.2941589355469,36.9496955871582,40.2156982421875,38.1186408996582,36.5783996582031,37.5492630004883,35.473762512207,33.3834686279297,-9999,-9999,-9999,-9999,-9999,-9999,-9999,-9999,-9999,-9999,-9999,-9999,-9999,-9999,-9999,-9999
-9999,-9999,-9999,-9999,-9999,-9999,-9999,-9999,27.6802177429199,28.8290462493896,29.140775680542,28.9465980529785,30.1266345977783,32.2082748413086,31.493278503418,29.6264381408691,31.9307861328125,36.2347106933594,36.0948371887207,34.8546752929688,37.7293586730957,40.2748947143555,40.0540809631348,39.6386413574219,39.2546348571777,39.0344581604004,39.1437606811523,39.3191757202148,39.0260963439941,40.296802520752,43.1948928833008,44.2725448608398,44.2011489868164,44.2202644348145,44.0656661987305,43.9037399291992,43.7253341674805,43.5106582641602,43.2608108520508,43.0543365478516,42.8783569335938,42.6115531921387,42.4905471801758,42.4608306884766,42.3393516540527,42.3661193847656,42.4084129333496,42.4322052001953,42.5130920410156,42.5338478088379,40.503173828125,37.8855323791504,38.1003112792969,38.3896179199219,38.3436546325684,38.3803482055664,38.215461730957,38.6846885681152,40.2186164855957,41.3805541992188,41.9265289306641,42.1865348815918,-9999,-9999,-9999,-9999,-9999,-9999,-9999,-9999,-9999,-9999,-9999,-9999,-9999,-9999,-9999,-9999,-9999,-9999,-9999,-9999,-9999,-9999,-9999,-9999,-9999,-9999,40.1089782714844,39.7971458435059,39.4577484130859,39.250919342041,39.0920181274414,39.0650520324707,39.0593452453613,39.2806777954102,39.3028831481934,37.8414077758789,35.8257369995117,32.6028633117676,30.1371955871582,29.0306816101074,25.7887268066406,20.1093921661377,20.007495880127,22.2620086669922,28.6787185668945,33.6091537475586,35.2465133666992,36.6543083190918,35.1532211303711,34.2954025268555,36.5076065063477,34.2599830627441,33.0030784606934,-9999,-9999,-9999,-9999,-9999,-9999,-9999,-9999,-9999,-9999,-9999,-9999,-9999,-9999,-9999,-9999
-9999,-9999,-9999,-9999,-9999,-9999,-9999,-9999,26.3419704437256,27.7098274230957,28.7071285247803,28.3483734130859,28.5532474517822,28.9682178497314,29.6021347045898,30.5482540130615,33.4697875976563,37.6974983215332,37.623233795166,36.9533576965332,37.8425979614258,39.4354476928711,40.4146995544434,40.9981231689453,40.7930679321289,40.53466796875,40.1915473937988,39.8153190612793,39.5772552490234,40.2980804443359,42.1084861755371,42.6577606201172,42.5120582580566,42.3716850280762,42.1912231445313,42.0126190185547,41.9166107177734,41.6935081481934,41.5270042419434,41.305835723877,41.1900253295898,41.0107078552246,41.2226486206055,41.9767570495605,42.2545166015625,42.2080039978027,42.1155776977539,41.9789276123047,42.1082153320313,42.2429466247559,41.1884002685547,40.0004920959473,40.2481231689453,40.3843002319336,40.2535438537598,40.0561790466309,39.7645454406738,40.1034507751465,40.9792785644531,41.5334243774414,41.8376045227051,41.9580154418945,-9999,-9999,-9999,-9999,-9999,-9999,-9999,-9999,-9999,-9999,-9999,-9999,-9999,-9999,-9999,-9999,-9999,-9999,-9999,-9999,-9999,-9999,-9999,-9999,-9999,-9999,-9999,-9999,39.0640602111816,38.8983268737793,38.7755317687988,38.7230796813965,38.6789207458496,38.8938674926758,38.9689865112305,38.0258255004883,36.7890625,34.4529151916504,32.3804626464844,30.4973583221436,27.762939453125,23.7369213104248,21.5268573760986,20.3589515686035,24.7597503662109,30.046745300293,31.1663112640381,32.1738662719727,31.6023330688477,31.4693870544434,34.4747428894043,31.0107479095459,30.5414714813232,-9999,-9999,-9999,-9999,-9999,-9999,-9999,-9999,-9999,-9999,-9999,-9999,-9999,-9999,-9999,-9999
-9999,-9999,-9999,-9999,-9999,-9999,20.587760925293,26.1763229370117,26.2098922729492,26.139139175415,27.6642894744873,28.4412384033203,27.8618583679199,26.1351699829102,27.2612228393555,32.3364715576172,35.869384765625,39.3852005004883,39.3318061828613,38.400447845459,37.7837829589844,37.1833724975586,39.937915802002,42.005256652832,42.0627136230469,41.9296798706055,41.6490097045898,41.2766075134277,40.902286529541,40.6527938842773,40.3682327270508,40.0824737548828,39.7593879699707,39.508846282959,39.3219413757324,39.1378059387207,38.936954498291,38.9047508239746,38.8476295471191,38.7384338378906,38.6398239135742,38.5089302062988,39.224681854248,41.1550979614258,41.9553146362305,41.8591384887695,41.5943222045898,41.2369842529297,41.0212936401367,40.8113861083984,40.9170112609863,41.0670166015625,41.2699012756348,41.4743499755859,41.4705429077148,41.3980140686035,41.1247901916504,40.9731521606445,40.9928359985352,41.2522964477539,41.7002029418945,-9999,-9999,-9999,-9999,-9999,-9999,-9999,-9999,-9999,-9999,-9999,-9999,-9999,-9999,-9999,-9999,-9999,-9999,-9999,-9999,-9999,-9999,-9999,-9999,-9999,-9999,-9999,-9999,-9999,-9999,-9999,-9999,38.3593711853027,38.298583984375,38.4082565307617,38.4418067932129,37.9289627075195,37.371639251709,36.5617065429688,34.8149528503418,31.2642250061035,28.964714050293,28.2652168273926,24.652681350708,18.5503692626953,20.3727130889893,24.4232025146484,25.7430229187012,27.0459117889404,27.2753486633301,28.3090839385986,32.247974395752,30.1254005432129,-9999,-9999,-9999,-9999,-9999,-9999,-9999,-9999,-9999,-9999,-9999,-9999,-9999,-9999,-9999,-9999,-9999
-9999,-9999,-9999,-9999,-9999,-9999,26.1484508514404,26.2463512420654,25.8656978607178,25.9806480407715,26.0731201171875,28.9044418334961,31.1927528381348,32.1222763061523,33.2240829467773,34.8176651000977,37.3360214233398,40.0593109130859,40.1656837463379,39.3331069946289,38.8595657348633,38.3196334838867,40.3960990905762,42.0915756225586,42.0711822509766,41.9104843139648,41.7079162597656,41.5243339538574,41.17138671875,40.7995491027832,40.3597145080566,40.0997352600098,39.8363876342773,39.550365447998,39.2719612121582,39.4541816711426,39.7058029174805,39.6466178894043,39.585391998291,39.4272842407227,39.2859802246094,39.2119522094727,39.6037826538086,40.6640357971191,41.1251525878906,41.0696029663086,40.8574371337891,40.5486946105957,40.4311637878418,40.374382019043,40.4985847473145,40.6433753967285,40.7370262145996,40.8248710632324,40.8720741271973,40.8531913757324,40.6724739074707,40.5504684448242,40.5103988647461,-9999,-9999,-9999,-9999,-9999,-9999,-9999,-9999,-9999,-9999,-9999,-9999,-9999,-9999,-9999,-9999,-9999,-9999,-9999,-9999,-9999,-9999,-9999,-9999,-9999,-9999,-9999,-9999,-9999,-9999,-9999,-9999,-9999,-9999,-9999,37.8934288024902,37.9535293579102,37.9834098815918,37.8053321838379,37.5304222106934,36.9762115478516,35.9407196044922,34.0985565185547,31.7938270568848,29.271577835083,26.3308391571045,22.8738880157471,21.6975803375244,20.8134765625,24.1878795623779,27.5802993774414,28.5202598571777,29.8949604034424,31.5755519866943,29.2842102050781,29.9704647064209,27.9848976135254,-9999,-9999,-9999,-9999,-9999,-9999,-9999,-9999,-9999,-9999,-9999,-9999,-9999,-9999,-9999
-9999,-9999,-9999,-9999,25.0569858551025,26.7025527954102,26.192008972168,26.0053291320801,25.8596630096436,25.8120975494385,26.9000301361084,31.2863121032715,34.8100166320801,37.4435653686523,38.3374137878418,37.3297386169434,38.308765411377,40.490234375,40.7125053405762,40.185661315918,39.7100524902344,39.2228317260742,40.3437042236328,41.3368873596191,41.4275741577148,41.4729995727539,41.3610916137695,41.2104835510254,41.0282287597656,40.7775115966797,40.4987144470215,40.2106781005859,39.9225959777832,39.6087341308594,39.3067092895508,39.8907241821289,40.5791282653809,40.4943161010742,40.3944358825684,40.1898384094238,40.0223426818848,39.9921112060547,40.0028800964355,40.0905494689941,40.1313095092773,40.1292877197266,40.0047912597656,39.8022270202637,39.8665237426758,40.0014495849609,40.0451354980469,40.0749282836914,40.0565910339355,40.054443359375,-9999,-9999,-9999,-9999,-9999,-9999,-9999,-9999,-9999,-9999,-9999,-9999,-9999,-9999,-9999,-9999,-9999,-9999,-9999,-9999,-9999,-9999,-9999,-9999,-9999,-9999,-9999,-9999,-9999,-9999,-9999,-9999,-9999,-9999,-9999,-9999,-9999,-9999,-9999,-9999,-9999,37.4942207336426,37.5250396728516,37.664493560791,37.6469306945801,37.1592750549316,36.8171463012695,36.6104049682617,34.3806266784668,30.012357711792,27.8230323791504,26.747579574585,22.8946285247803,17.9306716918945,22.9872703552246,28.3478565216064,29.9176921844482,31.278450012207,30.9994735717773,22.4004364013672,22.6230449676514,28.1293144226074,28.8233833312988,-9999,-9999,-9999,-9999,-9999,-9999,-9999,-9999,-9999,-9999,-9999,-9999,-9999,-9999
-9999,-9999,-9999,-9999,30.5500812530518,28.3392238616943,27.3511638641357,25.8604507446289,26.2240200042725,28.1514358520508,30.4857139587402,33.5609970092773,36.1347732543945,38.1267395019531,39.1362457275391,39.2304039001465,39.6740837097168,40.3632736206055,40.1869735717773,39.6966743469238,39.9583549499512,40.3459625244141,40.742919921875,41.0943183898926,41.1075286865234,41.10791015625,41.0644378662109,40.9857406616211,40.8450393676758,40.668285369873,40.4563217163086,40.2629699707031,40.0835800170898,39.9285125732422,39.7768249511719,39.9822120666504,40.2293510437012,40.0286407470703,39.8169784545898,39.529125213623,39.2838859558105,39.1726989746094,39.1076278686523,39.1144905090332,39.1147689819336,39.108512878418,39.0291442871094,-9999,-9999,-9999,-9999,-9999,-9999,-9999,-9999,-9999,-9999,-9999,-9999,-9999,-9999,-9999,-9999,-9999,-9999,-9999,-9999,-9999,-9999,-9999,-9999,-9999,-9999,-9999,-9999,-9999,-9999,-9999,-9999,-9999,-9999,-9999,-9999,-9999,-9999,-9999,-9999,-9999,-9999,-9999,-9999,-9999,-9999,-9999,-9999,-9999,37.1298561096191,37.2448348999023,37.2867622375488,37.117748260498,36.6604118347168,35.6686592102051,33.4064636230469,29.8015975952148,27.8260459899902,26.7510452270508,22.236873626709,16.0605621337891,19.6159763336182,23.5375347137451,25.072301864624,26.5209789276123,27.1989059448242,28.1384963989258,21.629545211792,26.8779067993164,24.8228244781494,-9999,-9999,-9999,-9999,-9999,-9999,-9999,-9999,-9999,-9999,-9999,-9999,-9999,-9999
-9999,-9999,-9999,-9999,-9999,30.6781940460205,28.7116394042969,28.6544036865234,27.6156406402588,31.2221012115479,34.1057739257813,35.9563827514648,37.5311126708984,38.7466583251953,39.6885719299316,40.3877983093262,40.3697204589844,39.8357963562012,39.5056533813477,39.2502136230469,-9999,-9999,-9999,-9999,-9999,-9999,-9999,-9999,-9999,-9999,-9999,-9999,-9999,40.0070266723633,39.962085723877,39.8513031005859,39.7312469482422,39.4365997314453,-9999,-9999,-9999,-9999,-9999,-9999,-9999,-9999,-9999,-9999,-9999,-9999,-9999,-9999,-9999,-9999,-9999,-9999,-9999,-9999,-9999,-9999,-9999,-9999,-9999,-9999,-9999,-9999,-9999,-9999,-9999,-9999,-9999,-9999,-9999,-9999,-9999,-9999,-9999,-9999,-9999,-9999,-9999,-9999,-9999,-9999,-9999,-9999,-9999,-9999,-9999,-9999,-9999,-9999,-9999,-9999,-9999,-9999,36.7418556213379,36.8531494140625,36.9581642150879,37.0554084777832,36.5781860351563,35.0915412902832,33.0334396362305,30.3092479705811,28.3802719116211,26.8311176300049,22.2111225128174,15.8931474685669,16.7536354064941,18.7658214569092,20.4466228485107,22.0045471191406,23.422155380249,24.7861824035645,24.7853584289551,22.2155494689941,-9999,-9999,-9999,-9999,-9999,-9999,-9999,-9999,-9999,-9999,-9999,-9999,-9999,-9999,-9999
-9999,-9999,-9999,-9999,-9999,30.3211994171143,30.3520889282227,30.9876022338867,32.5456581115723,36.238956451416,38.9878883361816,39.4217529296875,39.8146362304688,40.4167022705078,40.6742820739746,40.5436744689941,40.1842575073242,39.6059532165527,-9999,-9999,-9999,-9999,-9999,-9999,-9999,-9999,-9999,-9999,-9999,-9999,-9999,-9999,-9999,-9999,-9999,-9999,-9999,-9999,-9999,-9999,-9999,-9999,-9999,-9999,-9999,-9999,-9999,-9999,-9999,-9999,-9999,-9999,-9999,-9999,-9999,-9999,-9999,-9999,-9999,-9999,-9999,-9999,-9999,-9999,-9999,-9999,-9999,-9999,-9999,-9999,-9999,-9999,-9999,-9999,-9999,-9999,-9999,-9999,-9999,-9999,-9999,-9999,-9999,-9999,-9999,-9999,-9999,-9999,-9999,-9999,-9999,-9999,-9999,-9999,-9999,-9999,-9999,36.612606048584,36.7857131958008,36.8903007507324,36.7959823608398,36.3627548217773,35.4366493225098,33.9422264099121,31.2449741363525,27.6400547027588,24.5185871124268,21.3876132965088,18.7752208709717,16.0263404846191,19.6096172332764,22.081636428833,20.5764007568359,20.4472198486328,21.5802326202393,19.0081329345703,-9999,-9999,-9999,-9999,-9999,-9999,-9999,-9999,-9999,-9999,-9999,-9999,-9999,-9999,-9999
-9999,-9999,30.8807468414307,30.4814300537109,30.6098651885986,30.0480918884277,30.6477336883545,33.6304359436035,36.3671417236328,39.4574394226074,41.6263847351074,41.2658004760742,41.0547981262207,41.2856597900391,41.0996704101563,40.4017105102539,39.7603378295898,-9999,-9999,-9999,-9999,-9999,-9999,-9999,-9999,-9999,-9999,-9999,-9999,-9999,-9999,-9999,-9999,-9999,-9999,-9999,-9999,-9999,-9999,-9999,-9999,-9999,-9999,-9999,-9999,-9999,-9999,-9999,-9999,-9999,-9999,-9999,-9999,-9999,-9999,-9999,-9999,-9999,-9999,-9999,-9999,-9999,-9999,-9999,-9999,-9999,-9999,-9999,-9999,-9999,-9999,-9999,-9999,-9999,-9999,-9999,-9999,-9999,-9999,-9999,-9999,-9999,-9999,-9999,-9999,-9999,-9999,-9999,-9999,-9999,-9999,-9999,-9999,-9999,-9999,-9999,-9999,36.3513603210449,36.5713081359863,36.6723899841309,36.836238861084,37.0955657958984,36.9704360961914,36.3927040100098,33.8373260498047,29.7604999542236,27.1037712097168,25.1047172546387,20.5618934631348,15.6955738067627,18.7984676361084,20.9955215454102,17.911169052124,16.9287128448486,21.1830024719238,17.6655330657959,-9999,-9999,-9999,-9999,-9999,-9999,-9999,-9999,-9999,-9999,-9999,-9999,-9999,-9999,-9999
-9999,-9999,-9999,-9999,30.6572208404541,30.2879600524902,30.7865180969238,35.1220283508301,39.0667533874512,40.1570663452148,40.7987899780273,40.6485252380371,40.5366706848145,40.6402206420898,40.3177337646484,39.4829483032227,-9999,-9999,-9999,-9999,-9999,-9999,-9999,-9999,-9999,-9999,-9999,-9999,-9999,-9999,-9999,-9999,-9999,-9999,-9999,-9999,-9999,-9999,-9999,-9999,-9999,-9999,-9999,-9999,-9999,-9999,-9999,-9999,-9999,-9999,-9999,-9999,-9999,-9999,-9999,-9999,-9999,-9999,-9999,-9999,-9999,-9999,-9999,-9999,-9999,-9999,-9999,-9999,-9999,-9999,-9999,-9999,-9999,-9999,-9999,-9999,-9999,-9999,-9999,-9999,-9999,-9999,-9999,-9999,-9999,-9999,-9999,-9999,-9999,-9999,-9999,-9999,-9999,-9999,-9999,-9999,-9999,36.0480575561523,36.267879486084,36.3365249633789,36.4887008666992,36.7695426940918,36.9460754394531,36.9747619628906,36.0242805480957,34.3634643554688,30.4525985717773,25.5568428039551,22.9248466491699,20.7067642211914,19.0676403045654,17.3161754608154,16.2102241516113,15.9389915466309,17.5040302276611,18.9367237091064,-9999,-9999,-9999,-9999,-9999,-9999,-9999,-9999,-9999,-9999,-9999,-9999,-9999,-9999,-9999
-9999,-9999,-9999,-9999,30.7994632720947,30.8882255554199,31.4381294250488,36.4948272705078,40.4417839050293,40.4778213500977,40.2678489685059,40.3644332885742,40.3475036621094,40.1470108032227,39.6115036010742,-9999,-9999,-9999,-9999,-9999,-9999,-9999,-9999,-9999,-9999,-9999,-9999,-9999,-9999,-9999,-9999,-9999,-9999,-9999,-9999,-9999,-9999,-9999,-9999,-9999,-9999,-9999,-9999,-9999,-9999,-9999,-9999,-9999,-9999,-9999,-9999,-9999,-9999,-9999,-9999,-9999,-9999,-9999,-9999,-9999,-9999,-9999,-9999,-9999,-9999,-9999,-9999,-9999,-9999,-9999,-9999,-9999,-9999,-9999,-9999,-9999,-9999,-9999,-9999,-9999,-9999,-9999,-9999,-9999,-9999,-9999,-9999,-9999,-9999,-9999,-9999,-9999,-9999,-9999,-9999,-9999,-9999,35.703182220459,35.9313812255859,35.974308013916,36.085578918457,36.297550201416,36.5522346496582,36.8420486450195,36.7532577514648,36.3732452392578,32.1137008666992,25.9551525115967,24.2807922363281,23.019380569458,18.5305442810059,14.3287305831909,15.182879447937,15.8991756439209,15.909969329834,16.6237545013428,13.6946582794189,-9999,-9999,-9999,-9999,-9999,-9999,-9999,-9999,-9999,-9999,-9999,-9999,-9999,-9999
-9999,-9999,-9999,-9999,31.1258430480957,31.1322956085205,32.060977935791,36.7147521972656,40.4062576293945,40.4186668395996,40.2325782775879,40.5660095214844,40.5675506591797,39.8642997741699,39.018383026123,-9999,-9999,-9999,-9999,-9999,-9999,-9999,-9999,-9999,-9999,-9999,-9999,-9999,-9999,-9999,-9999,-9999,-9999,-9999,-9999,-9999,-9999,-9999,-9999,-9999,-9999,-9999,-9999,-9999,-9999,-9999,-9999,-9999,-9999,-9999,-9999,-9999,-9999,-9999,-9999,-9999,-9999,-9999,-9999,-9999,-9999,-9999,-9999,-9999,-9999,-9999,-9999,-9999,-9999,-9999,-9999,-9999,-9999,-9999,-9999,-9999,-9999,-9999,-9999,-9999,-9999,-9999,-9999,-9999,-9999,-9999,-9999,-9999,-9999,-9999,-9999,-9999,-9999,-9999,-9999,-9999,-9999,35.3051834106445,35.5534782409668,35.5797805786133,35.6072387695313,35.6269302368164,35.6719818115234,35.7385292053223,35.7043685913086,35.5762405395508,31.7206039428711,26.1567192077637,24.3193855285645,22.9788417816162,17.3749542236328,12.7748374938965,15.1349830627441,16.7691688537598,17.1904029846191,17.8693675994873,18.7595310211182,13.9528045654297,-9999,-9999,-9999,-9999,-9999,-9999,-9999,-9999,-9999,-9999,-9999,-9999,-9999
-9999,-9999,-9999,-9999,26.6867408752441,31.1166019439697,32.2414016723633,35.8082656860352,38.9259757995605,39.1306304931641,39.1888275146484,40.0736122131348,40.3733711242676,39.5387687683105,-9999,-9999,-9999,-9999,-9999,-9999,-9999,-9999,-9999,-9999,-9999,-9999,-9999,-9999,-9999,-9999,-9999,-9999,-9999,-9999,-9999,-9999,-9999,-9999,-9999,-9999,-9999,-9999,-9999,-9999,-9999,-9999,-9999,-9999,-9999,-9999,-9999,-9999,-9999,-9999,-9999,-9999,-9999,-9999,-9999,-9999,-9999,-9999,-9999,-9999,-9999,-9999,-9999,-9999,-9999,-9999,-9999,-9999,-9999,-9999,-9999,-9999,-9999,-9999,-9999,-9999,-9999,-9999,-9999,-9999,-9999,-9999,-9999,-9999,-9999,-9999,-9999,-9999,-9999,-9999,-9999,-9999,-9999,34.8706474304199,35.1371231079102,35.1782302856445,35.175422668457,35.0909576416016,35.0872573852539,35.1627998352051,34.992374420166,34.6659774780273,32.4564094543457,29.5012550354004,26.3557949066162,22.8633193969727,18.5598011016846,14.6936540603638,15.3807544708252,15.9936475753784,16.4303092956543,17.3931522369385,18.2605953216553,18.9129867553711,16.7570171356201,16.7492008209229,-9999,-9999,-9999,-9999,-9999,-9999,-9999,-9999,-9999,-9999,-9999
-9999,-9999,-9999,-9999,29.2031898498535,31.3868103027344,32.5568809509277,34.3130073547363,36.0368309020996,36.6527252197266,37.3137016296387,39.0249328613281,39.8621673583984,39.180965423584,-9999,-9999,-9999,-9999,-9999,-9999,-9999,-9999,-9999,-9999,-9999,-9999,-9999,-9999,-9999,-9999,-9999,-9999,-9999,-9999,-9999,-9999,-9999,-9999,-9999,-9999,-9999,-9999,-9999,-9999,-9999,-9999,-9999,-9999,-9999,-9999,-9999,-9999,-9999,-9999,-9999,-9999,-9999,-9999,-9999,-9999,-9999,-9999,-9999,-9999,-9999,-9999,-9999,-9999,-9999,-9999,-9999,-9999,-9999,-9999,-9999,-9999,-9999,-9999,-9999,-9999,-9999,-9999,-9999,-9999,-9999,-9999,-9999,-9999,-9999,-9999,-9999,-9999,-9999,-9999,-9999,-9999,-9999,-9999,34.6889457702637,34.7696342468262,34.7779884338379,34.6613121032715,34.7392616271973,35.0067329406738,34.5544929504395,33.6363983154297,33.942684173584,34.5370063781738,29.5793151855469,23.139139175415,21.0732288360596,18.9885692596436,15.8514642715454,13.6108198165894,14.2308797836304,15.5571136474609,17.659875869751,18.8262519836426,18.6429138183594,-9999,-9999,-9999,-9999,-9999,-9999,-9999,-9999,-9999,-9999,-9999,-9999
-9999,-9999,-9999,-9999,28.6739559173584,30.6563835144043,30.557918548584,31.3663368225098,32.6073989868164,34.7297325134277,36.8919296264648,38.2718658447266,38.9609489440918,38.7325706481934,-9999,-9999,-9999,-9999,-9999,-9999,-9999,-9999,-9999,-9999,-9999,-9999,-9999,-9999,-9999,-9999,-9999,-9999,-9999,-9999,-9999,-9999,-9999,-9999,-9999,-9999,-9999,-9999,-9999,-9999,-9999,-9999,-9999,-9999,-9999,-9999,-9999,-9999,-9999,-9999,-9999,-9999,-9999,-9999,-9999,-9999,-9999,-9999,-9999,-9999,-9999,-9999,-9999,-9999,-9999,-9999,-9999,-9999,-9999,-9999,-9999,-9999,-9999,-9999,-9999,-9999,-9999,-9999,-9999,-9999,-9999,-9999,-9999,-9999,-9999,-9999,-9999,-9999,-9999,-9999,-9999,-9999,-9999,-9999,34.2805709838867,34.3768119812012,34.3983688354492,34.2923469543457,34.4202156066895,34.7693939208984,34.5297393798828,33.9216766357422,34.784107208252,35.9627494812012,30.6307735443115,23.3992042541504,21.9666996002197,19.9998111724854,15.4573469161987,12.0177640914917,12.4460182189941,13.862133026123,16.9217796325684,23.4523162841797,31.8902072906494,29.6872692108154,34.5928955078125,-9999,-9999,-9999,-9999,-9999,-9999,-9999,-9999,-9999,-9999
-9999,-9999,-9999,-9999,-9999,22.0760269165039,28.0769786834717,29.1504783630371,28.7601776123047,33.3204307556152,36.8183975219727,37.476188659668,37.8499298095703,38.2352256774902,-9999,-9999,-9999,-9999,-9999,-9999,-9999,-9999,-9999,-9999,-9999,-9999,-9999,-9999,-9999,-9999,-9999,-9999,-9999,-9999,-9999,-9999,-9999,-9999,-9999,-9999,-9999,-9999,-9999,-9999,-9999,-9999,-9999,-9999,-9999,-9999,-9999,-9999,-9999,-9999,-9999,-9999,-9999,-9999,-9999,-9999,-9999,-9999,-9999,-9999,-9999,-9999,-9999,-9999,-9999,-9999,-9999,-9999,-9999,-9999,-9999,-9999,-9999,-9999,-9999,-9999,-9999,-9999,-9999,-9999,-9999,-9999,-9999,-9999,-9999,-9999,-9999,-9999,-9999,-9999,-9999,-9999,-9999,-9999,33.8861618041992,33.9877014160156,34.0238342285156,33.9513092041016,34.1134567260742,34.4942779541016,34.6885108947754,34.7619667053223,35.4247055053711,36.1094093322754,30.7868041992188,23.7651538848877,22.1124992370605,19.8891620635986,14.9359188079834,11.0523834228516,10.7379245758057,12.2414445877075,16.2054557800293,22.9384174346924,31.5469741821289,34.0623359680176,35.5038719177246,32.376651763916,-9999,-9999,-9999,-9999,-9999,-9999,-9999,-9999,-9999
-9999,-9999,-9999,-9999,-9999,25.1720199584961,26.4671363830566,26.2329711914063,27.6063613891602,32.9606437683105,36.8118553161621,37.1648902893066,37.5522499084473,38.0377311706543,-9999,-9999,-9999,-9999,-9999,-9999,-9999,-9999,-9999,-9999,-9999,-9999,-9999,-9999,-9999,-9999,-9999,-9999,-9999,-9999,-9999,-9999,-9999,-9999,-9999,-9999,-9999,-9999,-9999,-9999,-9999,-9999,-9999,-9999,-9999,-9999,-9999,-9999,-9999,-9999,-9999,-9999,-9999,-9999,-9999,-9999,-9999,-9999,-9999,-9999,-9999,-9999,-9999,-9999,-9999,-9999,-9999,-9999,-9999,-9999,-9999,-9999,-9999,-9999,-9999,-9999,-9999,-9999,-9999,-9999,-9999,-9999,-9999,-9999,-9999,-9999,-9999,-9999,-9999,-9999,-9999,-9999,-9999,-9999,33.4985504150391,33.6078338623047,33.662540435791,33.6342506408691,33.7767868041992,34.0733299255371,34.2782325744629,34.4129486083984,35.1173553466797,35.8347549438477,30.780948638916,24.0340805053711,22.3306617736816,19.9931640625,14.7942914962769,10.8827981948853,11.5711574554443,13.5147333145142,17.0246562957764,22.5540542602539,28.9687747955322,33.288215637207,37.0658187866211,37.5758476257324,-9999,-9999,-9999,-9999,-9999,-9999,-9999,-9999,-9999
-9999,-9999,-9999,-9999,-9999,25.1209964752197,25.2183227539063,26.1378726959229,27.4394798278809,32.8595504760742,36.8869895935059,37.1021575927734,37.4212188720703,37.9030723571777,-9999,-9999,-9999,-9999,-9999,-9999,-9999,-9999,-9999,-9999,-9999,-9999,-9999,-9999,-9999,-9999,-9999,-9999,-9999,-9999,-9999,-9999,-9999,-9999,-9999,-9999,-9999,-9999,-9999,-9999,-9999,-9999,-9999,-9999,-9999,-9999,-9999,-9999,-9999,-9999,-9999,-9999,-9999,-9999,-9999,-9999,-9999,-9999,-9999,-9999,-9999,-9999,-9999,-9999,-9999,-9999,-9999,-9999,-9999,-9999,-9999,-9999,-9999,-9999,-9999,-9999,-9999,-9999,-9999,-9999,-9999,-9999,-9999,-9999,-9999,-9999,-9999,-9999,-9999,-9999,-9999,-9999,-9999,-9999,-9999,33.2254180908203,33.3005752563477,33.3207321166992,33.4318618774414,33.6206092834473,33.743106842041,33.803653717041,34.6403121948242,35.5174560546875,30.7160491943359,24.2994594573975,22.6295223236084,20.4160537719727,14.6669120788574,11.0198755264282,13.0530319213867,15.2489948272705,18.4187717437744,22.0004062652588,25.9027786254883,31.4712581634521,37.0248718261719,38.1107788085938,-9999,-9999,-9999,-9999,-9999,-9999,-9999,-9999,-9999
-9999,-9999,-9999,-9999,-9999,-9999,24.2222156524658,24.6800365447998,26.0269927978516,32.2098083496094,36.3881645202637,36.8389587402344,37.1640472412109,-9999,-9999,-9999,-9999,-9999,-9999,-9999,-9999,-9999,-9999,-9999,-9999,-9999,-9999,-9999,-9999,-9999,-9999,-9999,-9999,-9999,-9999,-9999,-9999,-9999,-9999,-9999,-9999,-9999,-9999,-9999,-9999,-9999,-9999,-9999,-9999,-9999,-9999,-9999,-9999,-9999,-9999,-9999,-9999,-9999,-9999,-9999,-9999,-9999,-9999,-9999,-9999,-9999,-9999,-9999,-9999,-9999,-9999,-9999,-9999,-9999,-9999,-9999,-9999,-9999,-9999,-9999,-9999,-9999,-9999,-9999,-9999,-9999,-9999,-9999,-9999,-9999,-9999,-9999,-9999,-9999,-9999,-9999,-9999,-9999,-9999,32.9554710388184,33.0559272766113,33.116382598877,33.2159309387207,33.3437728881836,33.6655769348145,34.0809173583984,34.602855682373,35.0009841918945,30.4676094055176,24.5789184570313,22.9762153625488,21.0784130096436,17.7895030975342,15.0014142990112,13.5837831497192,13.5394973754883,15.0169343948364,19.3522071838379,25.4530448913574,29.4383926391602,32.9402198791504,34.069953918457,-9999,-9999,-9999,-9999,-9999,-9999,-9999,-9999,-9999
-9999,-9999,-9999,-9999,-9999,-9999,22.9128894805908,22.5606498718262,24.5919876098633,31.210994720459,36.0482215881348,36.5581436157227,36.9049377441406,-9999,-9999,-9999,-9999,-9999,-9999,-9999,-9999,-9999,-9999,-9999,-9999,-9999,-9999,-9999,-9999,-9999,-9999,-9999,-9999,-9999,-9999,-9999,-9999,-9999,-9999,-9999,-9999,-9999,-9999,-9999,-9999,-9999,-9999,-9999,-9999,-9999,-9999,-9999,-9999,-9999,-9999,-9999,-9999,-9999,-9999,-9999,-9999,-9999,-9999,-9999,-9999,-9999,-9999,-9999,-9999,-9999,-9999,-9999,-9999,-9999,-9999,-9999,-9999,-9999,-9999,-9999,-9999,-9999,-9999,-9999,-9999,-9999,-9999,-9999,-9999,-9999,-9999,-9999,-9999,-9999,-9999,-9999,-9999,-9999,-9999,32.6991081237793,32.822208404541,32.9134864807129,33.001350402832,33.0785675048828,33.5877571105957,34.3309211730957,34.5520439147949,34.5052642822266,30.2473545074463,24.832633972168,23.3525695800781,21.8440494537354,20.6892242431641,18.6412487030029,14.1741275787354,11.3280687332153,11.3542966842651,16.4921684265137,24.9958419799805,27.7310371398926,27.7325248718262,23.9819755554199,17.6511001586914,15.9626865386963,-9999,-9999,-9999,-9999,-9999,-9999,-9999
-9999,-9999,-9999,-9999,-9999,-9999,21.5358448028564,21.8079948425293,23.0674571990967,30.2354774475098,35.2829513549805,36.0118179321289,36.6250648498535,-9999,-9999,-9999,-9999,-9999,-9999,-9999,-9999,-9999,-9999,-9999,-9999,-9999,-9999,-9999,-9999,-9999,-9999,-9999,-9999,-9999,-9999,-9999,-9999,-9999,-9999,-9999,-9999,-9999,-9999,-9999,-9999,-9999,-9999,-9999,-9999,-9999,-9999,-9999,-9999,-9999,-9999,-9999,-9999,-9999,-9999,-9999,-9999,-9999,-9999,-9999,-9999,-9999,-9999,-9999,-9999,-9999,-9999,-9999,-9999,-9999,-9999,-9999,-9999,-9999,-9999,-9999,-9999,-9999,-9999,-9999,-9999,-9999,-9999,-9999,-9999,-9999,-9999,-9999,-9999,-9999,-9999,-9999,-9999,-9999,-9999,32.5652084350586,32.6587104797363,32.6836814880371,32.7444229125977,32.8282623291016,33.3178596496582,34.029354095459,34.2586135864258,34.2668609619141,30.1593818664551,24.9723434448242,23.6074180603027,22.2244396209717,20.9909076690674,18.7234134674072,13.8560676574707,11.5310955047607,12.7936334609985,15.9551725387573,20.7149620056152,21.8687553405762,21.6482925415039,19.5907611846924,17.2857723236084,13.5257120132446,8.16585254669189,-9999,-9999,-9999,-9999,-9999,-9999
-9999,-9999,-9999,-9999,-9999,-9999,-9999,-9999,-9999,-9999,-9999,-9999,-9999,-9999,-9999,-9999,-9999,-9999,-9999,-9999,-9999,-9999,-9999,-9999,-9999,-9999,-9999,-9999,-9999,-9999,-9999,-9999,-9999,-9999,-9999,-9999,-9999,-9999,-9999,-9999,-9999,-9999,-9999,-9999,-9999,-9999,-9999,-9999,-9999,-9999,-9999,-9999,-9999,-9999,-9999,-9999,-9999,-9999,-9999,-9999,-9999,-9999,-9999,-9999,-9999,-9999,-9999,-9999,-9999,-9999,-9999,-9999,-9999,-9999,-9999,-9999,-9999,-9999,-9999,-9999,-9999,-9999,-9999,-9999,-9999,-9999,-9999,-9999,-9999,-9999,-9999,-9999,-9999,-9999,-9999,-9999,-9999,-9999,-9999,-9999,32.4836540222168,32.454029083252,32.4977226257324,32.600269317627,33.0835876464844,33.7759590148926,33.9926948547363,33.9808807373047,30.5911979675293,26.3936634063721,24.477237701416,22.5639171600342,21.2548866271973,18.9176635742188,13.9595890045166,11.7151775360107,13.7837114334106,15.2711248397827,16.3315658569336,15.9283285140991,14.6611413955688,15.1259727478027,15.9605102539063,9.79114437103271,7.61499214172363,3.01056551933289,-9999,-9999,-9999,-9999,-9999
-9999,-9999,-9999,-9999,-9999,-9999,-9999,-9999,-9999,-9999,-9999,-9999,-9999,-9999,-9999,-9999,-9999,-9999,-9999,-9999,-9999,-9999,-9999,-9999,-9999,-9999,-9999,-9999,-9999,-9999,-9999,-9999,-9999,-9999,-9999,-9999,-9999,-9999,-9999,-9999,-9999,-9999,-9999,-9999,-9999,-9999,-9999,-9999,-9999,-9999,-9999,-9999,-9999,-9999,-9999,-9999,-9999,-9999,-9999,-9999,-9999,-9999,-9999,-9999,-9999,-9999,-9999,-9999,-9999,-9999,-9999,-9999,-9999,-9999,-9999,-9999,-9999,-9999,-9999,-9999,-9999,-9999,-9999,-9999,-9999,-9999,-9999,-9999,-9999,-9999,-9999,-9999,-9999,-9999,-9999,-9999,-9999,-9999,-9999,-9999,32.2723159790039,32.231143951416,32.3000373840332,32.4661827087402,32.9895553588867,33.7056045532227,33.8769874572754,33.8105545043945,33.0286293029785,32.0367431640625,27.4279880523682,22.8246974945068,21.536319732666,19.1956882476807,13.843430519104,11.3743648529053,13.0889530181885,13.8344573974609,13.3962211608887,12.0998363494873,10.165641784668,9.67751693725586,9.72790241241455,6.86618995666504,3.39149141311646,3.27198219299316,2.77107429504395,-9999,-9999,-9999,-9999
-9999,-9999,-9999,-9999,-9999,-9999,-9999,-9999,-9999,-9999,-9999,-9999,-9999,-9999,-9999,-9999,-9999,-9999,-9999,-9999,-9999,-9999,-9999,-9999,-9999,-9999,-9999,-9999,-9999,-9999,-9999,-9999,-9999,-9999,-9999,-9999,-9999,-9999,-9999,-9999,-9999,-9999,-9999,-9999,-9999,-9999,-9999,-9999,-9999,-9999,-9999,-9999,-9999,-9999,-9999,-9999,-9999,-9999,-9999,-9999,-9999,-9999,-9999,-9999,-9999,-9999,-9999,-9999,-9999,-9999,-9999,-9999,-9999,-9999,-9999,-9999,-9999,-9999,-9999,-9999,-9999,-9999,-9999,-9999,-9999,-9999,-9999,-9999,-9999,-9999,-9999,-9999,-9999,-9999,-9999,-9999,-9999,-9999,-9999,-9999,32.0792083740234,32.0504302978516,32.1413154602051,32.3545227050781,32.795825958252,33.3594245910645,33.6143760681152,33.7000579833984,34.5322113037109,35.2470207214355,29.276725769043,23.0597858428955,21.8491058349609,19.5287551879883,14.2552032470703,11.3802690505981,12.6528148651123,12.302077293396,11.0074529647827,9.22097587585449,7.28236484527588,6.08158302307129,5.07090139389038,4.34936141967773,3.52880311012268,2.74095511436462,2.48580002784729,-9999,-9999,-9999,-9999
-9999,-9999,-9999,-9999,-9999,-9999,-9999,-9999,-9999,-9999,-9999,-9999,-9999,-9999,-9999,-9999,-9999,-9999,-9999,-9999,-9999,-9999,-9999,-9999,-9999,-9999,-9999,-9999,-9999,-9999,-9999,-9999,-9999,-9999,-9999,-9999,-9999,-9999,-9999,-9999,-9999,-9999,-9999,-9999,-9999,-9999,-9999,-9999,-9999,-9999,-9999,-9999,-9999,-9999,-9999,-9999,-9999,-9999,-9999,-9999,-9999,-9999,-9999,-9999,-9999,-9999,-9999,-9999,-9999,-9999,-9999,-9999,-9999,-9999,-9999,-9999,-9999,-9999,-9999,-9999,-9999,-9999,-9999,-9999,-9999,-9999,-9999,-9999,-9999,-9999,-9999,-9999,-9999,-9999,-9999,-9999,-9999,-9999,-9999,-9999,-9999,31.9474773406982,32.0670013427734,32.2903671264648,32.4120597839355,32.4712371826172,33.0550117492676,33.6936187744141,34.5956497192383,35.3143501281738,29.4050254821777,23.280632019043,22.1985187530518,19.9017543792725,14.5179758071899,11.6642236709595,12.3110256195068,11.6347417831421,9.59938716888428,8.44510078430176,7.77083110809326,6.29415416717529,3.79348945617676,3.29462957382202,2.9181022644043,2.52444195747375,2.24469757080078,-9999,-9999,3.36012506484985,3.50039196014404
-9999,-9999,-9999,-9999,-9999,-9999,-9999,-9999,-9999,-9999,-9999,-9999,-9999,-9999,-9999,-9999,-9999,-9999,-9999,-9999,-9999,-9999,-9999,-9999,-9999,-9999,-9999,-9999,-9999,-9999,-9999,-9999,-9999,-9999,-9999,-9999,-9999,-9999,-9999,-9999,-9999,-9999,-9999,-9999,-9999,-9999,-9999,-9999,-9999,-9999,-9999,-9999,-9999,-9999,-9999,-9999,-9999,-9999,-9999,-9999,-9999,-9999,-9999,-9999,-9999,-9999,-9999,-9999,-9999,-9999,-9999,-9999,-9999,-9999,-9999,-9999,-9999,-9999,-9999,-9999,-9999,-9999,-9999,-9999,-9999,-9999,-9999,-9999,-9999,-9999,-9999,-9999,-9999,-9999,-9999,-9999,-9999,-9999,-9999,-9999,-9999,-9999,32.0106735229492,32.187068939209,32.1440963745117,31.958812713623,32.6794967651367,33.5621490478516,34.5589218139648,35.3589935302734,29.582592010498,23.3263130187988,20.2106513977051,16.6467723846436,12.6125898361206,10.2940139770508,10.7854928970337,9.80833721160889,7.43337774276733,6.88104629516602,7.04834651947021,5.75343084335327,3.12283658981323,2.77125692367554,2.72644639015198,2.60666227340698,2.59620976448059,2.97851514816284,3.26748442649841,3.38050127029419,3.47493314743042
-9999,-9999,-9999,-9999,-9999,-9999,-9999,-9999,-9999,-9999,-9999,-9999,-9999,-9999,-9999,-9999,-9999,-9999,-9999,-9999,-9999,-9999,-9999,-9999,-9999,-9999,-9999,-9999,-9999,-9999,-9999,-9999,-9999,-9999,-9999,-9999,-9999,-9999,-9999,-9999,-9999,-9999,-9999,-9999,-9999,-9999,-9999,-9999,-9999,-9999,-9999,-9999,-9999,-9999,-9999,-9999,-9999,-9999,-9999,-9999,-9999,-9999,-9999,-9999,-9999,-9999,-9999,-9999,-9999,-9999,-9999,-9999,-9999,-9999,-9999,-9999,-9999,-9999,-9999,-9999,-9999,-9999,-9999,-9999,-9999,-9999,-9999,-9999,-9999,-9999,-9999,-9999,-9999,-9999,-9999,-9999,-9999,-9999,-9999,-9999,-9999,-9999,-9999,32.0433921813965,32.0065803527832,31.8901348114014,32.5012550354004,33.2100296020508,34.4267807006836,35.4354057312012,29.8610324859619,23.2225189208984,15.4097270965576,8.93886852264404,7.83639001846313,7.30837678909302,7.52959632873535,6.71383619308472,4.70282173156738,4.06497240066528,4.23218250274658,3.79802083969116,3.32160067558289,3.27034211158752,3.18887877464294,3.16477131843567,3.26204633712769,3.21322870254517,3.15184473991394,2.98891425132751,2.84796619415283
-9999,-9999,-9999,-9999,-9999,-9999,-9999,-9999,-9999,-9999,-9999,-9999,-9999,-9999,-9999,-9999,-9999,-9999,-9999,-9999,-9999,-9999,-9999,-9999,-9999,-9999,-9999,-9999,-9999,-9999,-9999,-9999,-9999,-9999,-9999,-9999,-9999,-9999,-9999,-9999,-9999,-9999,-9999,-9999,-9999,-9999,-9999,-9999,-9999,-9999,-9999,-9999,-9999,-9999,-9999,-9999,-9999,-9999,-9999,-9999,-9999,-9999,-9999,-9999,-9999,-9999,-9999,-9999,-9999,-9999,-9999,-9999,-9999,-9999,-9999,-9999,-9999,-9999,-9999,-9999,-9999,-9999,-9999,-9999,-9999,-9999,-9999,-9999,-9999,-9999,-9999,-9999,-9999,-9999,-9999,-9999,-9999,-9999,-9999,-9999,-9999,-9999,-9999,31.9075164794922,31.9549789428711,32.0323867797852,32.3890914916992,32.7446403503418,33.876781463623,34.8931427001953,29.7444019317627,23.3261337280273,13.6918535232544,6.12131357192993,6.58172178268433,6.7305121421814,6.95605373382568,5.94871044158936,3.51462149620056,2.7399697303772,3.00908041000366,3.24574327468872,3.29933977127075,3.22138547897339,3.22093462944031,3.19649457931519,3.32760977745056,2.92802238464355,4.48132705688477,9.5238618850708,15.0104455947876
-9999,-9999,-9999,-9999,-9999,-9999,-9999,-9999,-9999,-9999,-9999,-9999,-9999,-9999,-9999,-9999,-9999,-9999,-9999,-9999,-9999,-9999,-9999,-9999,-9999,-9999,-9999,-9999,-9999,-9999,-9999,-9999,-9999,-9999,-9999,-9999,-9999,-9999,-9999,-9999,-9999,-9999,-9999,-9999,-9999,-9999,-9999,-9999,-9999,-9999,-9999,-9999,-9999,-9999,-9999,-9999,-9999,-9999,-9999,-9999,-9999,-9999,-9999,-9999,-9999,-9999,-9999,-9999,-9999,-9999,-9999,-9999,-9999,-9999,-9999,-9999,-9999,-9999,-9999,-9999,-9999,-9999,-9999,-9999,-9999,-9999,-9999,-9999,-9999,-9999,-9999,-9999,-9999,-9999,-9999,-9999,-9999,-9999,-9999,-9999,-9999,-9999,-9999,-9999,31.9767246246338,32.3073959350586,32.4562377929688,32.5000038146973,33.0541305541992,33.9297676086426,29.3550186157227,23.0269393920898,13.2777681350708,6.48886156082153,7.32010126113892,7.52948522567749,7.72914028167725,6.52391004562378,3.66025733947754,2.50068521499634,2.54605460166931,2.62405467033386,2.59969687461853,2.51901984214783,2.49095225334167,2.39010858535767,2.4806694984436,2.13132834434509,6.64460945129395,20.1675548553467,30.8184852600098
-9999,-9999,-9999,-9999,-9999,-9999,-9999,-9999,-9999,-9999,-9999,-9999,-9999,-9999,-9999,-9999,-9999,-9999,-9999,-9999,-9999,-9999,-9999,-9999,-9999,-9999,-9999,-9999,-9999,-9999,-9999,-9999,-9999,-9999,-9999,-9999,-9999,-9999,-9999,-9999,-9999,-9999,-9999,-9999,-9999,-9999,-9999,-9999,-9999,-9999,-9999,-9999,-9999,-9999,-9999,-9999,-9999,-9999,-9999,-9999,-9999,-9999,-9999,-9999,-9999,-9999,-9999,-9999,-9999,-9999,-9999,-9999,-9999,-9999,-9999,-9999,-9999,-9999,-9999,-9999,-9999,-9999,-9999,-9999,-9999,-9999,-9999,-9999,-9999,-9999,-9999,-9999,-9999,-9999,-9999,-9999,-9999,-9999,-9999,-9999,-9999,-9999,-9999,-9999,-9999,-9999,32.2139320373535,32.118968963623,32.6748428344727,33.2379722595215,30.3365917205811,25.9207668304443,18.8332748413086,13.2545003890991,11.5037775039673,10.4672660827637,10.6897640228271,9.90150356292725,8.0689172744751,8.87390041351318,10.928689956665,11.157075881958,10.5904188156128,11.8308324813843,14.2235288619995,15.645583152771,16.6020526885986,16.0641956329346,18.3679885864258,26.1898365020752,32.6647033691406
-9999,-9999,-9999,-9999,-9999,-9999,-9999,-9999,-9999,-9999,-9999,-9999,-9999,-9999,-9999,-9999,-9999,-9999,-9999,-9999,-9999,-9999,-9999,-9999,-9999,-9999,-9999,-9999,-9999,-9999,-9999,-9999,-9999,-9999,-9999,-9999,-9999,-9999,-9999,-9999,-9999,-9999,-9999,-9999,-9999,-9999,-9999,-9999,-9999,-9999,-9999,-9999,-9999,-9999,-9999,-9999,-9999,-9999,-9999,-9999,-9999,-9999,-9999,-9999,-9999,-9999,-9999,-9999,-9999,-9999,-9999,-9999,-9999,-9999,-9999,-9999,-9999,-9999,-9999,-9999,-9999,-9999,-9999,-9999,-9999,-9999,-9999,-9999,-9999,-9999,-9999,-9999,-9999,-9999,-9999,-9999,-9999,-9999,-9999,-9999,-9999,-9999,-9999,-9999,-9999,-9999,-9999,-9999,31.913875579834,32.168815612793,31.881046295166,31.1736907958984,27.6025695800781,23.1772384643555,17.7966709136963,14.6946477890015,15.3377237319946,15.4885740280151,14.4676580429077,17.6607303619385,22.5778923034668,22.8669948577881,22.0225601196289,24.798900604248,27.6460876464844,29.9200878143311,31.5799007415771,31.0048542022705,30.5987911224365,30.5721092224121,-9999
-9999,-9999,-9999,-9999,-9999,-9999,-9999,-9999,-9999,-9999,-9999,-9999,-9999,-9999,-9999,-9999,-9999,-9999,-9999,-9999,-9999,-9999,-9999,-9999,-9999,-9999,-9999,-9999,-9999,-9999,-9999,-9999,-9999,-9999,-9999,-9999,-9999,-9999,-9999,-9999,-9999,-9999,-9999,-9999,-9999,-9999,-9999,-9999,-9999,-9999,-9999,-9999,-9999,-9999,-9999,-9999,-9999,-9999,-9999,-9999,-9999,-9999,-9999,-9999,-9999,-9999,-9999,-9999,-9999,-9999,-9999,-9999,-9999,-9999,-9999,-9999,-9999,-9999,-9999,-9999,-9999,-9999,-9999,-9999,-9999,-9999,-9999,-9999,-9999,-9999,-9999,-9999,-9999,-9999,-9999,-9999,-9999,-9999,-9999,-9999,-9999,-9999,-9999,-9999,-9999,-9999,-9999,-9999,-9999,-9999,31.6485576629639,31.4447498321533,29.6239986419678,27.4784679412842,24.5862884521484,22.8208198547363,22.9427261352539,22.7678527832031,22.3203525543213,23.9836311340332,26.5723190307617,26.7735462188721,26.3745670318604,27.8503341674805,29.3995227813721,30.6836128234863,31.6342010498047,31.2470512390137,-9999,-9999,-9999
-9999,-9999,-9999,-9999,-9999,-9999,-9999,-9999,-9999,-9999,-9999,-9999,-9999,-9999,-9999,-9999,-9999,-9999,-9999,-9999,-9999,-9999,-9999,-9999,-9999,-9999,-9999,-9999,-9999,-9999,-9999,-9999,-9999,-9999,-9999,-9999,-9999,-9999,-9999,-9999,-9999,-9999,-9999,-9999,-9999,-9999,-9999,-9999,-9999,-9999,-9999,-9999,-9999,-9999,-9999,-9999,-9999,-9999,-9999,-9999,-9999,-9999,-9999,-9999,-9999,-9999,-9999,-9999,-9999,-9999,-9999,-9999,-9999,-9999,-9999,-9999,-9999,-9999,-9999,-9999,-9999,-9999,-9999,-9999,-9999,-9999,-9999,-9999,-9999,-9999,-9999,-9999,-9999,-9999,-9999,-9999,-9999,-9999,-9999,-9999,-9999,-9999,-9999,-9999,-9999,-9999,-9999,-9999,-9999,-9999,-9999,-9999,-9999,-9999,-9999,-9999,-9999,-9999,-9999,-9999,-9999,-9999,-9999,-9999,-9999,-9999,-9999,-9999,-9999,-9999,-9999
-9999,-9999,-9999,-9999,-9999,-9999,-9999,-9999,-9999,-9999,-9999,-9999,-9999,-9999,-9999,-9999,-9999,-9999,-9999,-9999,-9999,-9999,-9999,-9999,-9999,-9999,-9999,-9999,-9999,-9999,-9999,-9999,-9999,-9999,-9999,-9999,-9999,-9999,-9999,-9999,-9999,-9999,-9999,-9999,-9999,-9999,-9999,-9999,-9999,-9999,-9999,-9999,-9999,-9999,-9999,-9999,-9999,-9999,-9999,-9999,-9999,-9999,-9999,-9999,-9999,-9999,-9999,-9999,-9999,-9999,-9999,-9999,-9999,-9999,-9999,-9999,-9999,-9999,-9999,-9999,-9999,-9999,-9999,-9999,-9999,-9999,-9999,-9999,-9999,-9999,-9999,-9999,-9999,-9999,-9999,-9999,-9999,-9999,-9999,-9999,-9999,-9999,-9999,-9999,-9999,-9999,-9999,-9999,-9999,-9999,-9999,-9999,-9999,-9999,-9999,-9999,-9999,-9999,-9999,-9999,-9999,-9999,-9999,-9999,-9999,-9999,-9999,-9999,-9999,-9999,-9999

